2948 299 1539
299 1539 2948
1539 299 2948
1668 1690 2910
2910 1668 1690
1690 1668 2910
15 1113 2188
2188 15 1113
1113 15 2188
1967 78 1337
78 1337 1967
1337 78 1967
1998 686 2532
2532 686 1998
686 1998 2532
702 560 2198
560 702 2198
2198 560 702
2531 27 2746
27 2531 2746
2746 27 2531
1912 1273 2678
1273 1912 2678
2678 1273 1912
823 395 2661
2661 395 823
395 823 2661
1544 512 2950
2950 512 1544
512 1544 2950
413 1259 1469
1259 413 1469
1469 413 1259
1124 1724 2584
2584 1124 1724
1724 1124 2584
153 1917 2617
1917 153 2617
2617 153 1917
2580 1990 2172
1990 2172 2580
2172 1990 2580
479 1918 1944
1918 479 1944
1944 479 1918
2671 717 2771
717 2671 2771
2771 717 2671
1490 182 1098
182 1098 1490
1098 182 1490
2387 1024 1403
1403 1024 2387
1024 1403 2387
2842 897 1895
897 1895 2842
1895 897 2842
687 771 1433
1433 687 771
771 687 1433
2013 803 1089
803 1089 2013
1089 803 2013
646 1297 1595
1595 646 1297
1297 646 1595
2595 1521 2423
1521 2423 2595
2423 1521 2595
1817 1619 1802
1619 1802 1817
1802 1619 1817
2935 874 1452
874 1452 2935
1452 874 2935
1184 63 2460
2460 63 1184
63 1184 2460
2618 1261 2608
1261 2608 2618
2608 1261 2618
933 41 911
911 41 933
41 911 933
2058 668 1601
668 1601 2058
1601 668 2058
2133 364 2212
2212 364 2133
364 2133 2212
1398 1840 2306
1840 1398 2306
2306 1398 1840
1210 1235 2081
1235 1210 2081
2081 1210 1235
1331 2445 2605
2605 1331 2445
2445 1331 2605
2540 604 2808
604 2540 2808
2808 604 2540
1624 210 1050
1050 210 1624
210 1050 1624
2637 1266 2043
1266 2043 2637
2043 1266 2637
1855 219 2487
219 1855 2487
2487 219 1855
103 1120 1683
1120 103 1683
1683 103 1120
1031 140 2406
2406 140 1031
140 1031 2406
2811 194 1819
1819 194 2811
194 1819 2811
2702 83 1744
83 1744 2702
1744 83 2702
475 489 1232
489 475 1232
1232 475 489
2296 876 2083
2083 876 2296
876 2083 2296
2529 1135 2768
1135 2529 2768
2768 1135 2529
1401 224 1423
224 1401 1423
1423 224 1401
1013 1907 1913
1913 1013 1907
1907 1013 1913
353 633 2521
633 353 2521
2521 353 633
1528 2173 2363
2173 1528 2363
2363 1528 2173
273 484 2789
2789 273 484
484 273 2789
974 1537 2034
1537 974 2034
2034 974 1537
1171 420 1125
420 1125 1171
1125 420 1171
698 164 2634
164 698 2634
2634 164 698
400 998 1325
1325 400 998
998 400 1325
556 1461 2660
2660 556 1461
1461 556 2660
1193 486 2142
2142 486 1193
486 1193 2142
625 2426 2701
2426 625 2701
2701 625 2426
1264 77 1441
1441 77 1264
77 1264 1441
2139 976 1755
1755 976 2139
976 1755 2139
2019 199 815
815 199 2019
199 815 2019
913 1672 1942
1942 913 1672
1672 913 1942
691 860 2105
860 691 2105
2105 691 860
2140 987 1300
1300 987 2140
987 1300 2140
1011 1898 2451
1898 1011 2451
2451 1011 1898
1809 525 2134
2134 525 1809
525 1809 2134
1870 351 927
927 351 1870
351 927 1870
757 2736 2802
2802 757 2736
2736 757 2802
2281 1842 2522
2522 1842 2281
1842 2281 2522
2657 1442 2865
2865 1442 2657
1442 2657 2865
2573 1354 1727
1727 1354 2573
1354 1727 2573
108 853 1407
853 108 1407
1407 108 853
1334 171 1215
1215 171 1334
171 1215 1334
1978 1434 2471
2471 1434 1978
1434 1978 2471
349 1126 2238
1126 349 2238
2238 349 1126
2957 549 2517
2517 549 2957
549 2517 2957
999 281 303
303 281 999
281 303 999
2754 275 2783
275 2754 2783
2783 275 2754
2477 789 2716
2716 789 2477
789 2477 2716
2194 12 192
12 192 2194
192 12 2194
522 477 1829
1829 477 522
477 522 1829
1899 1268 2972
1268 1899 2972
2972 1268 1899
941 389 1693
389 941 1693
1693 389 941
2474 117 2676
2676 117 2474
117 2474 2676
955 1219 1822
1219 955 1822
1822 955 1219
1554 565 1332
565 1332 1554
1332 565 1554
685 862 1594
862 685 1594
1594 685 862
1633 1363 2782
2782 1363 1633
1363 1633 2782
431 695 743
743 431 695
695 431 743
2432 97 2098
97 2098 2432
2098 97 2432
377 912 2230
2230 377 912
912 377 2230
1766 1881 2418
1881 1766 2418
2418 1766 1881
3000 1416 2405
1416 2405 3000
2405 1416 3000
1308 2518 2809
2518 1308 2809
2809 1308 2518
1816 1189 2482
2482 1189 1816
1189 1816 2482
697 1414 2674
1414 697 2674
2674 697 1414
2927 2123 2710
2710 2123 2927
2123 2710 2927
1170 1455 2988
2988 1170 1455
1455 1170 2988
1989 1158 1236
1236 1158 1989
1158 1236 1989
1062 2050 2831
2050 1062 2831
2831 1062 2050
2057 1290 2031
1290 2031 2057
2031 1290 2057
2276 660 2389
660 2276 2389
2389 660 2276
1868 568 2999
568 1868 2999
2999 568 1868
1012 712 1867
1867 712 1012
712 1012 1867
1355 1333 2510
1333 1355 2510
2510 1333 1355
1903 1910 2237
2237 1903 1910
1910 1903 2237
707 2251 2726
2726 707 2251
2251 707 2726
434 75 307
307 75 434
75 307 434
1054 401 694
401 694 1054
694 401 1054
2145 13 855
855 13 2145
13 855 2145
1438 767 952
767 952 1438
952 767 1438
226 464 2539
2539 226 464
464 226 2539
2340 87 134
134 87 2340
87 134 2340
1545 381 2266
2266 381 1545
381 1545 2266
4 1292 1547
1292 4 1547
1547 4 1292
1084 2035 2778
2035 1084 2778
2778 1084 2035
2042 21 2492
2492 21 2042
21 2042 2492
741 2261 2569
2569 741 2261
2261 741 2569
1384 375 1476
1476 375 1384
375 1384 1476
887 2061 2070
2070 887 2061
2061 887 2070
1257 1071 2894
2894 1071 1257
1071 1257 2894
1314 1195 2073
2073 1195 1314
1195 1314 2073
1646 250 2741
2741 250 1646
250 1646 2741
1679 510 2178
2178 510 1679
510 1679 2178
2117 1604 2692
1604 2117 2692
2692 1604 2117
1985 1357 2995
1357 1985 2995
2995 1357 1985
335 920 1310
1310 335 920
920 335 1310
2089 1754 2715
2715 1754 2089
1754 2089 2715
1110 100 1772
1772 100 1110
100 1110 1772
2673 777 2080
2080 777 2673
777 2080 2673
2324 1496 2419
1496 2324 2419
2419 1496 2324
2174 626 2632
626 2174 2632
2632 626 2174
28 1287 2277
1287 28 2277
2277 28 1287
2380 2239 2369
2239 2369 2380
2369 2239 2380
558 225 1010
1010 225 558
225 558 1010
2919 1792 2934
2934 1792 2919
1792 2919 2934
2722 1240 1360
1360 1240 2722
1240 1360 2722
1056 313 2124
2124 313 1056
313 1056 2124
2844 810 2905
2905 810 2844
810 2844 2905
1606 238 1636
238 1606 1636
1636 238 1606
1322 308 2143
2143 308 1322
308 1322 2143
2344 1239 2983
1239 2344 2983
2983 1239 2344
241 732 2747
2747 241 732
732 241 2747
494 504 642
504 494 642
642 494 504
1661 1454 2109
1454 1661 2109
2109 1454 1661
1525 1736 2525
2525 1525 1736
1736 1525 2525
1450 665 2611
2611 665 1450
665 1450 2611
2308 157 2301
157 2301 2308
2301 157 2308
1105 44 1253
44 1105 1253
1253 44 1105
485 1836 1954
1836 485 1954
1954 485 1836
932 1656 1896
1896 932 1656
1656 932 1896
1134 578 2252
578 1134 2252
2252 578 1134
2604 67 158
158 67 2604
67 158 2604
1994 2399 2890
2890 1994 2399
2399 1994 2890
2222 1919 2170
1919 2170 2222
2170 1919 2222
354 1079 2196
2196 354 1079
1079 354 2196
531 1648 1655
1655 531 1648
1648 531 1655
1285 438 840
438 840 1285
840 438 1285
1592 891 1615
891 1592 1615
1615 891 1592
178 619 761
761 178 619
619 178 761
2683 872 2624
2624 872 2683
872 2624 2683
443 1698 2812
1698 443 2812
2812 443 1698
119 2444 2473
2473 119 2444
2444 119 2473
332 799 1276
799 332 1276
1276 332 799
1676 126 1495
1495 126 1676
126 1495 1676
1085 2049 2466
2049 1085 2466
2466 1085 2049
1015 1309 1599
1599 1015 1309
1309 1015 1599
245 237 1864
1864 237 245
237 245 1864
66 942 1191
942 66 1191
1191 66 942
1238 518 2900
2900 518 1238
518 1238 2900
166 154 1853
154 166 1853
1853 154 166
1964 664 1813
1813 664 1964
664 1813 1964
1444 1129 2526
2526 1129 1444
1129 1444 2526
2454 701 2085
701 2085 2454
2085 701 2454
263 779 2327
2327 263 779
779 263 2327
1811 301 1128
301 1128 1811
1128 301 1811
2181 141 2885
141 2181 2885
2885 141 2181
1451 650 704
704 650 1451
650 704 1451
2069 1474 2138
2138 1474 2069
1474 2069 2138
1608 958 1837
1837 958 1608
958 1608 1837
2800 1462 1494
1462 1494 2800
1494 1462 2800
1931 2335 2763
2335 1931 2763
2763 1931 2335
2824 269 2154
2154 269 2824
269 2154 2824
2197 260 588
588 260 2197
260 588 2197
554 333 2718
2718 333 554
333 554 2718
2253 538 1141
538 1141 2253
1141 538 2253
1535 663 2388
663 1535 2388
2388 663 1535
1742 99 1948
99 1742 1948
1948 99 1742
1993 45 2884
2884 45 1993
45 1993 2884
429 234 1204
234 429 1204
1204 234 429
2602 249 1464
249 1464 2602
1464 249 2602
990 606 2914
606 990 2914
2914 606 990
2724 618 648
618 648 2724
648 618 2724
1531 1448 1852
1448 1531 1852
1852 1448 1531
1146 1617 2858
1617 1146 2858
2858 1146 1617
2876 784 2918
2918 784 2876
784 2876 2918
2643 386 1775
386 1775 2643
1775 386 2643
1163 311 778
311 778 1163
778 311 1163
1808 895 2114
895 1808 2114
2114 895 1808
1888 2044 2318
2044 1888 2318
2318 1888 2044
426 1797 1966
1797 426 1966
1966 426 1797
402 296 1673
296 402 1673
1673 296 402
2533 1844 2260
2260 1844 2533
1844 2260 2533
551 795 1782
795 551 1782
1782 551 795
2169 1066 1140
1066 1140 2169
1140 1066 2169
2926 1859 2063
2063 1859 2926
1859 2063 2926
162 2180 2379
2180 162 2379
2379 162 2180
161 1118 2766
1118 161 2766
2766 161 1118
519 1805 2848
1805 519 2848
2848 519 1805
1527 1628 1678
1678 1527 1628
1628 1527 1678
47 523 1303
523 47 1303
1303 47 523
699 274 454
454 274 699
274 454 699
581 435 2686
2686 435 581
435 581 2686
2439 898 1370
898 1370 2439
1370 898 2439
806 319 1866
319 806 1866
1866 319 806
652 2430 2527
2527 652 2430
2430 652 2527
716 465 1760
465 716 1760
1760 465 716
302 1591 2744
1591 302 2744
2744 302 1591
1848 267 2052
267 1848 2052
2052 267 1848
2591 726 2456
726 2456 2591
2456 726 2591
848 11 2272
2272 11 848
11 848 2272
570 514 666
514 570 666
666 514 570
2065 915 2833
915 2065 2833
2833 915 2065
2000 1274 1408
1274 1408 2000
1408 1274 2000
2614 2048 2095
2048 2095 2614
2095 2048 2614
2590 1096 2875
1096 2590 2875
2875 1096 2590
722 2581 2727
2727 722 2581
2581 722 2727
2523 929 2433
2433 929 2523
929 2433 2523
2796 563 602
563 602 2796
602 563 2796
2500 875 2720
2720 875 2500
875 2500 2720
2307 655 2441
2441 655 2307
655 2307 2441
1961 725 1048
1048 725 1961
725 1048 1961
969 186 2697
186 969 2697
2697 186 969
197 202 1374
1374 197 202
202 197 1374
419 1704 2672
2672 419 1704
1704 419 2672
2535 2255 2878
2255 2535 2878
2878 2255 2535
2607 8 2347
2347 8 2607
8 2347 2607
1291 1386 1572
1572 1291 1386
1386 1291 1572
2378 939 2896
939 2378 2896
2896 939 2378
230 51 2506
2506 51 230
51 230 2506
611 530 1582
530 611 1582
1582 530 611
2615 1030 1936
1936 1030 2615
1030 1936 2615
1072 1081 2653
1081 1072 2653
2653 1072 1081
2072 713 2192
713 2072 2192
2192 713 2072
827 417 635
417 635 827
635 417 827
1350 2176 2398
2398 1350 2176
2176 1350 2398
2201 1217 1269
1269 1217 2201
1217 1269 2201
1505 1947 2033
2033 1505 1947
1947 1505 2033
1205 819 2872
2872 819 1205
819 1205 2872
1352 331 2937
2937 331 1352
331 1352 2937
2600 1320 1596
1320 1596 2600
1596 1320 2600
774 478 2346
2346 478 774
478 774 2346
508 582 2834
2834 508 582
582 508 2834
1542 1001 2265
2265 1001 1542
1001 1542 2265
2902 122 2873
2873 122 2902
122 2873 2902
1634 2552 2628
2552 1634 2628
2628 1634 2552
916 1306 2553
1306 916 2553
2553 916 1306
2516 136 1795
1795 136 2516
136 1795 2516
2583 1949 2247
1949 2247 2583
2247 1949 2583
2843 934 1759
934 1759 2843
1759 934 2843
2860 1172 2047
2047 1172 2860
1172 2047 2860
858 2372 2962
2962 858 2372
2372 858 2962
903 130 2963
2963 130 903
130 903 2963
945 289 836
836 289 945
289 836 945
2292 1376 1699
1699 1376 2292
1376 1699 2292
1227 2068 2882
2068 1227 2882
2882 1227 2068
2742 1733 2191
1733 2191 2742
2191 1733 2742
831 1040 2656
1040 831 2656
2656 831 1040
889 864 2804
864 889 2804
2804 864 889
1791 1738 2020
1738 1791 2020
2020 1738 1791
591 189 1552
1552 189 591
189 591 1552
53 388 2849
2849 53 388
388 53 2849
2290 1080 1270
1270 1080 2290
1080 1270 2290
2781 1783 2745
1783 2745 2781
2745 1783 2781
613 548 2053
2053 548 613
548 613 2053
1424 2381 2991
2991 1424 2381
2381 1424 2991
2424 176 985
176 985 2424
985 176 2424
1241 324 1207
1207 324 1241
324 1207 1241
603 2021 2898
2021 603 2898
2898 603 2021
883 837 2967
2967 837 883
837 883 2967
1925 300 1197
1197 300 1925
300 1197 1925
2813 1610 1980
1610 1980 2813
1980 1610 2813
1691 472 480
480 472 1691
472 480 1691
2495 320 1579
1579 320 2495
320 1579 2495
1675 1659 1893
1659 1675 1893
1893 1659 1675
2186 940 2368
940 2186 2368
2368 940 2186
258 290 2202
290 258 2202
2202 258 290
73 1757 1834
1834 73 1757
1757 73 1834
1580 2568 2854
2854 1580 2568
2568 1580 2854
759 677 785
785 677 759
677 759 785
2794 450 2598
450 2598 2794
2598 450 2794
1815 432 2893
2893 432 1815
432 1815 2893
2888 1222 2125
2125 1222 2888
1222 2125 2888
583 545 1806
1806 545 583
545 583 1806
2228 251 1706
251 1706 2228
1706 251 2228
770 925 2329
925 770 2329
2329 770 925
1053 1430 1460
1430 1053 1460
1460 1053 1430
1522 1130 2629
2629 1130 1522
1130 1522 2629
1988 580 2348
2348 580 1988
580 1988 2348
367 116 2039
116 367 2039
2039 116 367
2904 461 1937
461 1937 2904
1937 461 2904
1347 865 1383
1383 865 1347
865 1347 1383
1051 2587 2976
2976 1051 2587
2587 1051 2976
2402 1830 2719
2719 1830 2402
1830 2402 2719
805 679 2045
2045 679 805
679 805 2045
1901 1630 2551
1630 1901 2551
2551 1630 1901
866 1112 1681
1112 866 1681
1681 866 1112
2706 2856 2949
2949 2706 2856
2856 2706 2949
1529 1549 2556
1549 1529 2556
2556 1529 1549
1559 246 520
246 520 1559
520 246 1559
2100 362 595
595 362 2100
362 595 2100
657 995 2547
995 657 2547
2547 657 995
385 322 2489
322 385 2489
2489 322 385
1718 1436 1761
1761 1436 1718
1436 1718 1761
26 271 1299
1299 26 271
271 26 1299
2434 397 2480
397 2434 2480
2480 397 2434
2883 441 1102
441 1102 2883
1102 441 2883
1100 390 2208
2208 390 1100
390 1100 2208
2077 29 2970
29 2077 2970
2970 29 2077
1541 355 2565
2565 355 1541
355 1541 2565
2319 1499 1803
1499 1803 2319
1803 1499 2319
766 325 1164
1164 325 766
325 766 1164
787 1114 1366
1114 787 1366
1366 787 1114
1794 72 2619
72 1794 2619
2619 72 1794
86 683 2733
683 86 2733
2733 86 683
1593 562 2245
2245 562 1593
562 1593 2245
2059 1359 1498
1359 1498 2059
1498 1359 2059
1122 966 1587
966 1122 1587
1587 966 1122
1417 800 2331
2331 800 1417
800 1417 2331
2549 1854 2287
1854 2287 2549
2287 1854 2549
2501 502 1162
502 1162 2501
1162 502 2501
1336 1362 2090
1362 1336 2090
2090 1336 1362
79 1487 1657
1487 79 1657
1657 79 1487
1561 2320 2903
2320 1561 2903
2903 1561 2320
2541 488 2213
2213 488 2541
488 2213 2541
2558 144 2639
144 2558 2639
2639 144 2558
654 384 599
384 599 654
599 384 654
1825 1982 2155
2155 1825 1982
1982 1825 2155
1387 2190 2216
2190 1387 2216
2216 1387 2190
59 1187 2819
1187 59 2819
2819 59 1187
138 948 1665
1665 138 948
948 138 1665
2932 50 639
50 639 2932
639 50 2932
1304 624 2644
624 1304 2644
2644 624 1304
1553 1410 2137
1410 1553 2137
2137 1410 1553
203 2897 2959
2959 203 2897
2897 203 2959
463 2051 2497
2497 463 2051
2051 463 2497
2470 285 1902
285 1902 2470
1902 285 2470
2985 444 1429
1429 444 2985
444 1429 2985
17 1483 1922
1922 17 1483
1483 17 1922
1150 1338 2054
1338 1150 2054
2054 1150 1338
2126 292 609
292 609 2126
609 292 2126
594 1367 1394
1367 594 1394
1394 594 1367
2391 1900 2732
1900 2391 2732
2732 1900 2391
1653 1206 2571
2571 1206 1653
1206 1653 2571
2280 25 539
539 25 2280
25 539 2280
1694 1078 1879
1078 1694 1879
1879 1078 1694
148 1711 1752
1752 148 1711
1711 148 1752
147 723 1647
723 147 1647
1647 147 723
2249 240 253
253 240 2249
240 253 2249
455 1548 2337
1548 455 2337
2337 455 1548
962 104 2776
2776 104 962
104 962 2776
1021 1878 2161
1878 1021 2161
2161 1021 1878
447 1920 2483
1920 447 2483
2483 447 1920
113 156 2135
156 113 2135
2135 113 156
2302 19 2597
2597 19 2302
19 2302 2597
2195 483 1934
1934 483 2195
483 1934 2195
632 1597 2641
1597 632 2641
2641 632 1597
1662 195 2780
2780 195 1662
195 1662 2780
1832 449 552
449 552 1832
552 449 1832
1669 247 1055
247 1055 1669
1055 247 1669
2975 1317 1790
1317 1790 2975
1790 1317 2975
2241 2916 2992
2992 2241 2916
2916 2241 2992
1774 856 1707
1707 856 1774
856 1707 1774
1953 98 188
98 188 1953
188 98 1953
1745 498 1023
1023 498 1745
498 1023 1745
1251 101 433
433 101 1251
101 433 1251
1497 200 2498
200 1497 2498
2498 200 1497
910 407 2606
407 910 2606
2606 407 910
2920 257 868
257 868 2920
868 257 2920
233 368 2333
2333 233 368
368 233 2333
849 572 2596
572 849 2596
2596 572 849
118 826 1677
1677 118 826
826 118 1677
984 793 2877
793 984 2877
2877 793 984
631 557 1768
1768 557 631
557 631 1768
2011 980 1974
1974 980 2011
980 1974 2011
1115 112 2025
2025 112 1115
112 1115 2025
577 1546 2382
2382 577 1546
1546 577 2382
18 762 894
762 18 894
894 18 762
1411 340 1319
1319 340 1411
340 1319 1411
978 218 2016
218 978 2016
2016 218 978
1213 844 1611
1611 844 1213
844 1213 1611
2871 370 2563
2563 370 2871
370 2563 2871
229 1216 1372
1372 229 1216
1216 229 1372
2120 1166 2737
2737 1166 2120
1166 2120 2737
2224 2392 2826
2392 2224 2826
2826 2224 2392
506 1068 2863
1068 506 2863
2863 506 1068
1260 255 1784
255 1260 1784
1784 255 1260
1027 1185 1670
1185 1027 1670
1670 1027 1185
592 931 2244
931 592 2244
2244 592 931
2210 496 2185
496 2185 2210
2185 496 2210
212 2221 2940
2940 212 2221
2221 212 2940
2393 2453 2479
2453 2393 2479
2479 2393 2453
2700 338 1286
1286 338 2700
338 1286 2700
1138 81 2717
81 1138 2717
2717 81 1138
2030 2254 2725
2254 2030 2725
2725 2030 2254
1969 612 1984
612 1969 1984
1984 612 1969
769 2147 2664
2147 769 2664
2664 769 2147
2386 1874 2461
1874 2386 2461
2461 1874 2386
1335 64 2002
64 1335 2002
2002 64 1335
1977 773 2468
2468 773 1977
773 1977 2468
74 236 1456
236 74 1456
1456 74 236
1289 1178 1340
1178 1289 1340
1340 1178 1289
2227 922 1845
1845 922 2227
922 1845 2227
1716 2291 2753
2753 1716 2291
2291 1716 2753
1324 439 640
439 640 1324
640 439 1324
499 1 1025
1 499 1025
1025 1 499
2297 963 2825
963 2297 2825
2825 963 2297
706 1427 2056
2056 706 1427
1427 706 2056
185 359 754
359 185 754
754 185 359
1645 2 2493
2493 2 1645
2 1645 2493
38 277 2149
2149 38 277
277 38 2149
497 1523 2662
2662 497 1523
1523 497 2662
1914 305 1420
305 1420 1914
1420 305 1914
2364 177 2761
177 2364 2761
2761 177 2364
1209 329 1750
329 1209 1750
1750 329 1209
965 68 1183
1183 68 965
68 965 1183
863 495 1631
495 863 1631
1631 495 863
1196 1104 2485
2485 1104 1196
1104 1196 2485
878 457 884
457 878 884
884 457 878
2803 346 2234
346 2234 2803
2234 346 2803
1159 817 1076
1076 817 1159
817 1076 1159
2148 2018 2038
2018 2038 2148
2038 2018 2148
2667 2113 2869
2113 2667 2869
2869 2113 2667
2055 1890 2636
2636 1890 2055
1890 2055 2636
1735 550 1088
1088 550 1735
550 1088 1735
1536 949 2906
949 1536 2906
2906 949 1536
2351 899 1605
899 1605 2351
1605 899 2351
129 459 2007
459 129 2007
2007 129 459
1229 1042 2774
2774 1042 1229
1042 1229 2774
467 711 1516
1516 467 711
711 467 1516
2490 870 2966
2966 870 2490
870 2490 2966
2752 1283 2923
1283 2752 2923
2923 1283 2752
2889 902 2436
902 2436 2889
2436 902 2889
516 681 1997
1997 516 681
681 516 1997
946 94 187
187 94 946
94 187 946
1413 1035 1181
1181 1035 1413
1035 1181 1413
850 1651 2734
1651 850 2734
2734 850 1651
2096 596 1926
1926 596 2096
596 1926 2096
1463 750 2786
2786 750 1463
750 1463 2786
1064 1626 2738
2738 1064 1626
1626 1064 2738
1928 1799 2088
1799 1928 2088
2088 1799 1928
7 829 2739
2739 7 829
829 7 2739
2079 2165 2740
2165 2079 2740
2740 2079 2165
1475 106 1915
106 1475 1915
1915 106 1475
1777 1687 2332
2332 1687 1777
1687 1777 2332
14 20 2305
2305 14 20
20 14 2305
1493 1043 2450
2450 1043 1493
1043 1493 2450
1137 1758 2203
1758 1137 2203
2203 1137 1758
2973 217 1263
217 1263 2973
1263 217 2973
721 1649 1798
1649 721 1798
1798 721 1649
2345 2064 2157
2064 2157 2345
2157 2064 2345
1492 534 904
904 534 1492
534 904 1492
326 1941 2708
1941 326 2708
2708 326 1941
24 1861 2242
1861 24 2242
2242 24 1861
114 317 1380
317 114 1380
1380 114 317
598 1224 2956
2956 598 1224
1224 598 2956
2721 622 656
622 656 2721
656 622 2721
772 989 1271
989 772 1271
1271 772 989
2087 1145 2233
2233 1145 2087
1145 2087 2233
797 1467 2939
2939 797 1467
1467 797 2939
1569 992 2857
992 1569 2857
2857 992 1569
376 393 546
546 376 393
393 376 546
2542 543 2642
2642 543 2542
543 2542 2642
2310 115 2560
2560 115 2310
115 2310 2560
2263 1279 2438
2438 1279 2263
1279 2263 2438
822 1002 2668
2668 822 1002
1002 822 2668
2199 394 1296
394 1296 2199
1296 394 2199
880 1563 2175
1563 880 2175
2175 880 1563
1248 867 1282
867 1248 1282
1282 867 1248
1457 944 2189
944 1457 2189
2189 944 1457
1807 968 2818
2818 968 1807
968 1807 2818
2592 1019 1342
1019 1342 2592
1342 1019 2592
1058 553 811
811 553 1058
553 811 1058
1277 824 2275
824 1277 2275
2275 824 1277
634 601 2232
601 634 2232
2232 601 634
2205 859 2575
859 2205 2575
2575 859 2205
2182 2215 2486
2215 2182 2486
2486 2182 2215
2491 1139 2685
2685 1139 2491
1139 2491 2685
2420 1654 1916
1654 1916 2420
1916 1654 2420
105 1652 2801
2801 105 1652
1652 105 2801
2279 380 2723
380 2279 2723
2723 380 2279
790 168 2412
168 790 2412
2412 168 790
5 124 2029
2029 5 124
124 5 2029
972 1167 2730
1167 972 2730
2730 972 1167
1397 1243 1725
1725 1243 1397
1243 1397 1725
2078 589 737
589 737 2078
737 589 2078
1719 1077 1538
1538 1077 1719
1077 1538 1719
710 1957 2437
2437 710 1957
1957 710 2437
2799 451 1973
1973 451 2799
451 1973 2799
2404 1586 2153
2153 1586 2404
1586 2153 2404
2283 1262 1583
1583 1262 2283
1262 1583 2283
424 1046 1082
1082 424 1046
1046 424 1082
318 1551 1773
1551 318 1773
1773 318 1551
1976 812 1650
1650 812 1976
812 1650 1976
1746 473 559
559 473 1746
473 559 1746
1093 287 2952
287 1093 2952
2952 287 1093
1614 49 532
49 532 1614
532 49 1614
1108 205 781
781 205 1108
205 781 1108
960 1459 2907
2907 960 1459
1459 960 2907
678 84 1666
84 678 1666
1666 84 678
1814 183 2071
2071 183 1814
183 1814 2071
1623 1826 2121
2121 1623 1826
1826 1623 2121
350 2163 2395
2163 350 2395
2395 350 2163
1073 244 1682
244 1073 1682
1682 244 1073
542 2162 2390
2162 542 2390
2390 542 2162
1927 748 1851
1851 748 1927
748 1851 1927
788 671 1688
671 788 1688
1688 671 788
1192 1625 1906
1625 1192 1906
1906 1192 1625
2258 1305 2530
1305 2258 2530
2530 1305 2258
416 337 2452
2452 337 416
337 416 2452
1721 196 1765
196 1721 1765
1765 196 1721
1061 535 1375
535 1061 1375
1375 535 1061
2913 733 2359
2359 733 2913
733 2359 2913
283 608 1009
608 283 1009
1009 283 608
798 23 107
107 23 798
23 107 798
2840 1400 1970
1970 1400 2840
1400 1970 2840
1293 242 2751
242 1293 2751
2751 242 1293
2694 2847 2908
2847 2694 2908
2908 2694 2847
2829 1897 2353
1897 2353 2829
2353 1897 2829
1179 1485 2099
2099 1179 1485
1485 1179 2099
2286 1869 2707
1869 2286 2707
2707 1869 2286
2951 1280 2699
1280 2699 2951
2699 1280 2951
843 1578 2003
2003 843 1578
1578 843 2003
2428 1396 1439
1396 1439 2428
1439 1396 2428
579 1348 2220
2220 579 1348
1348 579 2220
2367 90 1992
1992 90 2367
90 1992 2367
1785 763 1313
1313 763 1785
763 1313 1785
1160 1377 2787
1377 1160 2787
2787 1160 1377
1714 316 703
703 316 1714
316 703 1714
2655 1751 2358
1751 2358 2655
2358 1751 2655
268 1351 1956
1956 268 1351
1351 268 1956
1511 780 2356
780 1511 2356
2356 780 1511
938 2119 2146
2146 938 2119
2119 938 2146
216 814 2127
2127 216 814
814 216 2127
2640 456 735
735 456 2640
456 735 2640
517 505 2630
505 517 2630
2630 505 517
724 839 2288
2288 724 839
839 724 2288
2268 2092 2524
2092 2268 2524
2524 2092 2268
213 1749 2960
1749 213 2960
2960 213 1749
403 838 2243
2243 403 838
838 403 2243
1952 1732 2361
2361 1732 1952
1732 1952 2361
223 993 2814
2814 223 993
993 223 2814
2772 1131 1391
1131 1391 2772
1391 1131 2772
2040 1177 2839
2839 1177 2040
1177 2040 2839
1039 252 2499
252 1039 2499
2499 252 1039
374 1388 2248
1388 374 2248
2248 374 1388
92 1188 1684
1684 92 1188
1188 92 1684
1568 1406 2442
1406 1568 2442
2442 1406 1568
306 361 2478
361 306 2478
2478 306 361
755 2820 2987
2820 755 2987
2987 755 2820
2805 1556 2256
2256 1556 2805
1556 2256 2805
1841 745 2748
745 1841 2748
2748 745 1841
1850 1689 2892
1689 1850 2892
2892 1689 1850
123 1667 1932
1932 123 1667
1667 123 1932
1465 1979 2609
2609 1465 1979
1979 1465 2609
487 1044 2679
2679 487 1044
1044 487 2679
1877 1951 2881
1951 1877 2881
2881 1877 1951
658 9 540
9 540 658
540 9 658
1771 561 1111
561 1111 1771
1111 561 1771
1821 1686 2352
1686 1821 2352
2352 1686 1821
152 422 2554
422 152 2554
2554 152 422
2400 437 1620
437 1620 2400
1620 437 2400
2688 167 1865
167 1865 2688
1865 167 2688
2964 1316 1697
1316 1697 2964
1697 1316 2964
2652 1737 2298
2298 1737 2652
1737 2298 2652
1558 470 1886
1886 470 1558
470 1558 1886
1674 1603 2026
1603 1674 2026
2026 1603 1674
1127 1560 2446
2446 1127 1560
1560 1127 2446
2682 1894 2366
2366 1894 2682
1894 2366 2682
347 1618 1882
1618 347 1882
1882 347 1618
1875 614 1200
614 1200 1875
1200 614 1875
873 93 1421
1421 93 873
93 873 1421
1103 425 653
425 653 1103
653 425 1103
2931 490 1747
490 1747 2931
1747 490 2931
746 888 2613
888 746 2613
2613 746 888
1074 982 1843
1843 982 1074
982 1074 1843
852 638 747
638 747 852
747 638 852
801 280 991
991 280 801
280 801 991
2223 705 2646
2646 705 2223
705 2223 2646
1231 1846 2993
2993 1231 1846
1846 1231 2993
1562 1482 1555
1482 1555 1562
1555 1482 1562
1950 575 1627
1627 575 1950
575 1627 1950
1911 1099 1996
1099 1911 1996
1996 1099 1911
2284 1365 1823
1823 1365 2284
1365 1823 2284
2974 372 2994
2994 372 2974
372 2974 2994
1116 1425 2414
2414 1116 1425
1425 1116 2414
312 937 1509
937 312 1509
1509 312 937
1358 1230 2067
2067 1230 1358
1230 1358 2067
2806 336 676
336 676 2806
676 336 2806
2574 996 2128
996 2128 2574
2128 996 2574
1353 1075 2303
2303 1075 1353
1075 1353 2303
2075 1004 2845
2845 1004 2075
1004 2075 2845
1477 34 906
906 34 1477
34 906 1477
2413 1453 2941
2941 1453 2413
1453 2413 2941
2968 739 2350
739 2350 2968
2350 739 2968
1708 830 961
830 961 1708
961 830 1708
1095 2385 2735
2735 1095 2385
2385 1095 2735
1598 764 1743
764 1598 1743
1743 764 1598
2933 861 1149
861 1149 2933
1149 861 2933
637 110 1933
110 637 1933
1933 110 637
2779 950 1685
1685 950 2779
950 1685 2779
1501 468 529
468 529 1501
529 468 1501
1294 1272 2578
2578 1272 1294
1272 1294 2578
1929 2411 2577
2577 1929 2411
2411 1929 2577
2271 111 1940
111 1940 2271
1940 111 2271
1860 590 1182
1182 590 1860
590 1182 1860
1833 1244 2225
2225 1244 1833
1244 1833 2225
821 270 1418
1418 270 821
270 821 1418
248 1712 2579
2579 248 1712
1712 248 2579
155 175 2375
2375 155 175
175 155 2375
304 1022 1856
1856 304 1022
1022 304 1856
2969 1249 2713
1249 2713 2969
2713 1249 2969
2374 816 854
816 854 2374
854 816 2374
1533 760 1767
760 1533 1767
1767 760 1533
515 55 2343
2343 55 515
55 515 2343
1402 2300 2397
2300 1402 2397
2397 1402 2300
1812 1059 1234
1059 1234 1812
1234 1059 1812
643 1175 1581
1581 643 1175
1175 643 1581
1144 1252 1275
1252 1144 1275
1275 1144 1252
566 708 2561
2561 566 708
708 566 2561
1041 791 2373
791 1041 2373
2373 791 1041
1987 409 914
409 914 1987
914 409 1987
2365 2204 2788
2204 2365 2788
2788 2204 2365
1344 2675 2832
2675 1344 2832
2832 1344 2675
2229 445 1779
1779 445 2229
445 1779 2229
1212 926 1318
1318 926 1212
926 1212 1318
1491 2538 2659
2659 1491 2538
2538 1491 2659
2728 684 2743
2743 684 2728
684 2728 2743
1710 1796 2184
1796 1710 2184
2184 1710 1796
127 1468 2066
1468 127 2066
2066 127 1468
2612 1472 2316
1472 2316 2612
2316 1472 2612
2977 1155 2704
2704 1155 2977
1155 2704 2977
1909 128 2294
2294 128 1909
128 1909 2294
1963 2775 2921
2921 1963 2775
2775 1963 2921
2855 804 2014
804 2014 2855
2014 804 2855
391 1133 1776
1133 391 1776
1776 391 1133
339 2267 2836
2267 339 2836
2836 339 2267
2837 776 1566
776 1566 2837
1566 776 2837
1382 356 1971
1971 356 1382
356 1382 1971
414 1369 1981
1369 414 1981
1981 414 1369
2257 2758 2827
2827 2257 2758
2758 2257 2827
1729 675 2797
2797 675 1729
675 1729 2797
102 1924 2665
1924 102 2665
2665 102 1924
2462 1680 2447
2447 1680 2462
1680 2447 2462
1958 399 1152
399 1152 1958
1152 399 1958
2104 1302 2911
1302 2104 2911
2911 1302 2104
2094 2488 2635
2635 2094 2488
2488 2094 2635
297 214 358
214 297 358
358 214 297
323 266 2928
266 323 2928
2928 266 323
1986 731 1026
1026 731 1986
731 1026 1986
2377 228 2041
228 2041 2377
2041 228 2377
491 411 1824
411 491 1824
1824 411 491
334 2593 2755
2593 334 2755
2755 334 2593
641 794 1960
1960 641 794
794 641 1960
1764 261 2711
261 1764 2711
2711 261 1764
1891 1517 1543
1543 1517 1891
1517 1543 1891
2645 2321 2650
2321 2645 2650
2650 2321 2645
2790 474 2508
2508 474 2790
474 2508 2790
1326 967 997
967 997 1326
997 967 1326
121 744 1513
1513 121 744
744 121 1513
507 615 2179
615 507 2179
2179 507 615
2383 918 1117
1117 918 2383
918 1117 2383
2102 131 1884
1884 131 2102
131 1884 2102
1486 341 597
597 341 1486
341 597 1486
2183 91 2677
2677 91 2183
91 2183 2677
2564 1612 2269
1612 2269 2564
2269 1612 2564
2954 752 1589
752 1589 2954
1589 752 2954
1218 160 2589
2589 160 1218
160 1218 2589
460 1975 2360
1975 460 2360
2360 460 1975
1945 2152 2729
2152 1945 2729
2729 1945 2152
1872 586 1132
586 1132 1872
1132 586 1872
1512 584 2651
2651 584 1512
584 1512 2651
1278 621 2534
2534 621 1278
621 1278 2534
1616 569 953
569 953 1616
953 569 1616
2465 1330 1635
1635 1330 2465
1330 1635 2465
501 57 1223
1223 57 501
57 501 1223
1532 1381 2422
2422 1381 1532
1381 1532 2422
2130 165 2315
165 2130 2315
2315 165 2130
1781 846 2785
2785 846 1781
846 1781 2785
16 43 765
765 16 43
43 16 765
1518 33 630
630 33 1518
33 630 1518
528 412 2106
412 528 2106
2106 412 528
2311 662 2698
662 2311 2698
2698 662 2311
1356 923 1198
923 1198 1356
1198 923 1356
2022 206 728
728 206 2022
206 728 2022
682 1180 2588
1180 682 2588
2588 682 1180
1208 1671 2481
2481 1208 1671
1671 1208 2481
208 452 2408
2408 208 452
452 208 2408
298 2620 2981
2981 298 2620
2620 298 2981
1484 1329 2097
1329 1484 2097
2097 1329 1484
877 587 2714
2714 587 877
587 877 2714
2354 363 2507
2507 363 2354
363 2354 2507
80 718 1731
718 80 1731
1731 80 718
2334 1788 2010
1788 2010 2334
2010 1788 2334
2217 396 1364
396 1364 2217
1364 396 2217
541 526 1176
1176 526 541
526 541 1176
342 1049 1576
1576 342 1049
1049 342 1576
466 1201 1889
1889 466 1201
1201 466 1889
2749 688 2464
2464 688 2749
688 2464 2749
1995 256 1106
1106 256 1995
256 1106 1995
881 970 2681
2681 881 970
970 881 2681
1298 509 2017
509 1298 2017
2017 509 1298
1588 1228 2616
2616 1228 1588
1228 1588 2616
207 669 1835
669 207 1835
1835 207 669
1769 1445 2559
2559 1445 1769
1445 1769 2559
1584 1018 2978
1018 1584 2978
2978 1018 1584
1883 10 2955
10 1883 2955
2955 10 1883
1637 54 69
69 54 1637
54 69 1637
1480 1173 1466
1466 1173 1480
1173 1466 1480
1405 709 1921
1921 709 1405
709 1405 1921
2947 1701 2627
2627 1701 2947
1701 2627 2947
600 373 1214
373 600 1214
1214 373 600
930 1242 1395
1395 930 1242
1242 930 1395
2187 1720 2868
1720 2187 2868
2868 1720 2187
227 2236 2550
2550 227 2236
2236 227 2550
462 471 1762
471 462 1762
1762 462 471
392 315 2989
2989 315 392
315 392 2989
1237 834 1431
1431 834 1237
834 1237 1431
500 792 2965
792 500 2965
2965 500 792
2417 2141 2313
2313 2141 2417
2141 2313 2417
1000 1818 2784
2784 1000 1818
1818 1000 2784
1143 1154 1393
1154 1143 1393
1393 1143 1154
908 842 2520
2520 842 908
842 908 2520
492 366 1060
1060 366 492
366 492 1060
2867 2036 2115
2115 2036 2867
2036 2115 2867
807 191 692
692 191 807
191 692 807
651 1119 2585
1119 651 2585
2585 651 1119
2443 2093 2111
2111 2093 2443
2093 2111 2443
851 605 1161
1161 605 851
605 851 1161
841 1315 1428
1428 841 1315
1315 841 1428
2777 139 1399
1399 139 2777
139 1399 2777
775 1312 1820
1820 775 1312
1312 775 1820
476 1905 2536
2536 476 1905
1905 476 2536
1908 720 1065
1065 720 1908
720 1065 1908
209 1810 2246
1810 209 2246
2246 209 1810
2008 398 1186
398 1186 2008
1186 398 2008
1036 345 2159
345 1036 2159
2159 345 1036
1101 1577 1663
1663 1101 1577
1577 1101 1663
132 180 2457
2457 132 180
180 132 2457
2599 909 2235
909 2235 2599
2235 909 2599
1983 645 2164
645 1983 2164
2164 645 1983
2945 1361 2601
2601 1361 2945
1361 2601 2945
2731 1515 2570
1515 2570 2731
2570 1515 2731
2980 593 2250
593 2250 2980
2250 593 2980
796 405 2997
2997 405 796
405 796 2997
959 947 2548
2548 947 959
947 959 2548
1506 56 2816
2816 56 1506
56 1506 2816
1939 442 2769
442 1939 2769
2769 442 1939
1880 32 2168
32 1880 2168
2168 32 1880
259 1349 2338
2338 259 1349
1349 259 2338
293 1717 2151
1717 293 2151
2151 293 1717
957 1267 2231
2231 957 1267
1267 957 2231
2355 436 751
436 751 2355
751 436 2355
2853 343 1923
343 1923 2853
1923 343 2853
994 2156 2362
2362 994 2156
2156 994 2362
1800 2160 2376
2160 1800 2376
2376 1800 2160
330 143 2295
2295 143 330
143 330 2295
1534 2004 2024
2024 1534 2004
2004 1534 2024
146 328 673
673 146 328
328 146 673
885 1327 2852
2852 885 1327
1327 885 2852
1458 521 1226
521 1226 1458
1226 521 1458
2944 382 440
382 440 2944
440 382 2944
2511 524 2502
2502 524 2511
524 2502 2511
76 574 2496
574 76 2496
2496 76 574
2691 1254 2979
1254 2691 2979
2979 1254 2691
690 383 1029
1029 383 690
383 690 1029
620 193 1123
1123 193 620
193 620 1123
357 886 2851
2851 357 886
886 357 2851
481 135 1723
135 481 1723
1723 135 481
493 3 537
3 493 537
537 3 493
1070 616 943
616 943 1070
943 616 1070
2929 145 2459
2459 145 2929
145 2459 2929
1571 2273 2680
2680 1571 2273
2273 1571 2680
890 48 62
48 62 890
62 48 890
239 42 2815
42 239 2815
2815 42 239
1959 644 2649
644 1959 2649
2649 644 1959
571 1225 2695
1225 571 2695
2695 571 1225
2835 1508 2394
1508 2394 2835
2394 1508 2835
1032 1756 2566
1756 1032 2566
2566 1032 1756
1715 2107 2623
2107 1715 2623
2623 1715 2107
284 379 1504
1504 284 379
379 284 1504
1621 981 1640
1640 981 1621
981 1621 1640
2505 262 1838
262 1838 2505
1838 262 2505
1892 2463 2756
2463 1892 2756
2756 1892 2463
729 71 2765
71 729 2765
2765 71 729
159 1426 1748
1426 159 1748
1748 159 1426
964 2032 2895
2895 964 2032
2032 964 2895
879 278 2299
278 879 2299
2299 278 879
2118 95 482
482 95 2118
95 482 2118
1052 88 1801
88 1052 1801
1801 88 1052
1858 35 1174
35 1174 1858
1174 35 1858
1346 564 1638
1638 564 1346
564 1346 1638
975 536 1887
536 975 1887
1887 536 975
1321 2687 2770
2687 1321 2770
2770 1321 2687
1003 900 1575
1575 900 1003
900 1003 1575
2823 973 2631
973 2631 2823
2631 973 2823
1067 527 1734
1734 527 1067
527 1067 1734
22 170 2828
170 22 2828
2828 22 170
2684 1789 2693
1789 2684 2693
2693 1789 2684
1151 82 1471
82 1151 1471
1471 82 1151
1157 1339 2546
2546 1157 1339
1339 1157 2546
2193 2122 2557
2122 2193 2557
2557 2122 2193
1873 150 2891
2891 150 1873
150 1873 2891
2750 636 2259
636 2259 2750
2259 636 2750
1097 2206 2322
2206 1097 2322
2322 1097 2206
1446 825 2084
825 1446 2084
2084 825 1446
2670 1255 2810
1255 2670 2810
2810 1255 2670
2984 1786 2709
1786 2709 2984
2709 1786 2984
344 1602 1632
1632 344 1602
1602 344 1632
378 627 1378
627 378 1378
1378 378 627
2074 1034 2150
2150 1034 2074
1034 2074 2150
2027 2132 2633
2132 2027 2633
2633 2027 2132
2076 802 2515
2515 802 2076
802 2076 2515
661 649 2458
2458 649 661
649 661 2458
1600 428 1385
1385 428 1600
428 1385 1600
1147 61 956
61 956 1147
956 61 1147
2339 1194 1968
1968 1194 2339
1194 1968 2339
2289 2325 2870
2870 2289 2325
2325 2289 2870
1479 173 2131
173 1479 2131
2131 173 1479
1057 286 1415
286 1057 1415
1415 286 1057
2448 1063 2314
1063 2314 2448
2314 1063 2448
321 282 740
740 282 321
282 321 740
1622 1489 2669
2669 1489 1622
1489 1622 2669
2886 2200 2594
2200 2594 2886
2594 2200 2886
857 905 1862
1862 857 905
905 857 1862
1142 1574 2545
1574 1142 2545
2545 1142 1574
2901 1831 2037
1831 2037 2901
2037 1831 2901
2807 125 1449
125 1449 2807
1449 125 2807
1857 623 1478
1478 623 1857
623 1478 1857
1037 1565 2274
1565 1037 2274
2274 1037 1565
647 421 2467
421 647 2467
2467 421 647
1642 1514 1849
1514 1642 1849
1849 1514 1642
1613 1165 2509
2509 1165 1613
1165 1613 2509
371 201 1705
1705 201 371
201 371 1705
2689 215 1999
215 1999 2689
1999 215 2689
2218 1422 1930
1930 1422 2218
1422 1930 2218
458 986 2336
2336 458 986
986 458 2336
418 871 1045
871 418 1045
1045 418 871
2658 1311 2864
2864 1311 2658
1311 2658 2864
2484 1447 2562
2562 1447 2484
1447 2484 2562
2503 243 1943
243 1943 2503
1943 243 2503
1409 736 2262
2262 736 1409
736 1409 2262
288 232 2005
2005 232 288
232 288 2005
2409 670 1728
1728 670 2409
670 1728 2409
869 1696 2887
2887 869 1696
1696 869 2887
892 749 1609
749 892 1609
1609 749 892
2177 907 2449
907 2177 2449
2449 907 2177
415 327 2317
327 415 2317
2317 327 415
309 1038 2942
2942 309 1038
1038 309 2942
988 2264 2703
2703 988 2264
2264 988 2703
1573 1368 2922
2922 1368 1573
1368 1573 2922
179 120 2519
120 179 2519
2519 120 179
2023 714 2759
714 2023 2759
2759 714 2023
2958 1972 2874
1972 2874 2958
2874 1972 2958
511 1220 1709
1220 511 1709
1709 511 1220
1660 163 2621
2621 163 1660
163 1660 2621
1006 294 2421
2421 294 1006
294 1006 2421
1524 847 2880
2880 847 1524
847 1524 2880
1695 1087 2861
1087 1695 2861
2861 1087 1695
172 928 1550
1550 172 928
928 172 1550
1827 1871 2416
2416 1827 1871
1871 1827 2416
629 1567 2512
2512 629 1567
1567 629 2512
1938 2285 2435
2435 1938 2285
2285 1938 2435
2757 617 2015
617 2015 2757
2015 617 2757
1664 1250 1307
1307 1250 1664
1250 1307 1664
2760 936 2396
2396 936 2760
936 2396 2760
1203 809 1328
809 1203 1328
1328 809 1203
1839 845 971
845 971 1839
971 845 1839
469 2012 2544
2544 469 2012
2012 469 2544
109 231 753
231 109 753
753 109 231
2323 1507 2371
2371 1507 2323
1507 2323 2371
453 1519 2219
1519 453 2219
2219 453 1519
2971 1017 1503
1503 1017 2971
1017 1503 2971
979 610 901
901 610 979
610 901 979
935 190 2009
2009 190 935
190 935 2009
1256 2060 2817
2060 1256 2817
2817 1256 2060
1470 221 882
882 221 1470
221 882 1470
204 37 2567
2567 37 204
37 204 2567
2866 6 734
6 734 2866
734 6 2866
756 1092 1863
1092 756 1863
1863 756 1092
1090 1247 2116
1247 1090 2116
2116 1090 1247
896 585 1136
1136 585 896
585 896 1136
2850 272 446
446 272 2850
272 446 2850
1778 1392 2576
1392 1778 2576
2576 1392 1778
295 1443 2705
2705 295 1443
1443 295 2705
1629 406 2654
406 1629 2654
2654 406 1629
2925 85 1091
85 1091 2925
1091 85 2925
2167 2309 2859
2859 2167 2309
2309 2167 2859
2917 276 503
503 276 2917
276 503 2917
369 314 813
314 369 813
813 314 369
39 567 2513
567 39 2513
2513 39 567
1787 2282 2690
2690 1787 2282
2282 1787 2690
184 1530 1641
1641 184 1530
1530 184 1641
1028 133 2112
2112 133 1028
133 1028 2112
2403 758 2341
758 2341 2403
2341 758 2403
1301 727 919
919 727 1301
727 919 1301
2879 628 2384
628 2384 2879
2384 628 2879
448 1033 1962
1033 448 1962
1962 448 1033
2712 1169 2696
1169 2696 2712
2696 1169 2712
2326 680 924
924 680 2326
680 924 2326
715 1419 2410
1419 715 2410
2410 715 1419
2647 2144 2429
2429 2144 2647
2144 2429 2647
2961 142 544
544 142 2961
142 544 2961
279 1341 2982
1341 279 2982
2982 279 1341
977 181 719
719 181 977
181 719 977
2504 1107 2764
2764 1107 2504
1107 2504 2764
1726 1020 2572
2572 1020 1726
1020 1726 2572
2158 151 983
151 983 2158
983 151 2158
46 423 2610
2610 46 423
423 46 2610
2998 783 2431
2431 783 2998
783 2431 2998
2330 89 2622
2622 89 2330
89 2330 2622
1390 235 408
235 408 1390
408 235 1390
1702 1639 2915
1639 1702 2915
2915 1639 1702
1389 659 1343
1343 659 1389
659 1343 1389
1295 1121 2537
1121 1295 2537
2537 1121 1295
2666 410 1965
1965 410 2666
410 1965 2666
1473 310 2028
2028 310 1473
310 1473 2028
2211 951 2401
951 2211 2401
2401 951 2211
1564 1373 2136
2136 1373 1564
1373 1564 2136
2425 2407 2663
2663 2407 2425
2407 2425 2663
2543 1233 2938
2938 1233 2543
1233 2543 2938
2494 828 1740
828 1740 2494
1740 828 2494
2986 893 921
893 921 2986
921 893 2986
2476 2207 2304
2207 2304 2476
2304 2207 2476
1190 555 1379
555 1190 1379
1379 555 1190
1404 1432 2469
1432 1404 2469
2469 1404 1432
2773 365 1086
365 1086 2773
1086 365 2773
2214 1643 2357
2357 1643 2214
1643 2214 2357
2110 1991 2830
1991 2110 2830
2830 1991 2110
1245 1156 1520
1520 1156 1245
1156 1245 1520
2953 222 1590
1590 222 2953
222 1590 2953
198 1780 1946
1780 198 1946
1946 198 1780
1502 742 835
742 835 1502
835 742 1502
1540 430 2924
430 1540 2924
2924 430 1540
427 1440 2062
1440 427 2062
2062 427 1440
2821 265 2082
2082 265 2821
265 2082 2821
40 693 1876
1876 40 693
693 40 1876
2046 1763 2103
1763 2046 2103
2103 1763 2046
576 404 1069
404 576 1069
1069 404 576
1793 513 1510
513 1510 1793
1510 513 1793
1722 31 1658
31 1658 1722
1658 31 1722
2472 1007 2841
1007 2472 2841
2841 1007 2472
1016 808 2328
808 1016 2328
2328 808 1016
1481 96 2001
96 1481 2001
2001 96 1481
2555 30 291
30 291 2555
291 30 2555
1246 2475 2996
2475 1246 2996
2996 1246 2475
1412 700 833
833 700 1412
700 833 1412
2101 36 2625
2625 36 2101
36 2101 2625
1199 1083 2930
2930 1083 1199
1083 1199 2930
1692 264 786
264 786 1692
786 264 1692
387 137 1265
137 387 1265
1265 137 387
782 1713 2838
1713 782 2838
2838 782 1713
