2245 1703 2339
1703 2245 2339
2339 1703 2245
2936 781 2225
2225 781 2936
781 2225 2936
1912 1336 2887
2887 1336 1912
1336 1912 2887
376 436 2488
2488 376 436
436 376 2488
1333 2465 2693
2465 1333 2693
2693 1333 2465
570 786 2704
2704 570 786
786 570 2704
2508 614 1796
1796 614 2508
614 1796 2508
392 2276 2554
2276 392 2554
2554 392 2276
1503 1187 1331
1187 1331 1503
1331 1187 1503
646 2799 2810
2799 646 2810
2810 646 2799
1631 259 1875
259 1631 1875
1875 259 1631
841 746 2407
746 841 2407
2407 746 841
2978 2410 2515
2515 2410 2978
2410 2515 2978
1782 850 934
934 850 1782
850 934 1782
2506 1205 1712
1205 1712 2506
1712 1205 2506
754 549 1185
1185 549 754
549 754 1185
552 354 931
931 354 552
354 552 931
819 161 1337
1337 161 819
161 819 1337
216 1251 1936
1251 216 1936
1936 216 1251
1524 424 1533
1533 424 1524
424 1524 1533
551 1014 1449
1449 551 1014
1014 551 1449
1388 1677 2274
2274 1388 1677
1677 1388 2274
1842 717 2305
2305 717 1842
717 1842 2305
278 449 1467
449 278 1467
1467 278 449
1377 375 2353
375 1377 2353
2353 375 1377
500 1362 1385
1362 500 1385
1385 500 1362
407 971 2748
2748 407 971
971 407 2748
2384 9 332
332 9 2384
9 332 2384
765 1970 2126
1970 765 2126
2126 765 1970
2164 1104 2731
1104 2164 2731
2731 1104 2164
1348 512 1086
1086 512 1348
512 1086 1348
1128 2461 2758
2461 1128 2758
2758 1128 2461
2243 1639 2127
1639 2127 2243
2127 1639 2243
137 2564 2942
2942 137 2564
2564 137 2942
1409 1227 2314
2314 1227 1409
1227 1409 2314
1957 250 1839
250 1839 1957
1839 250 1957
414 62 1871
1871 62 414
62 414 1871
2334 1494 2122
2122 1494 2334
1494 2122 2334
190 843 1769
843 190 1769
1769 190 843
2753 592 1656
592 1656 2753
1656 592 2753
1987 1159 2319
1159 1987 2319
2319 1159 1987
123 452 916
916 123 452
452 123 916
2852 110 1070
1070 110 2852
110 1070 2852
2170 2574 2881
2574 2170 2881
2881 2170 2574
2879 1915 2860
2860 1915 2879
1915 2860 2879
2730 1179 2781
2781 1179 2730
1179 2730 2781
1213 284 1991
1991 284 1213
284 1213 1991
469 331 1555
331 469 1555
1555 331 469
393 1470 1644
1644 393 1470
1470 393 1644
1363 777 2629
2629 777 1363
777 1363 2629
1244 1247 2707
2707 1244 1247
1247 1244 2707
858 1686 2915
1686 858 2915
2915 858 1686
1717 994 2080
994 1717 2080
2080 994 1717
563 2540 2549
2549 563 2540
2540 563 2549
2669 2661 2746
2661 2669 2746
2746 2661 2669
39 2247 2311
2311 39 2247
2247 39 2311
1036 1406 1751
1406 1036 1751
1751 1036 1406
1953 1511 1557
1511 1557 1953
1557 1511 1953
1068 108 546
546 108 1068
108 546 1068
734 1365 1498
1498 734 1365
1365 734 1498
2249 2208 2832
2832 2208 2249
2208 2249 2832
1714 2210 2861
2861 1714 2210
2210 1714 2861
702 597 2120
2120 597 702
597 702 2120
1349 875 2485
875 1349 2485
2485 875 1349
2923 1136 1285
1285 1136 2923
1136 1285 2923
1918 2308 2943
2943 1918 2308
2308 1918 2943
820 64 2046
2046 64 820
64 820 2046
764 2315 2449
2449 764 2315
2315 764 2449
1078 538 2270
2270 538 1078
538 1078 2270
974 1887 2607
1887 974 2607
2607 974 1887
2692 485 2418
2418 485 2692
485 2418 2692
2133 533 2959
2959 533 2133
533 2133 2959
2142 343 1554
1554 343 2142
343 1554 2142
336 758 2437
758 336 2437
2437 336 758
2603 2617 2884
2617 2603 2884
2884 2603 2617
1783 112 1368
1368 112 1783
112 1368 1783
2236 1657 2592
1657 2236 2592
2592 1657 2236
1212 2244 2645
2645 1212 2244
2244 1212 2645
2738 72 901
72 901 2738
901 72 2738
2718 472 584
584 472 2718
472 584 2718
1990 949 1466
1466 949 1990
949 1466 1990
2527 243 1024
243 1024 2527
1024 243 2527
2030 2713 2751
2751 2030 2713
2713 2030 2751
2429 706 1860
1860 706 2429
706 1860 2429
2291 539 978
539 978 2291
978 539 2291
2495 2368 2599
2368 2495 2599
2599 2368 2495
2951 432 1640
432 1640 2951
1640 432 2951
1814 1489 1716
1489 1716 1814
1716 1489 1814
1616 177 2752
177 1616 2752
2752 177 1616
1075 321 2813
321 1075 2813
2813 321 1075
117 1325 1700
1325 117 1700
1700 117 1325
2580 624 1137
1137 624 2580
624 1137 2580
1539 2064 2824
2064 1539 2824
2824 1539 2064
762 225 2792
225 762 2792
2792 225 762
1054 215 1303
215 1054 1303
1303 215 1054
2712 508 2300
2300 508 2712
508 2300 2712
519 2636 2778
2778 519 2636
2636 519 2778
1450 310 2883
310 1450 2883
2883 310 1450
2303 605 1016
1016 605 2303
605 1016 2303
795 835 1698
1698 795 835
835 795 1698
484 940 2513
940 484 2513
2513 484 940
2333 833 2313
833 2313 2333
2313 833 2333
1220 95 2614
95 1220 2614
2614 95 1220
2248 1770 2557
2557 1770 2248
1770 2248 2557
632 2227 2279
2227 632 2279
2279 632 2227
1824 2182 2275
2182 1824 2275
2275 1824 2182
139 100 1131
1131 100 139
100 139 1131
507 609 1728
1728 507 609
609 507 1728
2797 1789 2594
1789 2594 2797
2594 1789 2797
1423 783 1835
1835 783 1423
783 1423 1835
2284 659 1980
1980 659 2284
659 1980 2284
1011 240 1067
1067 240 1011
240 1011 1067
2159 1585 2239
1585 2159 2239
2239 1585 2159
2968 80 1948
80 1948 2968
1948 80 2968
2986 683 998
998 683 2986
683 998 2986
1479 1210 1720
1210 1479 1720
1720 1210 1479
2908 492 2602
492 2602 2908
2602 492 2908
1632 1914 2526
2526 1632 1914
1914 1632 2526
2234 1721 3000
3000 1721 2234
1721 2234 3000
46 864 1250
1250 46 864
864 46 1250
35 1998 2800
1998 35 2800
2800 35 1998
735 138 2994
2994 138 735
138 735 2994
459 811 2651
2651 459 811
811 459 2651
1778 914 1320
1320 914 1778
914 1320 1778
135 800 1233
800 135 1233
1233 135 800
713 793 1724
1724 713 793
793 713 1724
2145 400 658
658 400 2145
400 658 2145
1360 163 2694
163 1360 2694
2694 163 1360
1945 102 2409
2409 102 1945
102 1945 2409
1816 958 1797
1797 958 1816
958 1797 1816
1866 25 1177
25 1177 1866
1177 25 1866
2076 648 2703
648 2076 2703
2703 648 2076
832 66 1766
66 832 1766
1766 66 832
2055 1468 2691
2691 1468 2055
1468 2055 2691
4 94 943
94 4 943
943 4 94
1706 90 787
787 90 1706
90 787 1706
1366 944 1641
1641 944 1366
944 1366 1641
1760 1965 2954
2954 1760 1965
1965 1760 2954
932 912 2956
912 932 2956
2956 912 932
1895 1699 2619
2619 1699 1895
1699 1895 2619
164 752 2660
2660 164 752
752 164 2660
2105 1988 2137
1988 2105 2137
2137 1988 2105
879 1033 2952
1033 879 2952
2952 879 1033
1506 1608 2032
2032 1506 1608
1608 1506 2032
863 237 1927
237 863 1927
1927 237 863
547 2282 2798
2282 547 2798
2798 547 2282
1312 973 1118
1118 973 1312
973 1118 1312
184 236 1113
1113 184 236
236 184 1113
2675 2024 2356
2024 2356 2675
2356 2024 2675
907 19 426
426 19 907
19 426 907
1938 1399 2680
2680 1399 1938
1399 1938 2680
2123 2177 2474
2177 2123 2474
2474 2123 2177
1500 617 984
984 617 1500
617 984 1500
2997 2163 2335
2335 2163 2997
2163 2335 2997
2825 263 2576
2576 263 2825
263 2576 2825
1826 168 1840
1840 168 1826
168 1826 1840
1515 1986 2822
2822 1515 1986
1986 1515 2822
1854 1154 2958
1154 1854 2958
2958 1154 1854
48 1942 2130
2130 48 1942
1942 48 2130
567 1100 1959
1959 567 1100
1100 567 1959
1117 1293 1817
1817 1117 1293
1293 1117 1817
2932 1841 2026
1841 2026 2932
2026 1841 2932
1563 253 1401
1401 253 1563
253 1401 1563
2530 1733 2421
1733 2421 2530
2421 1733 2530
1288 604 2345
2345 604 1288
604 1288 2345
1725 1196 1536
1536 1196 1725
1196 1536 1725
1361 113 1347
113 1347 1361
1347 113 1361
1441 101 2329
2329 101 1441
101 1441 2329
1052 2475 2706
2475 1052 2706
2706 1052 2475
1742 307 1617
307 1617 1742
1617 307 1742
581 1158 2205
1158 581 2205
2205 581 1158
2443 579 2219
2219 579 2443
579 2219 2443
394 119 174
174 119 394
119 174 394
27 1307 2412
1307 27 2412
2412 27 1307
466 1386 1877
1386 466 1877
1877 466 1386
2153 631 1731
631 1731 2153
1731 631 2153
303 716 1321
1321 303 716
716 303 1321
360 633 1919
1919 360 633
633 360 1919
1410 1873 2129
2129 1410 1873
1873 1410 2129
2805 543 2252
543 2252 2805
2252 543 2805
1230 670 2851
2851 670 1230
670 1230 2851
114 2151 2191
2151 114 2191
2191 114 2151
2056 1663 2711
1663 2056 2711
2711 1663 2056
2856 1457 2084
1457 2084 2856
2084 1457 2856
299 2702 2877
2702 299 2877
2877 299 2702
873 1548 2608
1548 873 2608
2608 873 1548
2176 1488 2499
1488 2176 2499
2499 1488 2176
1168 504 1147
1147 504 1168
504 1147 1168
594 511 1193
511 594 1193
1193 511 594
849 588 1342
588 849 1342
1342 588 849
395 618 2006
2006 395 618
618 395 2006
1745 1 505
505 1 1745
1 505 1745
1404 84 1076
1076 84 1404
84 1076 1404
1074 1062 1464
1062 1074 1464
1464 1062 1074
2595 899 1021
899 1021 2595
1021 899 2595
2749 1023 2745
1023 2745 2749
2745 1023 2749
86 1598 2782
1598 86 2782
2782 86 1598
1857 2286 2367
2367 1857 2286
2286 1857 2367
960 1266 2898
2898 960 1266
1266 960 2898
74 1238 2118
2118 74 1238
1238 74 2118
1653 1475 1597
1597 1475 1653
1475 1597 1653
2790 233 2394
233 2394 2790
2394 233 2790
2890 627 972
627 972 2890
972 627 2890
748 67 1310
1310 67 748
67 748 1310
593 527 1491
1491 527 593
527 593 1491
2059 897 2686
897 2059 2686
2686 897 2059
1130 1707 2509
1707 1130 2509
2509 1130 1707
1175 40 2806
2806 40 1175
40 1175 2806
2894 779 917
779 917 2894
917 779 2894
63 61 337
337 61 63
61 63 337
2042 1846 2441
1846 2042 2441
2441 1846 2042
2525 1890 2970
1890 2525 2970
2970 1890 2525
557 1261 1794
1794 557 1261
1261 557 1794
1556 562 988
562 988 1556
988 562 1556
2700 1420 2950
1420 2700 2950
2950 1420 2700
1762 769 2312
2312 769 1762
769 1762 2312
2817 1099 1516
1516 1099 2817
1099 1516 2817
2375 1477 2794
1477 2375 2794
2794 1477 2375
1972 461 1755
461 1755 1972
1755 461 1972
1580 103 1684
103 1580 1684
1684 103 1580
2424 1604 2807
2807 1604 2424
1604 2424 2807
252 844 1925
1925 252 844
844 252 1925
1442 853 2395
2395 853 1442
853 1442 2395
1167 389 731
731 389 1167
389 731 1167
2460 11 2626
11 2460 2626
2626 11 2460
1718 430 528
528 430 1718
430 528 1718
1858 491 2403
491 1858 2403
2403 491 1858
1141 721 2352
2352 721 1141
721 1141 2352
1010 1186 1224
1186 1010 1224
1224 1010 1186
294 78 2005
78 294 2005
2005 78 294
2553 1592 2079
1592 2079 2553
2079 1592 2553
230 334 2382
334 230 2382
2382 230 334
743 1939 2520
2520 743 1939
1939 743 2520
2044 1263 2188
2188 1263 2044
1263 2044 2188
696 272 2840
2840 272 696
272 696 2840
698 32 1723
1723 32 698
32 698 1723
2546 406 789
406 789 2546
789 406 2546
1690 207 1221
207 1221 1690
1221 207 1690
1157 2180 2803
2803 1157 2180
2180 1157 2803
857 681 2049
681 857 2049
2049 681 857
757 794 1624
794 757 1624
1624 757 794
2765 797 1675
1675 797 2765
797 1675 2765
2535 1273 2200
2200 1273 2535
1273 2200 2535
1528 408 1351
1351 408 1528
408 1351 1528
261 495 2676
2676 261 495
495 261 2676
2665 1570 2166
2166 1570 2665
1570 2166 2665
1622 1241 2417
1241 1622 2417
2417 1241 1622
1087 568 2827
2827 568 1087
568 1087 2827
2106 1156 1666
1666 1156 2106
1156 1666 2106
2570 785 1343
1343 785 2570
785 1343 2570
141 327 2432
327 141 2432
2432 141 327
402 21 2128
2128 21 402
21 402 2128
270 1354 2113
2113 270 1354
1354 270 2113
2016 374 2104
2104 374 2016
374 2016 2104
2584 1176 1968
1176 1968 2584
1968 1176 2584
228 830 1560
1560 228 830
830 228 1560
1559 1004 1567
1567 1004 1559
1004 1559 1567
2220 6 1412
6 1412 2220
1412 6 2220
2793 229 1232
229 1232 2793
1232 229 2793
2537 2018 2523
2018 2523 2537
2523 2018 2537
871 906 1094
1094 871 906
906 871 1094
1603 195 2438
195 1603 2438
2438 195 1603
612 1031 1623
1031 612 1623
1623 612 1031
291 1836 2036
2036 291 1836
1836 291 2036
1353 1371 1774
1371 1353 1774
1774 1353 1371
473 1922 2031
2031 473 1922
1922 473 2031
1089 390 2613
2613 390 1089
390 1089 2613
2926 2761 2775
2775 2761 2926
2761 2775 2926
1344 1447 2377
2377 1344 1447
1447 1344 2377
1396 251 442
251 442 1396
442 251 1396
435 662 2957
662 435 2957
2957 435 662
1525 1127 2964
1127 1525 2964
2964 1127 1525
1007 1223 2411
1223 1007 2411
2411 1007 1223
2093 1267 1946
1946 1267 2093
1267 1946 2093
1444 53 2260
53 1444 2260
2260 53 1444
1276 181 571
571 181 1276
181 571 1276
980 463 823
823 463 980
463 823 980
1204 2338 2361
2361 1204 2338
2338 1204 2361
728 791 1060
791 728 1060
1060 728 791
941 346 1345
1345 346 941
346 941 1345
2572 201 2197
2197 201 2572
201 2197 2572
227 262 679
262 227 679
679 227 262
2538 2376 2916
2916 2376 2538
2376 2538 2916
687 387 851
851 387 687
387 687 851
515 56 1589
56 515 1589
1589 56 515
1864 122 763
122 763 1864
763 122 1864
2768 2888 2948
2948 2768 2888
2888 2768 2948
542 2484 2769
2769 542 2484
2484 542 2769
2847 226 675
226 675 2847
675 226 2847
715 288 349
288 349 715
349 288 715
1144 1499 2605
2605 1144 1499
1499 1144 2605
2057 57 1708
57 1708 2057
1708 57 2057
2185 603 2562
603 2185 2562
2562 603 2185
479 31 1430
31 479 1430
1430 31 479
1039 311 1049
1049 311 1039
311 1039 1049
2476 1577 1896
1896 1577 2476
1577 1896 2476
43 621 2925
621 43 2925
2925 43 621
502 2650 2891
2650 502 2891
2891 502 2650
2114 1547 1818
1547 1818 2114
1818 1547 2114
2845 816 2708
2708 816 2845
816 2708 2845
1209 1189 2288
1189 1209 2288
2288 1189 1209
2844 524 2012
2012 524 2844
524 2012 2844
1973 803 2071
2071 803 1973
803 1973 2071
2533 935 2307
2307 935 2533
935 2307 2533
1105 2698 2809
2809 1105 2698
2698 1105 2809
2051 493 1182
1182 493 2051
493 1182 2051
2433 2287 2972
2287 2433 2972
2972 2287 2433
1018 279 756
756 279 1018
279 756 1018
2947 948 2544
948 2544 2947
2544 948 2947
1752 255 268
255 268 1752
268 255 1752
877 280 2846
280 877 2846
2846 280 877
2131 386 2819
2819 386 2131
386 2131 2819
1550 989 1920
1920 989 1550
989 1550 1920
2990 544 2404
544 2404 2990
2404 544 2990
2763 412 1188
412 1188 2763
1188 412 2763
2919 1593 1872
1872 1593 2919
1593 1872 2919
1619 2447 2774
2447 1619 2774
2774 1619 2447
1115 606 2855
606 1115 2855
2855 606 1115
2681 70 2136
2136 70 2681
70 2136 2681
2532 341 908
341 908 2532
908 341 2532
1853 905 1726
905 1726 1853
1726 905 1853
2399 295 642
642 295 2399
295 642 2399
968 2677 2911
2677 968 2911
2911 968 2677
2988 1171 1701
1171 1701 2988
1701 1171 2988
205 1947 2897
2897 205 1947
1947 205 2897
420 2493 2776
2776 420 2493
2493 420 2776
1761 852 1931
852 1761 1931
1931 852 1761
1542 318 749
318 749 1542
749 318 1542
1448 1772 1882
1772 1448 1882
1882 1448 1772
1749 1670 1784
1784 1670 1749
1670 1749 1784
2190 126 1103
126 1103 2190
1103 126 2190
2442 580 650
580 650 2442
650 580 2442
144 1195 2387
2387 144 1195
1195 144 2387
1050 427 1785
427 1050 1785
1785 427 1050
1955 1369 2004
2004 1369 1955
1369 1955 2004
2815 2202 2885
2885 2202 2815
2202 2815 2885
2649 708 1520
1520 708 2649
708 1520 2649
2674 204 694
204 694 2674
694 204 2674
403 223 1880
1880 223 403
223 403 1880
453 235 2545
235 453 2545
2545 235 453
2839 1097 1437
1097 1437 2839
1437 1097 2839
1107 483 2867
2867 483 1107
483 1107 2867
962 1833 2624
1833 962 2624
2624 962 1833
1428 2500 2788
2500 1428 2788
2788 1428 2500
364 1283 1460
1283 364 1460
1460 364 1283
893 2643 2961
2961 893 2643
2643 893 2961
703 1695 2023
1695 703 2023
2023 703 1695
1736 2466 2804
2804 1736 2466
2466 1736 2804
1454 2886 2899
2886 1454 2899
2899 1454 2886
2280 438 616
616 438 2280
438 616 2280
774 260 2373
2373 260 774
260 774 2373
416 309 982
982 309 416
309 416 982
2140 957 2547
2547 957 2140
957 2140 2547
148 132 1239
1239 132 148
132 148 1239
1689 209 2229
209 1689 2229
2229 209 1689
1125 2722 2863
2863 1125 2722
2722 1125 2863
1565 285 2324
2324 285 1565
285 1565 2324
361 7 2771
7 361 2771
2771 7 361
2378 2678 2982
2678 2378 2982
2982 2378 2678
2683 2435 2568
2568 2435 2683
2435 2568 2683
1234 2542 2762
2542 1234 2762
2762 1234 2542
58 636 1730
636 58 1730
1730 58 636
1688 266 1891
1891 266 1688
266 1688 1891
1088 1901 2325
2325 1088 1901
1901 1088 2325
1306 1445 1596
1445 1306 1596
1596 1306 1445
2058 1907 2929
2929 1907 2058
1907 2058 2929
2818 1114 2524
1114 2524 2818
2524 1114 2818
2302 93 1090
1090 93 2302
93 1090 2302
1438 534 2828
534 1438 2828
2828 534 1438
2002 455 701
455 701 2002
701 455 2002
921 1490 2228
2228 921 1490
1490 921 2228
156 382 1634
1634 156 382
382 156 1634
2273 1519 1744
1744 1519 2273
1519 1744 2273
2930 2380 2593
2380 2593 2930
2593 2380 2930
638 1032 1065
1065 638 1032
1032 638 1065
2121 1869 2173
1869 2121 2173
2173 1869 2121
2571 33 220
33 220 2571
220 33 2571
277 482 628
628 277 482
482 277 628
1903 936 2146
936 1903 2146
2146 936 1903
2688 2710 2764
2710 2688 2764
2764 2688 2710
1665 1541 2065
1541 1665 2065
2065 1541 1665
1958 1543 2081
2081 1543 1958
1543 1958 2081
1151 185 1300
185 1151 1300
1300 185 1151
89 158 2663
158 89 2663
2663 89 158
2904 919 2504
919 2504 2904
2504 919 2904
1155 643 1416
1416 643 1155
643 1155 1416
2510 5 866
5 866 2510
866 5 2510
915 1667 1678
1678 915 1667
1667 915 1678
10 1314 1370
1314 10 1370
1370 10 1314
1483 874 1976
1976 874 1483
874 1483 1976
865 808 2735
2735 808 865
808 865 2735
724 888 2965
2965 724 888
888 724 2965
2214 431 714
431 714 2214
714 431 2214
1935 401 1013
401 1013 1935
1013 401 1935
1255 134 371
134 371 1255
371 134 1255
2690 160 2941
2941 160 2690
160 2690 2941
471 2320 2400
2400 471 2320
2320 471 2400
245 711 2640
711 245 2640
2640 245 711
191 1879 2514
1879 191 2514
2514 191 1879
2371 487 776
487 776 2371
776 487 2371
2630 688 1041
688 1041 2630
1041 688 2630
2835 1795 2309
2309 1795 2835
1795 2309 2835
1153 1513 2955
2955 1153 1513
1513 1153 2955
1252 71 2976
2976 71 1252
71 1252 2976
2067 1183 2117
1183 2067 2117
2117 1183 2067
1392 878 2905
2905 878 1392
878 1392 2905
2267 450 1022
450 1022 2267
1022 450 2267
475 87 265
87 265 475
265 87 475
171 2297 2917
2297 171 2917
2917 171 2297
1035 1765 2662
2662 1035 1765
1765 1035 2662
744 2212 2785
2785 744 2212
2212 744 2785
2906 211 1027
1027 211 2906
211 1027 2906
2631 559 1275
559 1275 2631
1275 559 2631
254 1056 1246
1056 254 1246
1246 254 1056
2480 1256 2238
1256 2238 2480
2238 1256 2480
1807 2085 2831
2831 1807 2085
2085 1807 2831
829 1278 2033
2033 829 1278
1278 829 2033
1199 1790 2060
2060 1199 1790
1790 1199 2060
2647 566 1574
566 1574 2647
1574 566 2647
1851 767 2179
2179 767 1851
767 1851 2179
187 29 1572
29 187 1572
1572 29 187
1586 2047 2679
2679 1586 2047
2047 1586 2679
26 1588 2050
1588 26 2050
2050 26 1588
1120 379 2869
2869 379 1120
379 1120 2869
1356 460 2658
2658 460 1356
460 1356 2658
838 417 890
417 838 890
890 417 838
323 961 1583
961 323 1583
1583 323 961
2821 151 2226
2226 151 2821
151 2226 2821
2635 357 2186
357 2186 2635
2186 357 2635
2112 1403 2496
2496 1403 2112
1403 2112 2496
1053 199 2786
2786 199 1053
199 1053 2786
2723 296 1297
296 1297 2723
1297 296 2723
1138 437 1984
437 1138 1984
1984 437 1138
1165 759 1962
759 1165 1962
1962 759 1165
955 2406 2789
2789 955 2406
2406 955 2789
1084 2052 2783
2783 1084 2052
2052 1084 2783
2743 1192 1884
1884 1192 2743
1192 1884 2743
2767 922 2918
2918 922 2767
922 2767 2918
1330 1646 2621
2621 1330 1646
1646 1330 2621
1878 503 1868
1868 503 1878
503 1868 1878
1540 862 2155
2155 862 1540
862 1540 2155
1389 353 1573
1573 353 1389
353 1389 1573
1848 1367 2017
1367 1848 2017
2017 1367 1848
2261 1073 1933
1073 1933 2261
1933 1073 2261
2655 267 1329
267 1329 2655
1329 267 2655
2487 518 1290
1290 518 2487
518 1290 2487
1926 1166 2195
2195 1166 1926
1166 1926 2195
127 1309 2358
1309 127 2358
2358 127 1309
2646 1985 2696
1985 2646 2696
2696 1985 2646
1828 699 2673
699 1828 2673
2673 699 1828
657 625 2699
2699 625 657
625 657 2699
75 918 2379
918 75 2379
2379 75 918
1960 536 2716
536 1960 2716
2716 536 1960
1123 1659 2008
2008 1123 1659
1659 1123 2008
1734 2103 2543
2103 1734 2543
2543 1734 2103
2973 82 655
655 82 2973
82 655 2973
2310 41 2648
2648 41 2310
41 2310 2648
929 959 1924
959 929 1924
1924 929 959
8 1601 2125
1601 8 2125
2125 8 1601
2682 153 523
153 523 2682
523 153 2682
2518 212 2486
2486 212 2518
212 2486 2518
176 1961 2901
2901 176 1961
1961 176 2901
2848 2597 2656
2597 2656 2848
2656 2597 2848
1739 700 2111
2111 700 1739
700 1739 2111
2301 2148 2612
2148 2301 2612
2612 2148 2301
1607 399 1382
1382 399 1607
399 1382 1607
1236 489 1702
489 1236 1702
1702 489 1236
545 999 1740
1740 545 999
999 545 1740
1637 1994 1999
1994 1637 1999
1999 1637 1994
2321 986 2350
986 2321 2350
2350 986 2321
2826 99 1453
99 1453 2826
1453 99 2826
1226 68 537
537 68 1226
68 537 1226
1030 575 2436
575 1030 2436
2436 575 1030
2854 1530 2773
1530 2773 2854
2773 1530 2854
1279 128 692
692 128 1279
128 692 1279
1254 615 2927
2927 615 1254
615 1254 2927
474 297 1376
1376 297 474
297 474 1376
2408 882 2740
2740 882 2408
882 2408 2740
2068 601 608
608 601 2068
601 608 2068
2685 54 1614
1614 54 2685
54 1614 2685
2654 196 2725
2725 196 2654
196 2654 2725
149 1201 2928
1201 149 2928
2928 149 1201
1549 1135 2156
2156 1135 1549
1135 1549 2156
448 1610 2434
1610 448 2434
2434 448 1610
1910 2039 2555
2555 1910 2039
2039 1910 2555
333 1481 2995
2995 333 1481
1481 333 2995
1897 810 2458
2458 810 1897
810 1897 2458
312 339 1802
339 312 1802
1802 312 339
315 2295 2760
2295 315 2760
2760 315 2295
368 59 1710
1710 59 368
59 368 1710
712 282 2505
2505 282 712
282 712 2505
2808 578 761
761 578 2808
578 761 2808
2902 136 365
365 136 2902
136 365 2902
2755 1139 1664
1664 1139 2755
1139 1664 2755
684 1888 2618
2618 684 1888
1888 684 2618
1737 805 1299
805 1299 1737
1299 805 1737
124 824 1595
1595 124 824
824 124 1595
1847 673 1258
1258 673 1847
673 1258 1847
895 837 2100
2100 837 895
837 895 2100
1202 2938 2984
2938 1202 2984
2984 1202 2938
335 314 1340
1340 314 335
314 335 1340
2709 1505 2552
1505 2552 2709
2552 1505 2709
1190 1507 2048
2048 1190 1507
1507 1190 2048
2512 799 2077
2077 799 2512
799 2077 2512
2933 129 1395
1395 129 2933
129 1395 2933
513 535 2428
535 513 2428
2428 513 535
1253 1682 2478
2478 1253 1682
1682 1253 2478
2717 458 663
663 458 2717
458 663 2717
1971 17 806
806 17 1971
17 806 1971
1975 596 1584
1584 596 1975
596 1584 1975
1996 1531 2974
1531 1996 2974
2974 1531 1996
1535 440 1150
440 1150 1535
1150 440 1535
77 815 2281
815 77 2281
2281 77 815
1808 848 2189
848 1808 2189
2189 848 1808
2178 203 494
203 494 2178
494 203 2178
1590 276 2381
2381 276 1590
276 1590 2381
18 2453 2843
2453 18 2843
2843 18 2453
1899 188 2115
2115 188 1899
188 1899 2115
1649 1691 2069
2069 1649 1691
1691 1649 2069
1804 821 1709
1709 821 1804
821 1709 1804
2737 1982 2934
1982 2737 2934
2934 1982 2737
1669 1079 2020
2020 1079 1669
1079 1669 2020
966 1508 1767
1767 966 1508
1508 966 1767
2754 561 1418
1418 561 2754
561 1418 2754
20 22 1163
1163 20 22
22 20 1163
1313 975 2622
2622 975 1313
975 1313 2622
1591 356 488
356 488 1591
488 356 1591
847 1921 2944
1921 847 2944
2944 847 1921
620 51 2853
51 620 2853
2853 51 620
842 257 751
751 257 842
257 751 842
2063 991 2601
2601 991 2063
991 2063 2601
1529 1164 1964
1164 1529 1964
1964 1164 1529
892 1215 2369
2369 892 1215
1215 892 2369
1825 143 2859
143 1825 2859
2859 143 1825
2331 766 1654
1654 766 2331
766 1654 2331
197 1424 2811
1424 197 2811
2811 197 1424
2498 881 1870
1870 881 2498
881 1870 2498
1949 1978 2372
1978 1949 2372
2372 1949 1978
193 198 887
198 193 887
887 193 198
1148 425 665
665 425 1148
425 665 1148
2347 165 2615
2615 165 2347
165 2347 2615
1110 274 2539
274 1110 2539
2539 274 1110
1538 1001 2667
1001 1538 2667
2667 1001 1538
911 1280 2637
2637 911 1280
1280 911 2637
1981 120 1308
1308 120 1981
120 1308 1981
2232 1527 1881
1527 1881 2232
1881 1527 2232
2469 429 1045
429 1045 2469
1045 429 2469
2385 924 1496
924 1496 2385
1496 924 2385
677 501 2165
501 677 2165
2165 501 677
2874 1398 2578
1398 2578 2874
2578 1398 2874
2426 680 1432
680 1432 2426
1432 680 2426
338 686 1228
1228 338 686
686 338 1228
1208 1615 1620
1620 1208 1615
1615 1208 1620
1257 1787 2880
1787 1257 2880
2880 1257 1787
1605 1419 2820
1419 1605 2820
2820 1419 1605
1191 2209 2230
2209 1191 2230
2230 1191 2209
1057 15 1815
1815 15 1057
15 1057 1815
330 300 340
300 330 340
340 300 330
1697 904 1993
904 1697 1993
1993 904 1697
1764 923 2816
923 1764 2816
2816 923 1764
859 172 441
172 441 859
441 172 859
531 1358 2896
1358 531 2896
2896 531 1358
1692 1673 2628
2628 1673 1692
1673 1692 2628
1372 447 1612
447 1372 1612
1612 447 1372
1660 839 2265
2265 839 1660
839 1660 2265
445 1037 1265
1265 445 1037
1037 445 1265
2034 1005 1277
1277 1005 2034
1005 1277 2034
2657 1951 2477
2477 1951 2657
1951 2477 2657
654 1845 2072
2072 654 1845
1845 654 2072
822 443 2903
443 822 2903
2903 443 822
2388 1966 2415
1966 2388 2415
2415 1966 2388
2028 2107 2132
2132 2028 2107
2107 2028 2132
2365 286 2812
2812 286 2365
286 2365 2812
2559 421 2750
421 2559 2750
2750 421 2559
880 481 1198
1198 481 880
481 880 1198
2606 1375 2490
2490 1375 2606
1375 2490 2606
2264 2534 2623
2623 2264 2534
2534 2264 2623
385 1753 2511
2511 385 1753
1753 385 2511
1898 970 2158
2158 970 1898
970 1898 2158
1941 1446 2292
2292 1446 1941
1446 1941 2292
1625 232 2269
232 1625 2269
2269 232 1625
2323 846 2098
846 2098 2323
2098 846 2323
1043 1394 2801
2801 1043 1394
1394 1043 2801
1378 886 2522
886 1378 2522
2522 886 1378
2053 2770 2935
2770 2053 2935
2935 2053 2770
641 1850 2054
1850 641 2054
2054 641 1850
55 264 1229
264 55 1229
1229 55 264
2222 947 2216
2216 947 2222
947 2216 2222
1270 1865 2346
1865 1270 2346
2346 1270 1865
398 1038 1562
1038 398 1562
1562 398 1038
192 142 2083
2083 142 192
142 192 2083
2073 218 1862
218 1862 2073
1862 218 2073
2742 97 1425
1425 97 2742
97 1425 2742
2152 1119 2374
1119 2152 2374
2374 1119 2152
2705 1892 2611
1892 2611 2705
2611 1892 2705
1292 2616 2912
2912 1292 2616
2616 1292 2912
2289 179 391
179 391 2289
391 179 2289
1327 283 831
831 283 1327
283 831 1327
1063 745 1040
745 1040 1063
1040 745 1063
2907 411 1544
1544 411 2907
411 1544 2907
1813 275 2467
2467 275 1813
275 1813 2467
2641 380 1456
380 1456 2641
1456 380 2641
1587 476 2838
476 1587 2838
2838 476 1587
707 405 784
784 405 707
405 707 784
1551 812 2001
812 1551 2001
2001 812 1551
2147 1006 2160
2160 1006 2147
1006 2147 2160
585 672 1905
1905 585 672
672 585 1905
1729 1532 1613
1532 1613 1729
1613 1532 1729
2953 2171 2866
2866 2171 2953
2171 2866 2953
2963 363 720
363 720 2963
720 363 2963
239 350 2326
2326 239 350
350 239 2326
1072 2586 2842
2842 1072 2586
2586 1072 2842
92 2317 2360
2317 92 2360
2360 92 2317
554 733 1512
1512 554 733
733 554 1512
1930 1561 2304
1561 1930 2304
2304 1561 1930
1443 1269 1429
1269 1429 1443
1429 1269 1443
1819 2062 2687
2687 1819 2062
2062 1819 2687
1436 423 946
946 423 1436
423 946 1436
772 150 1338
150 772 1338
1338 150 772
182 1715 2134
2134 182 1715
1715 182 2134
2873 1806 2715
1806 2715 2873
2715 1806 2873
2253 1471 2161
2161 1471 2253
1471 2161 2253
313 351 2833
351 313 2833
2833 313 351
2109 366 2582
2582 366 2109
366 2109 2582
2349 234 2015
2015 234 2349
234 2015 2349
12 166 1355
1355 12 166
166 12 1355
1328 1415 2566
1415 1328 2566
2566 1328 1415
778 550 1352
550 778 1352
1352 550 778
1002 1522 2857
1522 1002 2857
2857 1002 1522
1102 2337 2732
2337 1102 2732
2732 1102 2337
2836 146 1719
146 1719 2836
1719 146 2836
1838 159 2759
2759 159 1838
159 1838 2759
705 1106 2946
1106 705 2946
2946 705 1106
1867 1091 2413
2413 1091 1867
1091 1867 2413
2041 514 1374
514 1374 2041
1374 514 2041
1911 558 1837
558 1837 1911
1837 558 1911
130 1514 2258
2258 130 1514
1514 130 2258
1197 2221 2383
2383 1197 2221
2221 1197 2383
2720 1262 1326
1262 1326 2720
1326 1262 2720
2875 629 2868
2868 629 2875
629 2868 2875
1599 238 1747
238 1599 1747
1747 238 1599
248 517 1741
517 248 1741
1741 248 517
798 950 2666
950 798 2666
2666 798 950
155 65 1169
65 155 1169
1169 65 155
814 109 2066
2066 109 814
109 814 2066
2398 1576 2444
1576 2398 2444
2444 1576 2398
301 522 1883
522 301 1883
1883 301 522
1504 572 2294
572 1504 2294
2294 572 1504
1626 529 903
903 529 1626
529 903 1626
200 1092 1484
1484 200 1092
1092 200 1484
1803 1161 1645
1645 1161 1803
1161 1645 1803
241 145 468
145 241 468
468 145 241
1661 30 1180
1180 30 1661
30 1180 1661
2889 1400 1855
1400 1855 2889
1855 1400 2889
2575 1521 1995
1995 1521 2575
1521 1995 2575
1579 1294 2701
2701 1294 1579
1294 1579 2701
1810 600 2454
600 1810 2454
2454 600 1810
50 1859 2139
2139 50 1859
1859 50 2139
2967 2517 2653
2653 2517 2967
2517 2653 2967
1009 2491 2516
2516 1009 2491
2491 1009 2516
322 73 1969
73 322 1969
1969 73 322
2342 682 1203
1203 682 2342
682 1203 2342
1407 222 369
222 369 1407
369 222 1407
2862 1497 1950
1497 1950 2862
1950 1497 2862
1575 1775 2318
1775 1575 2318
2318 1575 1775
1319 1315 2849
1315 1319 2849
2849 1315 1319
1284 836 1126
836 1126 1284
1126 836 1284
2528 556 695
556 695 2528
695 556 2528
2135 1243 2283
2283 1243 2135
1243 2135 2283
1055 169 530
530 169 1055
169 530 1055
362 678 2035
2035 362 678
678 362 2035
1679 1335 1384
1335 1384 1679
1384 1335 1679
1680 1495 1594
1594 1495 1680
1495 1594 1680
1346 1217 1805
1217 1346 1805
1805 1217 1346
920 224 2914
224 920 2914
2914 224 920
1390 1713 1834
1713 1390 1834
1834 1390 1713
83 2078 2581
2078 83 2581
2581 83 2078
2596 121 2644
2644 121 2596
121 2596 2644
2633 671 2043
671 2043 2633
2043 671 2633
439 37 1260
37 439 1260
1260 37 439
709 1323 2668
2668 709 1323
1323 709 2668
2246 499 726
499 726 2246
726 499 2246
2010 2025 2960
2960 2010 2025
2025 2010 2960
1383 2074 2217
2217 1383 2074
2074 1383 2217
329 167 818
167 329 818
818 167 329
2327 367 2756
2756 367 2327
367 2327 2756
231 1628 2168
2168 231 1628
1628 231 2168
782 2192 2299
2192 782 2299
2299 782 2192
2070 302 902
302 902 2070
902 302 2070
2108 1143 1486
1143 1486 2108
1486 1143 2108
154 1889 2472
1889 154 2472
2472 154 1889
2390 619 976
976 619 2390
619 976 2390
1820 2363 2468
2363 1820 2468
2468 1820 2363
1928 1242 2479
1242 1928 2479
2479 1242 1928
599 645 1248
645 599 1248
1248 599 645
825 1687 2183
1687 825 2183
2183 825 1687
42 760 1286
1286 42 760
760 42 1286
1705 1059 2931
1059 1705 2931
2931 1059 1705
1304 1296 2585
2585 1296 1304
1296 1304 2585
1364 258 1693
258 1364 1693
1693 258 1364
2470 2389 2697
2389 2470 2697
2697 2389 2470
116 828 926
926 116 828
828 116 926
2841 2187 2497
2497 2187 2841
2187 2497 2841
1066 1025 1564
1564 1025 1066
1025 1066 1564
2257 1413 2204
2204 1413 2257
1413 2204 2257
1318 60 2386
60 1318 2386
2386 60 1318
1643 467 1305
1305 467 1643
467 1305 1643
1112 637 1997
1997 637 1112
637 1112 1997
152 1638 2921
2921 152 1638
1638 152 2921
1214 2263 2727
2263 1214 2727
2727 1214 2263
106 451 1545
1545 106 451
451 106 1545
2194 1493 1658
1658 1493 2194
1493 1658 2194
2355 1427 1465
1427 1465 2355
1465 1427 2355
2503 1439 1856
1439 1856 2503
1856 1439 2503
2464 157 324
157 324 2464
324 157 2464
497 36 328
328 36 497
36 328 497
1080 1756 2231
2231 1080 1756
1756 1080 2231
1537 520 2893
520 1537 2893
2893 520 1537
981 370 2937
370 981 2937
2937 370 981
613 2181 2872
2872 613 2181
2181 613 2872
867 840 2420
840 867 2420
2420 840 867
2858 607 2038
2038 607 2858
607 2038 2858
1332 2548 2962
2548 1332 2962
2962 1332 2548
115 213 2999
2999 115 213
213 115 2999
2013 397 2011
2011 397 2013
397 2011 2013
2975 2401 2864
2864 2401 2975
2401 2864 2975
1350 883 2998
2998 883 1350
883 1350 2998
486 2149 2747
2747 486 2149
2149 486 2747
2590 651 910
651 910 2590
910 651 2590
2457 246 2254
2254 246 2457
246 2254 2457
876 1302 1339
1339 876 1302
1302 876 1339
2591 1200 2604
2604 1200 2591
1200 2591 2604
1627 1109 1510
1109 1510 1627
1510 1109 1627
2451 1552 2431
1552 2431 2451
2431 1552 2451
667 516 1799
516 667 1799
1799 516 667
2551 194 1218
1218 194 2551
194 1218 2551
656 1298 2322
1298 656 2322
2322 656 1298
1685 963 1259
963 1259 1685
1259 963 1685
1047 1017 1553
1017 1047 1553
1553 1017 1047
384 1581 2823
2823 384 1581
1581 384 2823
1696 653 2598
2598 653 1696
653 1696 2598
2565 2029 2980
2029 2565 2980
2980 2029 2565
2724 1754 2521
2521 1754 2724
1754 2521 2724
2587 1722 1746
1722 1746 2587
1746 1722 2587
2277 574 2088
2088 574 2277
574 2088 2277
2795 13 860
13 860 2795
860 13 2795
718 189 1264
189 718 1264
1264 189 718
131 669 2241
2241 131 669
669 131 2241
1906 107 804
804 107 1906
107 804 1906
1373 555 740
740 555 1373
555 740 1373
635 292 1440
1440 292 635
292 635 1440
2878 676 2124
2124 676 2878
676 2124 2878
1861 52 2091
52 1861 2091
2091 52 1861
730 1758 2772
1758 730 2772
2772 730 1758
1133 1421 2233
1421 1133 2233
2233 1133 1421
1568 985 2167
2167 985 1568
985 1568 2167
2892 24 477
477 24 2892
24 477 2892
954 750 1671
750 954 1671
1671 750 954
2014 630 2777
630 2014 2777
2777 630 2014
1909 383 661
383 661 1909
661 383 1909
722 98 753
753 98 722
98 722 753
1322 1647 1952
1647 1322 1952
1952 1322 1647
541 444 652
652 444 541
444 541 652
1558 738 1662
1662 738 1558
738 1558 1662
1015 273 2871
2871 273 1015
273 1015 2871
1609 674 1274
1274 674 1609
674 1274 1609
2985 16 1096
1096 16 2985
16 1096 2985
2343 1635 2003
1635 2003 2343
2003 1635 2343
1207 3 796
796 3 1207
3 796 1207
2362 775 1093
1093 775 2362
775 1093 2362
2837 2199 2296
2296 2199 2837
2199 2296 2837
2332 478 1461
1461 478 2332
478 1461 2332
1509 1771 2757
2757 1509 1771
1771 1509 2757
1434 685 1492
1492 685 1434
685 1434 1492
898 526 573
526 573 898
573 526 898
2567 1843 2193
1843 2193 2567
2193 1843 2567
2471 644 1934
1934 644 2471
644 1934 2471
1282 1940 2169
2169 1282 1940
1940 1282 2169
506 1411 2672
2672 506 1411
1411 506 2672
697 623 1140
623 697 1140
1140 623 697
1487 1295 2027
1295 1487 2027
2027 1295 1487
2095 1051 2061
2061 1051 2095
1051 2061 2095
456 1485 2502
2502 456 1485
1485 456 2502
271 930 1129
930 271 1129
1129 271 930
1811 208 993
993 208 1811
208 993 1811
1759 317 1743
1743 317 1759
317 1743 1759
729 1071 2639
1071 729 2639
2639 729 1071
1422 1003 1287
1287 1003 1422
1003 1287 1422
1249 969 1932
969 1249 1932
1932 969 1249
1116 1913 2814
1913 1116 2814
2814 1116 1913
1672 358 465
465 358 1672
358 465 1672
723 933 1517
1517 723 933
933 723 1517
2272 2154 2779
2154 2272 2779
2779 2154 2272
1146 965 1963
965 1146 1963
1963 965 1146
1917 308 576
308 576 1917
576 308 1917
2162 1098 2876
1098 2162 2876
2876 1098 2162
1923 1459 2037
2037 1459 1923
1459 1923 2037
2172 2330 2366
2330 2172 2366
2366 2172 2330
1301 1469 1780
1469 1301 1780
1780 1301 1469
1773 2733 2865
2865 1773 2733
2733 1773 2865
891 1534 2215
1534 891 2215
2215 891 1534
640 996 997
997 640 996
996 640 997
2268 1028 1683
1683 1028 2268
1028 1683 2268
1852 287 2089
287 1852 2089
2089 287 1852
2531 91 1122
91 1122 2531
1122 91 2531
2455 162 464
464 162 2455
162 464 2455
457 990 2144
990 457 2144
2144 457 990
79 1602 1812
1812 79 1602
1602 79 1812
1768 1044 1061
1061 1044 1768
1044 1061 1768
2419 247 428
428 247 2419
247 428 2419
1048 2519 2556
2556 1048 2519
2519 1048 2556
81 88 780
780 81 88
88 81 780
2175 1081 1132
1132 1081 2175
1081 1132 2175
180 217 977
977 180 217
217 180 977
1391 704 1316
704 1316 1391
1316 704 1391
1452 788 2266
2266 788 1452
788 1452 2266
1954 378 1380
378 1380 1954
1380 378 1954
2463 1281 2736
2736 1281 2463
1281 2463 2736
2422 183 771
771 183 2422
183 771 2422
741 553 565
565 553 741
553 565 741
415 1121 2721
1121 415 2721
2721 415 1121
1184 1827 1831
1827 1184 1831
1831 1184 1827
1417 2448 2579
2448 1417 2579
2579 1417 2448
894 1480 1894
1480 894 1894
1894 894 1480
2529 664 2206
664 2206 2529
2206 664 2529
290 289 2536
2536 289 290
289 290 2536
249 1012 2430
1012 249 2430
2430 249 1012
1893 1387 2092
1387 1893 2092
2092 1387 1893
23 1633 2588
2588 23 1633
1633 23 2588
446 2802 2924
2802 446 2924
2924 446 2802
1426 2255 2405
2405 1426 2255
2255 1426 2405
1170 739 834
834 739 1170
739 834 1170
2729 2652 2945
2945 2652 2729
2652 2729 2945
2492 727 1629
1629 727 2492
727 1629 2492
2393 1008 1482
1008 1482 2393
1482 1008 2393
2416 856 1334
856 1334 2416
1334 856 2416
1781 884 2671
884 1781 2671
2671 884 1781
377 293 1311
1311 293 377
293 377 1311
913 925 1902
1902 913 925
925 913 1902
2259 269 2870
2870 269 2259
269 2259 2870
2728 352 1359
352 1359 2728
1359 352 2728
660 221 1821
221 660 1821
1821 221 660
1317 802 979
802 979 1317
979 802 1317
2450 381 691
381 691 2450
691 381 2450
2456 2 2689
2689 2 2456
2 2456 2689
422 47 347
47 347 422
347 47 422
1435 1777 1849
1777 1435 1849
1849 1435 1777
147 1095 2489
1095 147 2489
2489 147 1095
2290 868 2316
2316 868 2290
868 2290 2316
589 69 639
639 69 589
69 589 639
498 1381 2203
2203 498 1381
1381 498 2203
2949 2726 2830
2830 2726 2949
2726 2830 2949
2370 586 2143
586 2143 2370
2143 586 2370
1083 548 1943
1943 548 1083
548 1083 1943
937 2446 2744
2744 937 2446
2446 937 2744
45 809 1160
809 45 1160
1160 45 809
2981 2336 2507
2336 2507 2981
2507 2336 2981
2359 2223 2577
2223 2359 2577
2577 2223 2359
1152 2040 2550
2040 1152 2550
2550 1152 2040
14 801 1578
801 14 1578
1578 14 801
140 1408 1735
1735 140 1408
1408 140 1735
2440 256 433
433 256 2440
256 433 2440
1748 373 2829
2829 373 1748
373 1748 2829
582 1801 1885
1885 582 1801
1801 582 1885
2340 595 747
747 595 2340
595 747 2340
1414 790 2834
2834 790 1414
790 1414 2834
2481 2357 2979
2979 2357 2481
2357 2481 2979
2396 1058 2558
2558 1058 2396
1058 2396 2558
1463 1219 1240
1219 1240 1463
1240 1219 1463
564 770 1655
1655 564 770
770 564 1655
2992 1642 2090
1642 2090 2992
2090 1642 2992
951 1473 2882
1473 951 2882
2882 951 1473
1042 634 2659
634 1042 2659
2659 634 1042
2022 1967 2560
2560 1967 2022
1967 2022 2560
2766 1992 2000
1992 2000 2766
2000 1992 2766
2198 1324 2201
2201 1324 2198
1324 2198 2201
173 480 1393
480 173 1393
1393 173 480
1582 454 995
995 454 1582
454 995 1582
1082 2306 2589
2589 1082 2306
2306 1082 2589
206 1172 1792
1792 206 1172
1172 206 1792
1750 1501 2969
1501 1750 2969
2969 1501 1750
2138 434 2110
434 2110 2138
2110 434 2138
2250 1178 1397
1178 1397 2250
1397 1178 2250
2213 1974 2573
1974 2213 2573
2573 1974 2213
2910 826 2993
2993 826 2910
826 2910 2993
305 1793 2237
1793 305 2237
2237 305 1793
909 742 1676
1676 742 909
742 909 1676
1268 219 1876
1876 219 1268
219 1268 1876
2791 1235 2780
2780 1235 2791
1235 2780 2791
611 359 2341
2341 359 611
359 611 2341
510 49 1085
49 510 1085
1085 49 510
38 1069 2082
1069 38 2082
2082 38 1069
2600 690 1652
1652 690 2600
690 1652 2600
649 1916 2473
1916 649 2473
2473 649 1916
1800 956 2150
2150 956 1800
956 1800 2150
304 1162 1776
1776 304 1162
1162 304 1776
1149 1832 2940
2940 1149 1832
1832 1149 2940
355 1291 2627
2627 355 1291
1291 355 2627
1101 1020 1216
1020 1101 1216
1216 1020 1101
569 413 964
964 413 569
413 569 964
1029 2094 2271
2094 1029 2271
2271 1029 2094
2452 928 2741
928 2452 2741
2741 928 2452
1518 939 1289
939 1289 1518
1289 939 1518
2285 610 2583
2583 610 2285
610 2285 2583
118 1064 1823
1823 118 1064
1064 118 1823
1526 202 1571
202 1526 1571
1571 202 1526
2099 1546 2913
2913 1546 2099
1546 2099 2913
178 1788 1989
1788 178 1989
1989 178 1788
1225 583 2670
583 1225 2670
2670 583 1225
927 2423 2922
2423 927 2922
2922 927 2423
1173 1600 2102
2102 1173 1600
1600 1173 2102
1791 1937 2620
2620 1791 1937
1937 1791 2620
2850 1900 2427
2427 1900 2850
1900 2427 2850
1124 602 983
983 602 1124
602 983 1124
598 532 2695
2695 532 598
532 598 2695
2977 244 2392
244 2392 2977
2392 244 2977
1245 693 1630
1630 693 1245
693 1245 1630
1231 281 855
855 281 1231
281 855 1231
2796 496 2920
2920 496 2796
496 2796 2920
942 861 2251
2251 861 942
861 942 2251
1611 1134 2939
2939 1134 1611
1134 1611 2939
1674 872 1569
1569 872 1674
872 1569 1674
2184 410 2482
2482 410 2184
410 2184 2482
1077 870 1798
1798 870 1077
870 1077 1798
2087 626 900
626 900 2087
900 626 2087
396 1145 2459
1145 396 2459
2459 396 1145
2298 490 2569
490 2298 2569
2569 490 2298
344 133 1462
133 344 1462
1462 133 344
348 732 1034
1034 348 732
732 348 1034
2983 1431 2439
1431 2439 2983
2439 1431 2983
2638 2009 2116
2009 2116 2638
2116 2009 2638
2141 813 2354
2354 813 2141
813 2141 2354
2019 1379 1786
1786 1379 2019
1379 1786 2019
1618 2196 2483
2483 1618 2196
2196 1618 2483
1636 509 2425
2425 509 1636
509 1636 2425
521 1194 2610
1194 521 2610
2610 521 1194
1000 210 2501
2501 210 1000
210 1000 2501
2987 622 2021
622 2021 2987
2021 622 2987
1606 85 2966
2966 85 1606
85 1606 2966
2734 1402 2971
2971 1402 2734
1402 2734 2971
2900 306 325
325 306 2900
306 325 2900
755 316 404
316 404 755
404 316 755
710 2096 2211
2211 710 2096
2096 710 2211
2563 1458 1956
1458 1956 2563
1956 1458 2563
1502 736 1181
1181 736 1502
736 1181 1502
1405 827 1026
1026 827 1405
827 1026 1405
2996 889 2625
2625 889 2996
889 2625 2996
560 725 2541
2541 560 725
725 560 2541
104 214 737
214 104 737
737 104 214
345 1357 1874
1874 345 1357
1357 345 1874
1694 1650 2714
2714 1650 1694
1650 1694 2714
44 1046 1271
1271 44 1046
1046 44 1271
1478 2344 2445
2445 1478 2344
2344 1478 2445
34 298 1983
298 34 1983
1983 34 298
2397 418 1451
1451 418 2397
418 1451 2397
1648 1019 1979
1019 1648 1979
1979 1019 1648
2328 96 1476
1476 96 2328
96 1476 2328
719 175 2642
175 719 2642
2642 175 719
2494 462 869
462 869 2494
869 462 2494
591 845 1809
845 591 1809
