22407 7095 13959
13959 7095 22407
7095 13959 22407
17305 10514 19262
10514 17305 19262
19262 10514 17305
4887 6496 10916
6496 4887 10916
10916 4887 6496
24111 28865 29389
28865 24111 29389
29389 24111 28865
9765 8872 12462
12462 8872 9765
8872 9765 12462
21100 22171 26004
22171 21100 26004
26004 21100 22171
27926 10862 28048
28048 10862 27926
10862 27926 28048
5991 7631 13457
7631 5991 13457
13457 5991 7631
13023 8841 26369
8841 13023 26369
26369 8841 13023
24195 2031 21418
21418 2031 24195
2031 21418 24195
1671 2420 3339
3339 1671 2420
2420 1671 3339
3029 2742 15517
15517 2742 3029
2742 3029 15517
21192 10316 16063
16063 10316 21192
10316 16063 21192
3843 2842 17281
17281 2842 3843
2842 3843 17281
15543 16794 27794
16794 15543 27794
27794 15543 16794
8575 4114 20676
4114 8575 20676
20676 4114 8575
17102 16247 29116
29116 16247 17102
16247 17102 29116
23171 7770 11255
7770 11255 23171
11255 7770 23171
3740 7950 25291
7950 3740 25291
25291 3740 7950
17979 17903 26526
26526 17903 17979
17903 17979 26526
29989 16521 25057
25057 16521 29989
16521 25057 29989
1961 463 18816
18816 463 1961
463 1961 18816
6149 5926 25537
25537 5926 6149
5926 6149 25537
29363 10031 13761
13761 10031 29363
10031 13761 29363
11644 18309 21196
18309 11644 21196
21196 11644 18309
28229 5767 23801
5767 23801 28229
23801 5767 28229
10768 7837 15909
7837 10768 15909
15909 7837 10768
14121 17367 19095
19095 14121 17367
17367 14121 19095
29595 14897 15681
15681 14897 29595
14897 15681 29595
12107 7697 24249
24249 7697 12107
7697 12107 24249
19743 20674 25912
20674 19743 25912
25912 19743 20674
8979 3194 17226
3194 8979 17226
17226 3194 8979
5182 19049 23321
23321 5182 19049
19049 5182 23321
19180 1126 14903
14903 1126 19180
1126 14903 19180
8708 21240 28983
21240 8708 28983
28983 8708 21240
4288 2081 17247
2081 4288 17247
17247 2081 4288
1871 24970 28294
28294 1871 24970
24970 1871 28294
13997 7658 27506
7658 13997 27506
27506 7658 13997
13158 14246 20861
20861 13158 14246
14246 13158 20861
24866 6755 23723
6755 23723 24866
23723 6755 24866
24081 9877 12670
9877 12670 24081
12670 9877 24081
7007 24477 25680
24477 7007 25680
25680 7007 24477
18601 1485 11525
1485 11525 18601
11525 1485 18601
20543 466 26016
26016 466 20543
466 20543 26016
19279 3715 6627
6627 3715 19279
3715 6627 19279
17697 20716 22655
22655 17697 20716
20716 17697 22655
20572 15427 24478
15427 20572 24478
24478 15427 20572
2064 4519 12875
4519 2064 12875
12875 2064 4519
23683 1222 23865
23865 1222 23683
1222 23683 23865
23037 14805 18149
18149 14805 23037
14805 18149 23037
6582 15326 27422
15326 6582 27422
27422 6582 15326
9482 15611 26867
15611 9482 26867
26867 9482 15611
26744 9013 29647
9013 26744 29647
29647 9013 26744
21622 13520 25047
25047 13520 21622
13520 21622 25047
27545 18756 23149
23149 18756 27545
18756 23149 27545
12540 5363 29534
29534 5363 12540
5363 12540 29534
13897 1936 8941
8941 1936 13897
1936 8941 13897
20974 699 23299
699 20974 23299
23299 699 20974
21355 5282 26255
5282 21355 26255
26255 5282 21355
4938 8628 21565
21565 4938 8628
8628 4938 21565
9185 5301 5783
5301 5783 9185
5783 5301 9185
9465 3686 27622
3686 9465 27622
27622 3686 9465
6982 21032 26311
21032 6982 26311
26311 6982 21032
14710 4310 29297
4310 14710 29297
29297 4310 14710
6452 866 29961
866 6452 29961
29961 866 6452
3543 14473 23764
14473 3543 23764
23764 3543 14473
11572 245 28788
28788 245 11572
245 11572 28788
25430 11204 26303
26303 11204 25430
11204 25430 26303
3188 5061 19636
5061 3188 19636
19636 3188 5061
11670 13607 14900
13607 11670 14900
14900 11670 13607
8048 12287 24781
12287 8048 24781
24781 8048 12287
24491 5193 10714
10714 5193 24491
5193 10714 24491
2437 1024 23772
23772 1024 2437
1024 2437 23772
14523 14220 21008
14220 14523 21008
21008 14220 14523
25194 6138 9488
9488 6138 25194
6138 9488 25194
9881 8750 17492
17492 8750 9881
8750 9881 17492
22061 28376 29077
28376 22061 29077
29077 22061 28376
16270 20692 24416
20692 16270 24416
24416 16270 20692
13699 7011 13758
7011 13699 13758
13758 7011 13699
21620 11720 25827
11720 21620 25827
25827 11720 21620
12780 4576 21592
21592 4576 12780
4576 12780 21592
2799 4164 4371
4164 2799 4371
4371 2799 4164
9021 12655 22525
22525 9021 12655
12655 9021 22525
10587 13646 26610
13646 10587 26610
26610 10587 13646
15655 15735 26743
15735 15655 26743
26743 15655 15735
3148 15943 17744
15943 3148 17744
17744 3148 15943
13797 16795 26738
16795 13797 26738
26738 13797 16795
18675 2249 8658
8658 2249 18675
2249 8658 18675
8368 5819 14971
14971 5819 8368
5819 8368 14971
15497 2470 10748
2470 10748 15497
10748 2470 15497
19391 4436 19691
4436 19391 19691
19691 4436 19391
16306 2656 4296
2656 4296 16306
4296 2656 16306
21071 20022 21199
21199 20022 21071
20022 21071 21199
4743 801 8725
8725 801 4743
801 4743 8725
17931 4958 13313
13313 4958 17931
4958 13313 17931
21044 884 20878
20878 884 21044
884 20878 21044
2364 12044 19627
12044 2364 19627
19627 2364 12044
15806 23734 27989
27989 15806 23734
23734 15806 27989
13512 5908 16575
5908 13512 16575
16575 5908 13512
17481 18673 20054
20054 17481 18673
18673 17481 20054
20139 2803 16021
16021 2803 20139
2803 16021 20139
17379 12755 16616
12755 16616 17379
16616 12755 17379
19133 2855 10464
10464 2855 19133
2855 10464 19133
27299 4771 8240
4771 8240 27299
8240 4771 27299
9899 673 9200
673 9200 9899
9200 673 9899
17381 5941 10650
5941 10650 17381
10650 5941 17381
15593 9715 19054
9715 15593 19054
19054 9715 15593
5520 14870 26710
26710 5520 14870
14870 5520 26710
292 13542 25083
13542 292 25083
25083 292 13542
7328 4182 28767
28767 4182 7328
4182 7328 28767
26940 4816 20252
20252 4816 26940
4816 20252 26940
24225 17675 27328
17675 24225 27328
27328 17675 24225
10173 4587 8794
4587 8794 10173
8794 4587 10173
26975 1118 22174
22174 1118 26975
1118 22174 26975
13132 9685 17323
9685 13132 17323
17323 9685 13132
18690 15312 22659
15312 18690 22659
22659 15312 18690
21195 5737 22810
22810 5737 21195
5737 21195 22810
21261 4522 13251
4522 13251 21261
13251 4522 21261
22918 23741 28188
23741 22918 28188
28188 22918 23741
27735 4317 12327
4317 12327 27735
12327 4317 27735
26800 4843 25011
4843 25011 26800
25011 4843 26800
23464 9871 23423
23423 9871 23464
9871 23423 23464
5829 20715 27116
20715 5829 27116
27116 5829 20715
24094 2860 2929
2860 2929 24094
2929 2860 24094
15834 9363 24945
24945 9363 15834
9363 15834 24945
1948 2890 4726
2890 1948 4726
4726 1948 2890
5947 3609 15979
15979 3609 5947
3609 5947 15979
29118 7725 11770
7725 11770 29118
11770 7725 29118
8483 8736 11116
8736 8483 11116
11116 8483 8736
12782 6654 25255
25255 6654 12782
6654 12782 25255
6794 5085 5251
5251 5085 6794
5085 5251 6794
12618 1902 21981
1902 12618 21981
21981 1902 12618
5871 8314 23778
23778 5871 8314
8314 5871 23778
28324 15283 16418
15283 16418 28324
16418 15283 28324
17948 13071 18809
18809 13071 17948
13071 17948 18809
10804 10557 10680
10680 10557 10804
10557 10680 10804
29567 4844 28853
4844 28853 29567
28853 4844 29567
4573 9859 24461
24461 4573 9859
9859 4573 24461
7710 4690 23591
23591 4690 7710
4690 7710 23591
21996 15405 23605
15405 21996 23605
23605 15405 21996
21640 1427 5226
5226 1427 21640
1427 5226 21640
6741 5535 16820
5535 6741 16820
16820 5535 6741
16320 9951 25512
9951 16320 25512
25512 9951 16320
26797 530 19615
530 19615 26797
19615 530 26797
16004 214 27009
27009 214 16004
214 16004 27009
26980 21496 27695
27695 21496 26980
21496 26980 27695
22267 6152 19025
6152 19025 22267
19025 6152 22267
8192 9632 11846
11846 8192 9632
9632 8192 11846
19349 7798 12595
7798 12595 19349
12595 7798 19349
354 10196 12098
12098 354 10196
10196 354 12098
228 6411 13374
6411 228 13374
13374 228 6411
2550 12209 21340
12209 2550 21340
21340 2550 12209
8922 3677 10456
3677 8922 10456
10456 3677 8922
12418 22926 29969
22926 12418 29969
29969 12418 22926
22552 15295 28694
15295 22552 28694
28694 15295 22552
8328 13854 25521
25521 8328 13854
13854 8328 25521
8837 546 24293
24293 546 8837
546 8837 24293
16982 469 10439
469 10439 16982
10439 469 16982
23961 24552 27613
24552 23961 27613
27613 23961 24552
20288 22832 24504
24504 20288 22832
22832 20288 24504
5198 11233 19282
19282 5198 11233
11233 5198 19282
1214 12805 28960
28960 1214 12805
12805 1214 28960
6848 3256 28180
28180 3256 6848
3256 6848 28180
24896 24497 26066
26066 24497 24896
24497 24896 26066
10104 8727 11487
8727 10104 11487
11487 8727 10104
443 1928 16285
16285 443 1928
1928 443 16285
18125 10834 27975
27975 10834 18125
10834 18125 27975
25658 11081 17184
11081 17184 25658
17184 11081 25658
27639 4651 13534
4651 13534 27639
13534 4651 27639
3610 5932 23906
23906 3610 5932
5932 3610 23906
14946 6850 19119
19119 6850 14946
6850 14946 19119
8405 5249 7069
7069 5249 8405
5249 7069 8405
26694 852 28664
852 26694 28664
28664 852 26694
14497 854 3907
3907 854 14497
854 3907 14497
21003 10067 22584
22584 10067 21003
10067 21003 22584
4039 18266 20112
20112 4039 18266
18266 4039 20112
17083 19311 29092
19311 17083 29092
29092 17083 19311
2533 9744 10564
9744 2533 10564
10564 2533 9744
27073 9576 28347
28347 9576 27073
9576 27073 28347
29565 21491 29171
29171 21491 29565
21491 29171 29565
20530 2982 13639
2982 13639 20530
13639 2982 20530
15041 5325 17856
5325 15041 17856
17856 5325 15041
17265 24550 26464
26464 17265 24550
24550 17265 26464
8944 6373 22870
6373 8944 22870
22870 6373 8944
10137 24201 29099
24201 10137 29099
29099 10137 24201
5578 657 13009
13009 657 5578
657 5578 13009
18248 6407 19844
6407 18248 19844
19844 6407 18248
28496 3702 20610
3702 20610 28496
20610 3702 28496
14134 9141 27373
9141 14134 27373
27373 9141 14134
21000 1060 24114
24114 1060 21000
1060 21000 24114
7828 8119 16568
8119 7828 16568
16568 7828 8119
4538 15851 21270
15851 4538 21270
21270 4538 15851
26621 9575 15978
15978 9575 26621
9575 15978 26621
11959 1779 7656
7656 1779 11959
1779 7656 11959
24386 529 23537
529 23537 24386
23537 529 24386
4650 736 11812
736 4650 11812
11812 736 4650
23557 9216 17398
9216 17398 23557
17398 9216 23557
17230 8823 14603
14603 8823 17230
8823 14603 17230
26079 2708 14968
14968 2708 26079
2708 14968 26079
17356 13140 18729
13140 17356 18729
18729 13140 17356
3635 13008 29383
29383 3635 13008
13008 3635 29383
14529 9231 22618
9231 14529 22618
22618 9231 14529
29890 12459 26680
26680 12459 29890
12459 26680 29890
21365 17648 18639
18639 17648 21365
17648 18639 21365
14348 18112 20756
18112 14348 20756
20756 14348 18112
15012 8661 28570
8661 15012 28570
28570 8661 15012
22648 17754 26223
26223 17754 22648
17754 22648 26223
25781 6642 19363
19363 6642 25781
6642 19363 25781
22735 15168 23374
15168 22735 23374
23374 15168 22735
16878 2817 19952
19952 2817 16878
2817 16878 19952
579 8400 20025
20025 579 8400
8400 579 20025
9497 12674 26834
26834 9497 12674
12674 9497 26834
27442 230 10438
230 10438 27442
10438 230 27442
23648 11228 24508
24508 11228 23648
11228 23648 24508
1435 5748 20416
5748 1435 20416
20416 1435 5748
16881 10338 27716
27716 10338 16881
10338 16881 27716
1041 862 4751
862 1041 4751
4751 862 1041
28800 9628 19254
9628 19254 28800
19254 9628 28800
21729 13769 18496
18496 13769 21729
13769 18496 21729
18998 2776 6613
2776 6613 18998
6613 2776 18998
13229 21171 27337
27337 13229 21171
21171 13229 27337
15578 12881 20076
20076 12881 15578
12881 15578 20076
5599 14135 23028
14135 5599 23028
23028 5599 14135
17490 43 11266
43 11266 17490
11266 43 17490
12930 14832 15235
14832 12930 15235
15235 12930 14832
2525 18514 23332
18514 2525 23332
23332 2525 18514
6127 560 3890
560 3890 6127
3890 560 6127
3774 2285 19408
19408 2285 3774
2285 3774 19408
2043 13846 23493
23493 2043 13846
13846 2043 23493
12038 8444 12104
12104 8444 12038
8444 12038 12104
17343 18283 29764
18283 17343 29764
29764 17343 18283
6941 3589 24931
3589 6941 24931
24931 3589 6941
14090 17147 22807
22807 14090 17147
17147 14090 22807
26258 7654 25110
7654 25110 26258
25110 7654 26258
6644 20840 23419
23419 6644 20840
20840 6644 23419
26085 1006 18878
18878 1006 26085
1006 18878 26085
19358 12017 13739
13739 12017 19358
12017 13739 19358
24488 4933 27492
4933 24488 27492
27492 4933 24488
21320 2737 19256
2737 19256 21320
19256 2737 21320
21097 8695 24890
24890 8695 21097
8695 21097 24890
22159 16988 17959
17959 16988 22159
16988 17959 22159
17981 17901 29977
17901 17981 29977
29977 17901 17981
27254 5516 26564
5516 26564 27254
26564 5516 27254
21429 6378 20247
6378 20247 21429
20247 6378 21429
27072 16965 25559
25559 16965 27072
16965 25559 27072
22897 21865 24223
21865 22897 24223
24223 21865 22897
9063 7847 18013
18013 7847 9063
7847 9063 18013
24688 8689 18540
8689 18540 24688
18540 8689 24688
28702 8461 17466
8461 17466 28702
17466 8461 28702
13465 3423 14341
3423 13465 14341
14341 3423 13465
13718 9309 27082
9309 13718 27082
27082 9309 13718
15711 7869 13007
13007 7869 15711
7869 13007 15711
533 926 14106
926 533 14106
14106 533 926
26882 1361 8182
8182 1361 26882
1361 8182 26882
8685 8203 29419
29419 8203 8685
8203 8685 29419
21440 7104 24200
24200 7104 21440
7104 21440 24200
19742 15961 16704
16704 15961 19742
15961 16704 19742
12694 5738 7320
5738 7320 12694
7320 5738 12694
6184 15515 17244
17244 6184 15515
15515 6184 17244
25285 3961 24898
3961 24898 25285
24898 3961 25285
15913 10215 25263
10215 15913 25263
25263 10215 15913
11378 14217 15442
14217 11378 15442
15442 11378 14217
19450 4142 10659
4142 10659 19450
10659 4142 19450
4106 8244 15200
15200 4106 8244
8244 4106 15200
7211 13477 14861
14861 7211 13477
13477 7211 14861
10177 2483 22242
2483 10177 22242
22242 2483 10177
23758 12647 29750
12647 23758 29750
29750 12647 23758
1271 21641 26338
21641 1271 26338
26338 1271 21641
4562 18417 23594
18417 4562 23594
23594 4562 18417
13486 15509 28703
15509 13486 28703
28703 13486 15509
9 14128 15544
14128 9 15544
15544 9 14128
25415 7645 18195
7645 18195 25415
18195 7645 25415
12014 12292 22077
12292 12014 22077
22077 12014 12292
1813 19886 22044
19886 1813 22044
22044 1813 19886
19532 1308 24326
1308 19532 24326
24326 1308 19532
25128 11122 22969
11122 22969 25128
22969 11122 25128
889 510 17352
510 889 17352
17352 510 889
13169 11150 17545
17545 11150 13169
11150 13169 17545
24308 14164 17180
14164 17180 24308
17180 14164 24308
20261 7726 15316
15316 7726 20261
7726 15316 20261
4571 2083 10638
10638 2083 4571
2083 4571 10638
29684 7009 29676
7009 29676 29684
29676 7009 29684
967 22718 24938
24938 967 22718
22718 967 24938
15794 3987 7602
3987 7602 15794
7602 3987 15794
10446 11821 15226
15226 10446 11821
11821 10446 15226
24517 9813 23780
9813 23780 24517
23780 9813 24517
26186 2976 4183
2976 4183 26186
4183 2976 26186
15106 872 3887
872 3887 15106
3887 872 15106
2556 19530 27190
27190 2556 19530
19530 2556 27190
20507 24771 26719
26719 20507 24771
24771 20507 26719
16086 7698 20718
20718 7698 16086
7698 16086 20718
24313 10320 27096
10320 24313 27096
27096 10320 24313
28781 1095 14374
1095 14374 28781
14374 1095 28781
11023 4405 13635
13635 4405 11023
4405 11023 13635
4834 7369 22378
22378 4834 7369
7369 4834 22378
4080 4104 19074
19074 4080 4104
4104 4080 19074
13188 5744 14476
5744 13188 14476
14476 5744 13188
19536 11486 16127
11486 16127 19536
16127 11486 19536
17016 1167 18039
18039 1167 17016
1167 17016 18039
11823 5676 21752
5676 11823 21752
21752 5676 11823
12806 3361 26389
3361 12806 26389
26389 3361 12806
27245 9229 28005
28005 9229 27245
9229 27245 28005
12790 11174 14819
11174 12790 14819
14819 11174 12790
11312 12505 29051
12505 11312 29051
29051 11312 12505
8976 7292 21132
7292 8976 21132
21132 7292 8976
9383 6932 18860
6932 9383 18860
18860 6932 9383
23516 262 25832
262 23516 25832
25832 262 23516
3054 1757 26775
1757 3054 26775
26775 1757 3054
12239 6020 7358
6020 7358 12239
7358 6020 12239
3758 8789 21307
21307 3758 8789
8789 3758 21307
29608 168 26198
26198 168 29608
168 26198 29608
12095 26651 29603
29603 12095 26651
26651 12095 29603
11138 8283 16047
16047 8283 11138
8283 11138 16047
3238 2646 25075
2646 3238 25075
25075 2646 3238
3545 5699 17920
5699 3545 17920
17920 3545 5699
28567 7521 29822
7521 28567 29822
29822 7521 28567
22393 3441 17976
17976 3441 22393
3441 17976 22393
11426 5027 21006
5027 11426 21006
21006 5027 11426
1192 18050 24025
18050 1192 24025
24025 1192 18050
13923 703 10697
10697 703 13923
703 10697 13923
25306 13919 27691
13919 25306 27691
27691 13919 25306
29359 9848 23061
23061 9848 29359
9848 23061 29359
25281 6109 22292
22292 6109 25281
6109 22292 25281
7579 7391 25220
7391 7579 25220
25220 7391 7579
22678 9366 20267
20267 9366 22678
9366 20267 22678
21631 9321 14766
14766 9321 21631
9321 14766 21631
25528 2782 20350
2782 20350 25528
20350 2782 25528
15602 276 21750
21750 276 15602
276 15602 21750
2363 11568 20384
20384 2363 11568
11568 2363 20384
24534 26650 28714
26650 24534 28714
28714 24534 26650
9449 1368 2959
2959 1368 9449
1368 2959 9449
25613 7336 26261
7336 25613 26261
26261 7336 25613
15924 15698 22737
22737 15698 15924
15698 15924 22737
23241 18651 20607
20607 18651 23241
18651 20607 23241
4747 5503 22986
5503 4747 22986
22986 4747 5503
17621 775 16962
775 16962 17621
16962 775 17621
13819 7805 18404
18404 7805 13819
7805 13819 18404
20749 10109 14178
14178 10109 20749
10109 14178 20749
6867 666 2332
2332 666 6867
666 2332 6867
12747 1970 26339
26339 1970 12747
1970 12747 26339
20343 7086 20193
20193 7086 20343
7086 20193 20343
1925 11051 16531
16531 1925 11051
11051 1925 16531
18413 9266 17025
9266 17025 18413
17025 9266 18413
6180 6745 6977
6977 6180 6745
6745 6180 6977
2262 537 17653
17653 537 2262
537 2262 17653
15378 21466 25668
25668 15378 21466
21466 15378 25668
2620 5134 29323
29323 2620 5134
5134 2620 29323
22845 15803 22310
22310 15803 22845
15803 22310 22845
18725 7888 21982
7888 18725 21982
21982 7888 18725
6321 5555 29123
5555 6321 29123
29123 5555 6321
28331 8966 20845
8966 20845 28331
20845 8966 28331
3017 1340 16179
1340 3017 16179
16179 1340 3017
7525 20632 27896
20632 7525 27896
27896 7525 20632
26807 15217 16533
15217 16533 26807
16533 15217 26807
10050 2037 22123
22123 2037 10050
2037 10050 22123
2683 9319 13184
13184 2683 9319
9319 2683 13184
14444 11063 15434
11063 14444 15434
15434 11063 14444
14410 3586 16931
3586 14410 16931
16931 3586 14410
28177 17934 22230
17934 22230 28177
22230 17934 28177
1919 10792 15551
15551 1919 10792
10792 1919 15551
13547 16276 22276
22276 13547 16276
16276 13547 22276
23621 13679 24161
24161 13679 23621
13679 23621 24161
9929 1549 1800
1800 1549 9929
1549 1800 9929
2572 10864 26451
26451 2572 10864
10864 2572 26451
4536 8164 9360
9360 4536 8164
8164 4536 9360
8956 4238 4264
4264 4238 8956
4238 4264 8956
17566 11047 14572
11047 14572 17566
14572 11047 17566
24874 4864 23396
4864 23396 24874
23396 4864 24874
16653 2416 5064
5064 2416 16653
2416 5064 16653
25443 16442 22935
16442 22935 25443
22935 16442 25443
23798 16377 28976
28976 16377 23798
16377 23798 28976
27713 3857 12789
12789 3857 27713
3857 12789 27713
14783 1744 28799
28799 1744 14783
1744 14783 28799
7036 11570 22453
22453 7036 11570
11570 7036 22453
10626 327 24055
327 10626 24055
24055 327 10626
565 16989 25469
25469 565 16989
16989 565 25469
18441 12567 26252
12567 18441 26252
26252 12567 18441
4696 20737 25279
25279 4696 20737
20737 4696 25279
26367 24172 26475
26475 24172 26367
24172 26367 26475
6233 12052 13657
12052 6233 13657
13657 6233 12052
28579 15763 26408
15763 26408 28579
26408 15763 28579
4850 9093 28737
9093 4850 28737
28737 4850 9093
6865 3170 29332
29332 3170 6865
3170 6865 29332
20346 9900 17849
17849 9900 20346
9900 17849 20346
3483 6465 13928
13928 3483 6465
6465 3483 13928
28590 4019 6571
6571 4019 28590
4019 6571 28590
29327 17672 26841
26841 17672 29327
17672 26841 29327
23982 11790 26297
11790 23982 26297
26297 11790 23982
904 11613 23687
11613 904 23687
23687 904 11613
29683 15022 18332
18332 15022 29683
15022 18332 29683
26798 243 26483
243 26483 26798
26483 243 26798
3689 17000 29336
29336 3689 17000
17000 3689 29336
14956 11405 22355
11405 14956 22355
22355 11405 14956
18136 4604 17722
4604 17722 18136
17722 4604 18136
21878 15319 24388
24388 15319 21878
15319 21878 24388
13543 24782 27535
24782 13543 27535
27535 13543 24782
17347 13663 23026
13663 17347 23026
23026 13663 17347
2684 24082 29498
24082 2684 29498
29498 2684 24082
9037 6744 23264
6744 9037 23264
23264 6744 9037
16459 17183 20575
20575 16459 17183
17183 16459 20575
5013 21941 23161
21941 5013 23161
23161 5013 21941
24757 4601 12299
4601 12299 24757
12299 4601 24757
2400 18264 24548
18264 2400 24548
24548 2400 18264
25867 1771 15189
15189 1771 25867
1771 15189 25867
8490 9991 24205
9991 8490 24205
24205 8490 9991
3571 22510 26859
26859 3571 22510
22510 3571 26859
11433 15624 25382
25382 11433 15624
15624 11433 25382
60 2680 25253
25253 60 2680
2680 60 25253
11195 19671 25197
19671 11195 25197
25197 11195 19671
9648 6852 14549
14549 6852 9648
6852 9648 14549
29786 9277 26003
9277 26003 29786
26003 9277 29786
8426 16144 28491
28491 8426 16144
16144 8426 28491
607 23086 28698
28698 607 23086
23086 607 28698
18739 18575 20372
18575 18739 20372
20372 18575 18739
29137 13326 22713
13326 22713 29137
22713 13326 29137
22445 18670 27418
27418 18670 22445
18670 22445 27418
7766 10216 21529
21529 7766 10216
10216 7766 21529
15516 563 2260
563 2260 15516
2260 563 15516
11599 10811 16357
10811 11599 16357
16357 10811 11599
18995 9336 22917
9336 18995 22917
22917 9336 18995
13511 14942 17727
14942 13511 17727
17727 13511 14942
19643 3323 27448
3323 19643 27448
27448 3323 19643
11616 1134 4184
1134 4184 11616
4184 1134 11616
3655 26108 28182
26108 3655 28182
28182 3655 26108
15342 7259 17643
7259 15342 17643
17643 7259 15342
15264 11535 24474
24474 11535 15264
11535 15264 24474
11937 8753 17771
17771 8753 11937
8753 11937 17771
6164 13129 17982
17982 6164 13129
13129 6164 17982
2903 6478 23181
6478 2903 23181
23181 2903 6478
28352 12934 17638
12934 17638 28352
17638 12934 28352
6843 11564 23984
11564 6843 23984
23984 6843 11564
1741 1083 6551
1083 1741 6551
6551 1083 1741
660 9864 27884
27884 660 9864
9864 660 27884
9665 20586 23072
20586 9665 23072
23072 9665 20586
24276 11386 21216
11386 21216 24276
21216 11386 24276
7981 1488 21744
1488 7981 21744
21744 1488 7981
7945 2392 24917
24917 2392 7945
2392 7945 24917
319 3018 17906
17906 319 3018
3018 319 17906
22723 8080 23477
8080 22723 23477
23477 8080 22723
24088 194 13012
194 13012 24088
13012 194 24088
23198 5664 12449
12449 5664 23198
5664 12449 23198
20554 20664 23342
20664 20554 23342
23342 20554 20664
5341 3931 23474
23474 3931 5341
3931 5341 23474
21605 13963 17794
17794 13963 21605
13963 17794 21605
25739 17951 28148
17951 25739 28148
28148 17951 25739
12535 2874 22202
2874 12535 22202
22202 2874 12535
10614 2077 4013
4013 2077 10614
2077 4013 10614
27148 14107 26119
14107 26119 27148
26119 14107 27148
3257 28766 29386
29386 3257 28766
28766 3257 29386
18219 4496 13387
13387 4496 18219
4496 13387 18219
15786 21291 25509
25509 15786 21291
21291 15786 25509
28055 5370 27934
5370 27934 28055
27934 5370 28055
6099 18087 24325
18087 6099 24325
24325 6099 18087
8873 4549 19780
19780 4549 8873
4549 8873 19780
5604 4221 8495
4221 5604 8495
8495 4221 5604
26956 9401 29301
29301 9401 26956
9401 26956 29301
2551 7470 18722
18722 2551 7470
7470 2551 18722
25037 2110 14547
2110 14547 25037
14547 2110 25037
2672 17022 26363
17022 2672 26363
26363 2672 17022
6441 10388 13226
13226 6441 10388
10388 6441 13226
5560 15918 27214
27214 5560 15918
15918 5560 27214
15952 11024 22987
22987 11024 15952
11024 15952 22987
7491 11479 12681
12681 7491 11479
11479 7491 12681
27000 11598 19711
19711 11598 27000
11598 19711 27000
6118 15926 20122
20122 6118 15926
15926 6118 20122
15676 19482 27792
19482 15676 27792
27792 15676 19482
17201 698 21443
21443 698 17201
698 17201 21443
12666 1243 5766
5766 1243 12666
1243 5766 12666
1887 12253 23259
23259 1887 12253
12253 1887 23259
26759 1699 27533
1699 26759 27533
27533 1699 26759
1602 2270 26978
2270 1602 26978
26978 1602 2270
11851 5294 17118
5294 11851 17118
17118 5294 11851
9669 367 18571
367 9669 18571
18571 367 9669
1550 13427 23036
23036 1550 13427
13427 1550 23036
28344 12077 24847
12077 24847 28344
24847 12077 28344
18938 12387 25321
25321 12387 18938
12387 18938 25321
15878 11468 28547
11468 15878 28547
28547 11468 15878
18394 7920 24381
24381 7920 18394
7920 18394 24381
24420 1406 8282
1406 8282 24420
8282 1406 24420
20118 5355 13833
5355 13833 20118
13833 5355 20118
29934 10874 21279
21279 10874 29934
10874 21279 29934
9810 1414 21583
1414 9810 21583
21583 1414 9810
12473 16952 25833
25833 12473 16952
16952 12473 25833
29664 13518 24919
13518 24919 29664
24919 13518 29664
14881 14108 16627
14108 14881 16627
16627 14108 14881
1003 11774 29152
29152 1003 11774
11774 1003 29152
18261 15029 24924
24924 15029 18261
15029 18261 24924
1835 154 27857
154 1835 27857
27857 154 1835
10178 11825 14154
11825 10178 14154
14154 10178 11825
6299 14800 20155
14800 6299 20155
20155 6299 14800
6556 13678 27014
13678 6556 27014
27014 6556 13678
27307 1708 23592
1708 23592 27307
23592 1708 27307
4486 3376 7038
3376 4486 7038
7038 3376 4486
28678 6657 23717
23717 6657 28678
6657 23717 28678
4685 21727 23872
21727 4685 23872
23872 4685 21727
20811 7361 29177
29177 7361 20811
7361 20811 29177
29832 13690 28132
13690 28132 29832
28132 13690 29832
306 19278 28562
19278 306 28562
28562 306 19278
7506 9885 17178
9885 7506 17178
17178 7506 9885
6295 16034 28810
16034 6295 28810
28810 6295 16034
1185 1884 20411
1884 1185 20411
20411 1185 1884
21450 767 28773
28773 767 21450
767 21450 28773
6028 16486 22938
22938 6028 16486
16486 6028 22938
11394 16736 21741
21741 11394 16736
16736 11394 21741
6353 10055 25752
25752 6353 10055
10055 6353 25752
26547 11208 20310
20310 11208 26547
11208 20310 26547
11258 21742 22008
22008 11258 21742
21742 11258 22008
28789 6728 8721
6728 8721 28789
8721 6728 28789
20403 12392 20053
12392 20053 20403
20053 12392 20403
15301 3244 6526
6526 3244 15301
3244 6526 15301
13627 8186 15425
8186 13627 15425
15425 8186 13627
2511 2697 4895
2697 2511 4895
4895 2511 2697
3929 3937 26774
3937 3929 26774
26774 3929 3937
25648 6183 18452
6183 18452 25648
18452 6183 25648
6672 16738 29314
16738 6672 29314
29314 6672 16738
24202 14858 21158
14858 21158 24202
21158 14858 24202
19664 16099 28772
28772 16099 19664
16099 19664 28772
27333 13788 24085
24085 13788 27333
13788 24085 27333
12671 3366 15935
15935 3366 12671
3366 12671 15935
645 1615 25854
25854 645 1615
1615 645 25854
24808 2943 11041
11041 2943 24808
2943 11041 24808
4426 22266 24300
22266 4426 24300
24300 4426 22266
28738 12362 29155
29155 12362 28738
12362 28738 29155
16661 2301 10750
10750 2301 16661
2301 10750 16661
8696 3981 20770
3981 8696 20770
20770 3981 8696
6023 9799 22597
9799 6023 22597
22597 6023 9799
25407 4362 20405
20405 4362 25407
4362 20405 25407
21098 12572 14080
14080 12572 21098
12572 14080 21098
24971 15533 24148
15533 24148 24971
24148 15533 24971
2698 16764 20149
16764 2698 20149
20149 2698 16764
20907 3993 15566
3993 15566 20907
15566 3993 20907
28142 25975 26023
26023 25975 28142
25975 26023 28142
24565 20056 21082
21082 20056 24565
20056 21082 24565
9263 1022 15182
1022 9263 15182
15182 1022 9263
7131 25125 27345
27345 7131 25125
25125 7131 27345
18368 21651 27982
21651 18368 27982
27982 18368 21651
269 6331 29646
6331 269 29646
29646 269 6331
1200 6287 18782
18782 1200 6287
6287 1200 18782
1892 19031 20890
19031 1892 20890
20890 1892 19031
20387 10767 16466
10767 16466 20387
16466 10767 20387
27615 6681 14937
6681 14937 27615
14937 6681 27615
12328 7630 13655
7630 12328 13655
13655 7630 12328
9024 7188 11450
11450 7188 9024
7188 9024 11450
2216 15073 18382
15073 2216 18382
18382 2216 15073
28510 25601 28228
28228 25601 28510
25601 28228 28510
4634 695 7408
7408 695 4634
695 4634 7408
3242 22239 25230
25230 3242 22239
22239 3242 25230
16461 2754 27667
2754 16461 27667
27667 2754 16461
17969 16859 19833
19833 16859 17969
16859 17969 19833
3026 14558 27553
27553 3026 14558
14558 3026 27553
9389 17384 20058
20058 9389 17384
17384 9389 20058
10246 4480 12019
4480 10246 12019
12019 4480 10246
5924 4120 18579
4120 5924 18579
18579 4120 5924
13546 2682 28186
28186 2682 13546
2682 13546 28186
23854 6984 9922
6984 9922 23854
9922 6984 23854
17059 667 14709
667 14709 17059
14709 667 17059
5285 5108 16129
16129 5108 5285
5108 5285 16129
9314 4024 27854
27854 4024 9314
4024 9314 27854
2565 2362 18724
18724 2362 2565
2362 2565 18724
28101 1515 24307
24307 1515 28101
1515 24307 28101
15940 10766 12268
12268 10766 15940
10766 12268 15940
13586 6750 23045
6750 13586 23045
23045 6750 13586
7774 932 8360
8360 932 7774
932 7774 8360
7260 14263 19080
14263 7260 19080
19080 7260 14263
12053 5276 23598
23598 5276 12053
5276 12053 23598
4234 26214 27263
27263 4234 26214
26214 4234 27263
2074 4135 10887
10887 2074 4135
4135 2074 10887
828 3211 14417
14417 828 3211
3211 828 14417
20822 14560 18991
18991 14560 20822
14560 18991 20822
21511 21812 28434
28434 21511 21812
21812 21511 28434
106 451 8818
8818 106 451
451 106 8818
18901 4551 18705
4551 18705 18901
18705 4551 18901
28947 4767 13214
13214 4767 28947
4767 13214 28947
6307 13291 28459
28459 6307 13291
13291 6307 28459
17963 19364 29175
29175 17963 19364
19364 17963 29175
27210 9605 19640
9605 19640 27210
19640 9605 27210
28341 23985 26778
23985 26778 28341
26778 23985 28341
593 3024 11620
11620 593 3024
3024 593 11620
24951 7632 25468
7632 24951 25468
25468 7632 24951
1094 19847 28354
28354 1094 19847
19847 1094 28354
22380 9829 28387
9829 22380 28387
28387 9829 22380
3108 6446 6884
6884 3108 6446
6446 3108 6884
29045 19505 26920
26920 19505 29045
19505 26920 29045
9790 11123 14985
11123 9790 14985
14985 9790 11123
10191 4301 25620
25620 4301 10191
4301 10191 25620
16943 23082 24975
23082 16943 24975
24975 16943 23082
7304 1064 14875
1064 7304 14875
14875 1064 7304
20595 14557 28764
14557 20595 28764
28764 14557 20595
1658 4442 17796
4442 1658 17796
17796 1658 4442
20140 1663 14434
14434 1663 20140
1663 14434 20140
5387 3162 8880
3162 5387 8880
8880 3162 5387
2455 16415 18551
18551 2455 16415
16415 2455 18551
27154 20439 23143
23143 20439 27154
20439 23143 27154
19654 3875 23974
23974 3875 19654
3875 19654 23974
5718 4008 15026
4008 5718 15026
15026 4008 5718
16317 9003 29530
29530 9003 16317
9003 16317 29530
22436 9355 18176
18176 9355 22436
9355 18176 22436
29626 20078 25173
25173 20078 29626
20078 25173 29626
12870 1078 9466
1078 9466 12870
9466 1078 12870
24775 11423 17399
11423 17399 24775
17399 11423 24775
12168 2126 2545
2545 2126 12168
2126 2545 12168
17250 18166 20233
18166 17250 20233
20233 17250 18166
10295 1182 15686
15686 1182 10295
1182 10295 15686
27514 17396 21848
21848 17396 27514
17396 21848 27514
10882 28111 28123
28111 10882 28123
28123 10882 28111
25991 18980 21118
18980 21118 25991
21118 18980 25991
26090 18693 27800
18693 26090 27800
27800 18693 26090
20929 1881 16501
1881 16501 20929
16501 1881 20929
11294 7200 13225
13225 7200 11294
7200 11294 13225
9163 3088 25076
3088 9163 25076
25076 3088 9163
1907 11813 18934
18934 1907 11813
11813 1907 18934
19215 17125 17486
17486 17125 19215
17125 17486 19215
24623 12675 20198
20198 12675 24623
12675 20198 24623
1660 8770 19176
19176 1660 8770
8770 1660 19176
20860 17433 18576
17433 18576 20860
18576 17433 20860
29168 3698 9338
9338 3698 29168
3698 9338 29168
21465 17713 21685
21685 17713 21465
17713 21465 21685
21807 2266 20973
2266 20973 21807
20973 2266 21807
13116 27901 29129
27901 13116 29129
29129 13116 27901
14859 16832 17978
16832 14859 17978
17978 14859 16832
3602 14594 26609
26609 3602 14594
14594 3602 26609
28561 1555 16844
1555 16844 28561
16844 1555 28561
28386 6122 16163
16163 6122 28386
6122 16163 28386
5207 2768 5493
2768 5207 5493
5493 2768 5207
14016 2477 15490
15490 2477 14016
2477 14016 15490
13702 11558 20117
20117 11558 13702
11558 13702 20117
28758 3558 22365
3558 22365 28758
22365 3558 28758
19923 13166 17152
13166 17152 19923
17152 13166 19923
24122 1268 8579
1268 8579 24122
8579 1268 24122
10920 2390 15575
15575 2390 10920
2390 10920 15575
5985 14583 29448
14583 5985 29448
29448 5985 14583
15661 3123 27235
3123 15661 27235
27235 3123 15661
3047 8320 26672
26672 3047 8320
8320 3047 26672
10597 11960 12235
12235 10597 11960
11960 10597 12235
10554 16188 25074
25074 10554 16188
16188 10554 25074
21823 213 23195
213 21823 23195
23195 213 21823
2604 15795 20465
15795 2604 20465
20465 2604 15795
23356 5274 10552
5274 10552 23356
10552 5274 23356
7884 7699 12024
12024 7699 7884
7699 7884 12024
8653 5816 28598
28598 5816 8653
5816 8653 28598
4072 10283 25664
25664 4072 10283
10283 4072 25664
652 13643 24869
13643 652 24869
24869 652 13643
6243 6552 29511
29511 6243 6552
6552 6243 29511
28328 5661 8488
5661 8488 28328
8488 5661 28328
19410 8242 14232
14232 8242 19410
8242 14232 19410
19297 12946 27520
12946 19297 27520
27520 12946 19297
25762 5628 29183
29183 5628 25762
5628 25762 29183
1113 7505 8625
7505 1113 8625
8625 1113 7505
4603 14501 16972
16972 4603 14501
14501 4603 16972
4732 14142 22826
14142 4732 22826
22826 4732 14142
5841 2688 25580
25580 2688 5841
2688 5841 25580
6955 20434 26704
20434 6955 26704
26704 6955 20434
12207 5814 18174
18174 5814 12207
5814 12207 18174
9467 256 9418
9418 256 9467
256 9418 9467
9297 3934 23107
23107 3934 9297
3934 9297 23107
2870 9901 11506
11506 2870 9901
9901 2870 11506
8518 4216 26453
26453 4216 8518
4216 8518 26453
16215 24443 28592
28592 16215 24443
24443 16215 28592
21582 14453 25446
25446 14453 21582
14453 21582 25446
15693 2971 5492
5492 2971 15693
2971 5492 15693
15848 24015 27846
24015 15848 27846
27846 15848 24015
8971 9785 18243
9785 8971 18243
18243 8971 9785
19343 16581 25890
25890 16581 19343
16581 19343 25890
6796 8630 22929
8630 6796 22929
22929 6796 8630
22085 8478 25117
8478 22085 25117
25117 8478 22085
1339 11218 23569
11218 1339 23569
23569 1339 11218
18925 5509 15409
15409 5509 18925
5509 15409 18925
11232 14527 28556
28556 11232 14527
14527 11232 28556
26877 5483 12667
5483 12667 26877
12667 5483 26877
24980 1957 10401
1957 10401 24980
10401 1957 24980
18961 19346 21138
19346 18961 21138
21138 18961 19346
27939 17890 23844
23844 17890 27939
17890 23844 27939
3991 2086 24438
2086 3991 24438
24438 2086 3991
15205 14615 23815
14615 15205 23815
23815 14615 15205
29614 13817 27554
27554 13817 29614
13817 27554 29614
18179 2268 10957
2268 10957 18179
10957 2268 18179
2769 2101 5522
2101 2769 5522
5522 2101 2769
26900 3205 28855
3205 26900 28855
28855 3205 26900
8977 4472 8506
4472 8506 8977
8506 4472 8977
19078 4513 19741
4513 19078 19741
19741 4513 19078
17144 8410 16610
8410 16610 17144
16610 8410 17144
29807 12865 20456
12865 20456 29807
20456 12865 29807
20816 8742 10014
10014 8742 20816
8742 10014 20816
16038 11066 21476
11066 16038 21476
21476 11066 16038
13077 15990 18175
15990 13077 18175
18175 13077 15990
18971 5403 16956
16956 5403 18971
5403 16956 18971
24031 16525 20519
20519 16525 24031
16525 20519 24031
18964 7489 14024
7489 14024 18964
14024 7489 18964
19731 15802 28897
28897 15802 19731
15802 19731 28897
27283 11656 19044
11656 19044 27283
19044 11656 27283
20924 670 15948
670 15948 20924
15948 670 20924
2359 23714 28156
28156 2359 23714
23714 2359 28156
4931 12933 21208
21208 4931 12933
12933 4931 21208
4557 10989 15143
10989 4557 15143
15143 4557 10989
15031 4381 22079
22079 4381 15031
4381 15031 22079
28390 2928 25958
25958 2928 28390
2928 25958 28390
2168 15108 26056
26056 2168 15108
15108 2168 26056
6578 11982 17439
11982 6578 17439
17439 6578 11982
13331 19331 22430
22430 13331 19331
19331 13331 22430
25954 6952 24845
6952 24845 25954
24845 6952 25954
649 15981 16872
15981 649 16872
16872 649 15981
18866 6935 29111
6935 18866 29111
29111 6935 18866
23360 25686 27802
27802 23360 25686
25686 23360 27802
5538 7097 18676
7097 5538 18676
18676 5538 7097
26040 4473 18626
18626 4473 26040
4473 18626 26040
2908 11026 16229
16229 2908 11026
11026 2908 16229
17578 6891 16815
16815 6891 17578
6891 16815 17578
19295 4372 8707
4372 8707 19295
8707 4372 19295
25399 6112 26262
6112 25399 26262
26262 6112 25399
251 3128 3824
3824 251 3128
3128 251 3824
755 13288 14156
13288 755 14156
14156 755 13288
25484 393 2802
393 2802 25484
2802 393 25484
21758 5622 11316
5622 11316 21758
11316 5622 21758
9100 13464 23579
13464 9100 23579
23579 9100 13464
18996 7454 16901
7454 16901 18996
16901 7454 18996
20312 4195 19771
4195 19771 20312
19771 4195 20312
16705 5389 13271
13271 5389 16705
5389 13271 16705
19665 4311 18735
18735 4311 19665
4311 18735 19665
16078 4389 19235
4389 16078 19235
19235 4389 16078
26349 2735 11501
11501 2735 26349
2735 11501 26349
9863 13677 15881
13677 9863 15881
15881 9863 13677
12880 7538 24316
7538 12880 24316
24316 7538 12880
16772 4643 28289
4643 16772 28289
28289 4643 16772
8596 21663 26936
21663 8596 26936
26936 8596 21663
10658 991 10108
10108 991 10658
991 10108 10658
22177 19862 28078
28078 19862 22177
19862 22177 28078
13307 6596 28072
6596 13307 28072
28072 6596 13307
5601 21229 23976
23976 5601 21229
21229 5601 23976
653 7895 27420
27420 653 7895
7895 653 27420
4694 13222 20925
13222 4694 20925
20925 4694 13222
22749 3688 11052
3688 11052 22749
11052 3688 22749
719 13407 18785
13407 719 18785
18785 719 13407
2383 16694 22192
16694 2383 22192
22192 2383 16694
3867 12847 15912
15912 3867 12847
12847 3867 15912
20262 205 3977
3977 205 20262
205 3977 20262
28686 10895 17597
10895 17597 28686
17597 10895 28686
28024 7246 16778
16778 7246 28024
7246 16778 28024
144 17685 25502
17685 144 25502
25502 144 17685
4076 12083 26779
26779 4076 12083
12083 4076 26779
26671 9568 10363
9568 10363 26671
10363 9568 26671
5686 8722 16434
16434 5686 8722
8722 5686 16434
10967 1719 8558
1719 8558 10967
8558 1719 10967
7583 6291 13283
13283 6291 7583
6291 7583 13283
22670 14791 17899
17899 14791 22670
14791 17899 22670
4428 7923 26776
7923 4428 26776
26776 4428 7923
19280 3408 15064
3408 15064 19280
15064 3408 19280
9153 598 26660
598 9153 26660
26660 598 9153
20231 14011 19644
14011 19644 20231
19644 14011 20231
3286 23494 28971
23494 3286 28971
28971 3286 23494
25928 16076 19698
16076 19698 25928
19698 16076 25928
3818 5847 17434
5847 3818 17434
17434 3818 5847
701 9493 9687
9493 701 9687
9687 701 9493
27624 18472 27962
18472 27624 27962
27962 18472 27624
26088 3310 14386
14386 3310 26088
3310 14386 26088
5260 6081 8531
8531 5260 6081
6081 5260 8531
20009 289 24319
289 20009 24319
24319 289 20009
1966 17001 19172
17001 1966 19172
19172 1966 17001
12182 17955 20011
20011 12182 17955
17955 12182 20011
18956 29271 29434
29271 18956 29434
29434 18956 29271
2045 13461 17547
13461 2045 17547
17547 2045 13461
21392 8458 14274
8458 14274 21392
14274 8458 21392
26364 25583 26950
25583 26364 26950
26950 25583 26364
15958 20513 22813
20513 15958 22813
22813 15958 20513
7242 4760 4953
4760 4953 7242
4953 4760 7242
11618 8624 28968
28968 8624 11618
8624 11618 28968
1375 3437 13386
13386 1375 3437
3437 1375 13386
17714 1257 29966
1257 17714 29966
29966 1257 17714
20958 1369 9883
1369 9883 20958
9883 1369 20958
28802 10999 28217
10999 28217 28802
28217 10999 28802
2923 15204 29422
15204 2923 29422
29422 2923 15204
8099 4108 11481
4108 8099 11481
11481 4108 8099
17725 3284 24013
24013 3284 17725
3284 17725 24013
11675 1562 13273
13273 1562 11675
1562 11675 13273
19384 6134 27761
27761 6134 19384
6134 19384 27761
7424 5960 11415
5960 7424 11415
11415 5960 7424
18343 7973 16400
16400 7973 18343
7973 16400 18343
124 7715 25140
25140 124 7715
7715 124 25140
15166 1332 13648
13648 1332 15166
1332 13648 15166
22997 20123 25386
20123 22997 25386
25386 20123 22997
5603 14205 17031
14205 5603 17031
17031 5603 14205
8989 5647 18254
18254 5647 8989
5647 8989 18254
17214 553 5280
553 5280 17214
5280 553 17214
13798 2464 24493
2464 13798 24493
24493 2464 13798
1349 3919 28739
3919 1349 28739
28739 1349 3919
9262 8185 8908
8908 8185 9262
8185 8908 9262
8660 17246 28428
28428 8660 17246
17246 8660 28428
24360 16748 18225
18225 16748 24360
16748 18225 24360
17049 3460 29727
29727 3460 17049
3460 17049 29727
20324 10737 28709
28709 10737 20324
10737 20324 28709
24495 23005 27832
27832 23005 24495
23005 24495 27832
310 23816 28541
