467 1697 2028
2028 467 1697
1697 467 2028
602 1251 2844
1251 602 2844
2844 602 1251
1799 789 2478
789 1799 2478
2478 789 1799
2312 323 2837
323 2312 2837
2837 323 2312
1883 1265 2620
1265 1883 2620
2620 1265 1883
453 1383 2623
1383 453 2623
2623 453 1383
2977 2545 2569
2569 2545 2977
2545 2569 2977
2068 1259 2903
2903 1259 2068
1259 2068 2903
2581 2483 2654
2483 2581 2654
2654 2483 2581
839 1506 2333
1506 839 2333
2333 839 1506
2489 1720 2624
2624 1720 2489
1720 2489 2624
130 1097 2058
1097 130 2058
2058 130 1097
2235 471 1605
471 1605 2235
1605 471 2235
2296 305 2701
2701 305 2296
305 2296 2701
1650 769 2577
769 1650 2577
2577 769 1650
2647 542 1924
542 1924 2647
1924 542 2647
2776 1264 2069
2069 1264 2776
1264 2069 2776
2357 1740 2860
2860 1740 2357
1740 2357 2860
1229 1149 1687
1687 1149 1229
1149 1229 1687
93 372 2992
2992 93 372
372 93 2992
512 748 1919
1919 512 748
748 512 1919
1039 96 2474
96 1039 2474
2474 96 1039
2167 685 2908
2908 685 2167
685 2167 2908
1999 2175 2641
2175 1999 2641
2641 1999 2175
2499 1521 2402
2402 1521 2499
1521 2402 2499
2215 396 1851
1851 396 2215
396 1851 2215
151 835 1642
835 151 1642
1642 151 835
877 24 2795
24 877 2795
2795 24 877
461 1989 2562
2562 461 1989
1989 461 2562
88 1334 2984
1334 88 2984
2984 88 1334
2405 511 2158
2158 511 2405
511 2158 2405
1152 1216 1598
1216 1152 1598
1598 1152 1216
1336 1033 1852
1852 1033 1336
1033 1336 1852
2282 504 1161
504 1161 2282
1161 504 2282
1629 1342 1742
1342 1629 1742
1742 1342 1629
49 681 1801
681 49 1801
1801 49 681
164 1214 2857
2857 164 1214
1214 164 2857
490 276 2991
276 490 2991
2991 276 490
785 1192 2630
2630 785 1192
1192 785 2630
1972 1132 2746
2746 1132 1972
1132 1972 2746
867 597 1206
597 867 1206
1206 597 867
2963 2139 2484
2484 2139 2963
2139 2484 2963
1246 856 1899
1899 856 1246
856 1246 1899
603 1223 2982
2982 603 1223
1223 603 2982
662 18 851
851 18 662
18 662 851
807 978 1548
1548 807 978
978 807 1548
2959 2155 2257
2155 2257 2959
2257 2155 2959
1739 1589 2287
1589 1739 2287
2287 1589 1739
1770 108 1274
108 1274 1770
1274 108 1770
1636 208 1816
208 1636 1816
1816 208 1636
1651 248 1075
248 1075 1651
1075 248 1651
309 917 1826
917 309 1826
1826 309 917
2100 144 1069
144 1069 2100
1069 144 2100
2638 1466 2224
2224 1466 2638
1466 2224 2638
2676 1821 1898
1821 1898 2676
1898 1821 2676
1168 750 766
766 750 1168
750 766 1168
265 1905 2853
2853 265 1905
1905 265 2853
1672 110 1052
110 1052 1672
1052 110 1672
2957 861 2185
2185 861 2957
861 2185 2957
2595 1332 1479
1332 1479 2595
1479 1332 2595
241 415 1812
415 241 1812
1812 241 415
1998 1928 2758
2758 1928 1998
1928 1998 2758
155 2124 2737
2124 155 2737
2737 155 2124
432 574 2571
574 432 2571
2571 432 574
1802 502 1815
1815 502 1802
502 1802 1815
2419 2051 2719
2051 2419 2719
2719 2051 2419
1527 812 2840
2840 812 1527
812 1527 2840
2136 2374 2447
2374 2136 2447
2447 2136 2374
223 992 2454
2454 223 992
992 223 2454
229 242 2012
2012 229 242
242 229 2012
1142 1836 2547
2547 1142 1836
1836 1142 2547
1173 112 321
112 321 1173
321 112 1173
1030 1921 2411
2411 1030 1921
1921 1030 2411
133 1015 2626
1015 133 2626
2626 133 1015
1835 870 1893
870 1835 1893
1893 870 1835
2585 158 1315
1315 158 2585
158 1315 2585
1038 1385 1889
1889 1038 1385
1385 1038 1889
1623 824 1743
1743 824 1623
824 1623 1743
1093 1934 2906
2906 1093 1934
1934 1093 2906
2619 943 991
943 991 2619
991 943 2619
1696 633 1170
1170 633 1696
633 1170 1696
1497 159 234
234 159 1497
159 234 1497
1452 1674 2202
1674 1452 2202
2202 1452 1674
2105 1001 2558
1001 2105 2558
2558 1001 2105
331 40 2614
2614 40 331
40 331 2614
1948 1322 2358
2358 1322 1948
1322 1948 2358
1235 1013 1511
1511 1013 1235
1013 1235 1511
169 842 2143
842 169 2143
2143 169 842
387 114 2873
2873 114 387
114 387 2873
1088 529 1321
1321 529 1088
529 1088 1321
657 617 2534
617 657 2534
2534 617 657
996 713 1330
1330 713 996
713 996 1330
2520 746 1510
746 1510 2520
1510 746 2520
1649 115 2309
2309 115 1649
115 1649 2309
2052 2022 2427
2022 2052 2427
2427 2022 2052
2153 2777 2933
2777 2153 2933
2933 2153 2777
2467 844 1114
844 1114 2467
1114 844 2467
187 595 1879
1879 187 595
595 187 1879
2183 2039 2532
2532 2039 2183
2039 2183 2532
1654 279 640
279 640 1654
640 279 1654
1722 545 2384
2384 545 1722
545 1722 2384
1727 969 1964
1964 969 1727
969 1727 1964
1349 506 2218
506 1349 2218
2218 506 1349
2024 298 1618
1618 298 2024
298 1618 2024
2385 1747 2660
2660 1747 2385
1747 2385 2660
2586 1105 2666
1105 2586 2666
2666 1105 2586
1958 329 2915
329 1958 2915
2915 329 1958
2942 520 2580
2580 520 2942
520 2580 2942
1977 767 1929
1929 767 1977
767 1929 1977
1769 1537 2491
1537 1769 2491
2491 1537 1769
2605 1871 2335
1871 2335 2605
2335 1871 2605
111 2063 2867
2867 111 2063
2063 111 2867
1440 2303 2728
2303 1440 2728
2728 1440 2303
2904 2184 2496
2496 2184 2904
2184 2496 2904
1401 260 367
260 367 1401
367 260 1401
2827 708 2546
708 2546 2827
2546 708 2827
2833 1255 2073
1255 2073 2833
2073 1255 2833
1307 2196 2633
2196 1307 2633
2633 1307 2196
948 2211 2926
2211 948 2926
2926 948 2211
1714 1103 1419
1103 1419 1714
1419 1103 1714
1267 964 1755
1755 964 1267
964 1267 1755
421 2227 2887
2227 421 2887
2887 421 2227
788 417 1963
1963 417 788
417 788 1963
1080 134 352
134 352 1080
352 134 1080
533 1257 2655
2655 533 1257
1257 533 2655
2533 694 761
761 694 2533
694 761 2533
349 2277 2864
2864 349 2277
2277 349 2864
1362 666 736
666 736 1362
736 666 1362
1677 629 2220
629 1677 2220
2220 629 1677
2928 371 2389
371 2389 2928
2389 371 2928
2061 1341 1427
1427 1341 2061
1341 1427 2061
1585 1382 1754
1382 1585 1754
1754 1382 1585
1377 1846 2439
2439 1377 1846
1846 1377 2439
2179 1060 2895
2895 1060 2179
1060 2179 2895
654 339 1635
339 654 1635
1635 339 654
2774 509 2497
2497 509 2774
509 2497 2774
2120 324 1790
324 1790 2120
1790 324 2120
101 238 270
270 101 238
238 101 270
2409 437 487
437 487 2409
487 437 2409
1090 1446 2645
2645 1090 1446
1446 1090 2645
1775 1630 2888
1630 1775 2888
2888 1630 1775
2981 1832 2213
1832 2213 2981
2213 1832 2981
1187 178 1699
178 1187 1699
1699 178 1187
2216 423 1994
423 1994 2216
1994 423 2216
1423 1550 2588
1550 1423 2588
2588 1423 1550
320 1231 2144
1231 320 2144
2144 320 1231
1443 287 1331
1331 287 1443
287 1331 1443
23 580 2240
580 23 2240
2240 23 580
940 1121 1371
1121 940 1371
1371 940 1121
2344 2579 2800
2579 2344 2800
2800 2344 2579
1433 1420 1930
1420 1433 1930
1930 1420 1433
690 790 1872
790 690 1872
1872 690 790
1945 568 619
619 568 1945
568 619 1945
2854 583 1657
1657 583 2854
583 1657 2854
2263 546 1397
546 1397 2263
1397 546 2263
1810 536 1478
1478 536 1810
536 1478 1810
2695 2334 2434
2434 2334 2695
2334 2434 2695
1156 525 551
525 551 1156
551 525 1156
75 268 2705
268 75 2705
2705 75 268
379 1125 1398
1125 379 1398
1398 379 1125
1384 1483 1788
1483 1384 1788
1788 1384 1483
1587 588 924
924 588 1587
588 924 1587
1344 1226 2339
2339 1226 1344
1226 1344 2339
1141 2042 2047
2047 1141 2042
2042 1141 2047
887 1208 2212
2212 887 1208
1208 887 2212
2445 1309 1429
1429 1309 2445
1309 1429 2445
931 2462 2721
2462 931 2721
2721 931 2462
1885 194 2279
194 1885 2279
2279 194 1885
160 1131 2123
2123 160 1131
1131 160 2123
2347 166 1319
1319 166 2347
166 1319 2347
1311 1176 2080
2080 1176 1311
1176 1311 2080
303 202 2207
202 303 2207
2207 202 303
914 32 288
32 288 914
288 32 914
1529 1189 2972
1189 1529 2972
2972 1189 1529
2378 1881 2994
2994 1881 2378
1881 2378 2994
1962 455 2702
455 1962 2702
2702 455 1962
709 2009 2698
2698 709 2009
2009 709 2698
599 1457 2517
2517 599 1457
1457 599 2517
2367 2720 2767
2720 2367 2767
2767 2367 2720
1937 570 2171
2171 570 1937
570 1937 2171
587 822 2464
2464 587 822
822 587 2464
2518 1712 2842
1712 2518 2842
2842 1712 2518
2952 915 1632
915 1632 2952
1632 915 2952
2180 1741 2661
2661 1741 2180
1741 2180 2661
44 231 295
231 44 295
295 44 231
2076 1864 2999
1864 2076 2999
2999 1864 2076
663 972 2539
972 663 2539
2539 663 972
1445 251 445
251 445 1445
445 251 1445
87 1234 2877
1234 87 2877
2877 87 1234
1036 343 410
343 410 1036
410 343 1036
706 92 2566
2566 92 706
92 706 2566
2583 1312 1639
1639 1312 2583
1312 1639 2583
1573 968 1268
1268 968 1573
968 1268 1573
2711 1771 2166
2166 1771 2711
1771 2166 2711
2468 136 1083
136 1083 2468
1083 136 2468
319 513 1776
1776 319 513
513 319 1776
244 1201 1982
1201 244 1982
1982 244 1201
1355 1155 2653
1155 1355 2653
2653 1155 1355
2612 522 1150
1150 522 2612
522 1150 2612
1006 1303 1576
1576 1006 1303
1303 1006 1576
721 646 2067
2067 646 721
646 721 2067
1843 177 2219
2219 177 1843
177 1843 2219
381 1184 1670
1670 381 1184
1184 381 1670
1944 2628 2958
2628 1944 2958
2958 1944 2628
1738 2387 2657
2387 1738 2657
2657 1738 2387
876 413 2268
2268 413 876
413 876 2268
2911 198 2288
198 2288 2911
2288 198 2911
1986 569 1413
1413 569 1986
569 1413 1986
2987 2554 2733
2554 2733 2987
2733 2554 2987
639 1057 1108
1057 639 1108
1108 639 1057
67 84 2356
84 67 2356
2356 67 84
162 1360 2107
1360 162 2107
2107 162 1360
2900 1664 1880
1880 1664 2900
1664 1880 2900
2315 1239 2421
1239 2315 2421
2421 1239 2315
2759 1554 2353
2353 1554 2759
1554 2353 2759
2446 289 849
849 289 2446
289 849 2446
2276 497 2779
497 2276 2779
2779 497 2276
724 1091 1614
1091 724 1614
1614 724 1091
929 1374 1827
1374 929 1827
1827 929 1374
2189 140 2634
140 2189 2634
2634 140 2189
1515 123 2893
123 1515 2893
2893 123 1515
2278 631 1787
631 1787 2278
1787 631 2278
393 330 937
330 393 937
937 330 393
2618 1993 2311
2311 1993 2618
1993 2311 2618
1512 357 2453
357 1512 2453
2453 357 1512
1888 737 2573
2573 737 1888
737 1888 2573
1892 38 2361
38 1892 2361
2361 38 1892
687 1458 2329
1458 687 2329
2329 687 1458
1441 853 1765
853 1441 1765
1765 853 1441
45 1061 2537
1061 45 2537
2537 45 1061
2283 199 1174
199 1174 2283
1174 199 2283
961 1008 2555
2555 961 1008
1008 961 2555
233 377 559
377 233 559
559 233 377
398 1324 2261
2261 398 1324
1324 398 2261
539 609 1160
609 539 1160
1160 539 609
1561 1756 2572
2572 1561 1756
1756 1561 2572
482 105 920
920 105 482
105 482 920
2349 1869 2119
2119 1869 2349
1869 2119 2349
873 1240 2782
1240 873 2782
2782 873 1240
1178 439 2379
2379 439 1178
439 1178 2379
1702 1009 1911
1911 1009 1702
1009 1702 1911
2164 2494 2651
2494 2164 2651
2651 2164 2494
2723 426 2064
2064 426 2723
426 2064 2723
405 1065 1774
1774 405 1065
1065 405 1774
1059 1544 2951
2951 1059 1544
1544 1059 2951
2355 1263 1437
1437 1263 2355
1263 1437 2355
2416 1526 2663
1526 2416 2663
2663 1526 2416
1656 1753 2433
1753 1656 2433
2433 1656 1753
2818 2169 2297
2297 2169 2818
2169 2297 2818
1252 878 997
878 997 1252
997 878 1252
104 941 2316
2316 104 941
941 104 2316
1502 1107 2400
2400 1107 1502
1107 1502 2400
1072 762 2751
762 1072 2751
2751 762 1072
1590 733 1316
733 1316 1590
1316 733 1590
2909 1207 1773
1207 1773 2909
1773 1207 2909
2109 2673 2803
2803 2109 2673
2673 2109 2803
802 1222 1764
1764 802 1222
1222 802 1764
126 424 2505
2505 126 424
424 126 2505
310 768 2008
2008 310 768
768 310 2008
2943 1305 1549
1549 1305 2943
1305 1549 2943
297 1113 2606
1113 297 2606
2606 297 1113
492 743 1400
743 492 1400
1400 492 743
846 312 2044
312 846 2044
2044 312 846
1822 1748 2243
1748 1822 2243
2243 1748 1822
2809 1291 1979
1291 1979 2809
1979 1291 2809
2472 117 985
985 117 2472
117 985 2472
2393 1369 1936
1369 1936 2393
1936 1369 2393
912 362 2962
2962 362 912
362 912 2962
2739 1847 1915
1847 1915 2739
1915 1847 2739
1957 2485 2538
2485 1957 2538
2538 1957 2485
543 1028 2430
1028 543 2430
2430 543 1028
1417 1016 2170
2170 1016 1417
1016 1417 2170
1491 495 1858
495 1491 1858
1858 495 1491
1370 833 1745
1745 833 1370
833 1370 1745
1533 749 921
921 749 1533
749 921 1533
2838 416 2801
2801 416 2838
416 2801 2838
1952 373 1486
373 1486 1952
1486 373 1952
2885 345 894
345 894 2885
894 345 2885
2863 1025 2690
2690 1025 2863
1025 2690 2863
2106 650 2656
650 2106 2656
2656 650 2106
2664 1485 2775
2775 1485 2664
1485 2664 2775
335 913 2576
913 335 2576
2576 335 913
1811 757 2127
757 1811 2127
2127 757 1811
2966 58 474
474 58 2966
58 474 2966
2658 64 2769
64 2658 2769
2769 64 2658
2317 868 1470
868 1470 2317
1470 868 2317
2426 1004 2111
2111 1004 2426
1004 2111 2426
1675 2412 2599
2599 1675 2412
2412 1675 2599
13 2103 2770
2103 13 2770
2770 13 2103
1625 2249 2755
2755 1625 2249
2249 1625 2755
813 1062 1660
1660 813 1062
1062 813 1660
72 605 816
816 72 605
605 72 816
2403 1055 1758
1055 1758 2403
1758 1055 2403
1841 871 1760
871 1760 1841
1760 871 1841
2927 612 2631
612 2631 2927
2631 612 2927
408 1682 2670
1682 408 2670
2670 408 1682
1789 615 1480
1480 615 1789
615 1480 1789
791 147 176
176 147 791
147 176 791
2989 34 1147
34 1147 2989
1147 34 2989
828 206 1685
206 828 1685
1685 206 828
704 1435 2345
1435 704 2345
2345 704 1435
2437 392 1683
392 1683 2437
1683 392 2437
89 403 2498
2498 89 403
403 89 2498
775 1381 1927
1381 775 1927
1927 775 1381
1867 1112 2148
1112 1867 2148
2148 1112 1867
2326 936 2159
936 2159 2326
2159 936 2326
1887 473 2525
2525 473 1887
473 1887 2525
797 1034 2868
2868 797 1034
1034 797 2868
1219 648 840
840 648 1219
648 840 1219
2233 293 1731
293 1731 2233
1731 293 2233
1196 97 2001
97 1196 2001
2001 97 1196
2247 963 2756
2756 963 2247
963 2247 2756
454 21 1462
1462 21 454
21 454 1462
2225 754 1473
1473 754 2225
754 1473 2225
2025 425 428
428 425 2025
425 428 2025
1498 1165 1228
1228 1165 1498
1165 1228 1498
1862 141 2671
2671 141 1862
141 1862 2671
1637 167 2417
2417 167 1637
167 1637 2417
1468 598 636
636 598 1468
598 636 1468
55 438 1456
1456 55 438
438 55 1456
1501 1662 2290
2290 1501 1662
1662 1501 2290
61 1706 2466
2466 61 1706
1706 61 2466
1575 589 787
589 787 1575
787 589 1575
1054 1794 1798
1798 1054 1794
1794 1054 1798
2351 2251 2304
2251 2304 2351
2304 2251 2351
400 27 308
27 308 400
308 27 400
623 1302 2794
2794 623 1302
1302 623 2794
1244 121 1026
1026 121 1244
121 1026 1244
2979 1110 2274
1110 2274 2979
2274 1110 2979
1552 741 1732
741 1552 1732
1732 741 1552
294 863 2352
863 294 2352
2352 294 863
1703 1780 2807
2807 1703 1780
1780 1703 2807
346 1917 1953
1953 346 1917
1917 346 1953
910 1106 2280
2280 910 1106
1106 910 2280
2665 464 1138
464 1138 2665
1138 464 2665
2381 1669 2808
2808 1669 2381
1669 2381 2808
1831 1567 2424
1567 1831 2424
2424 1567 1831
2388 422 1721
1721 422 2388
422 1721 2388
1005 91 1487
91 1005 1487
1487 91 1005
1516 52 1581
52 1516 1581
1581 52 1516
139 1761 2568
2568 139 1761
1761 139 2568
2642 2692 2815
2692 2642 2815
2815 2642 2692
2814 43 2717
43 2717 2814
2717 43 2814
1877 947 1895
1895 947 1877
947 1877 1895
2871 1985 2718
2718 1985 2871
1985 2718 2871
1050 695 2672
2672 695 1050
695 1050 2672
1027 696 1874
1874 696 1027
696 1027 1874
2648 283 1655
283 1655 2648
1655 283 2648
528 2480 2749
2480 528 2749
2749 528 2480
2768 1559 2003
1559 2003 2768
2003 1559 2768
2866 1602 2757
1602 2757 2866
2757 1602 2866
2891 190 702
190 702 2891
702 190 2891
2129 488 2475
488 2129 2475
2475 488 2129
277 579 591
579 277 591
591 277 579
786 989 2925
2925 786 989
989 786 2925
1970 938 2486
2486 938 1970
938 1970 2486
2390 644 1596
1596 644 2390
644 1596 2390
829 1797 2198
2198 829 1797
1797 829 2198
2134 291 2049
291 2049 2134
2049 291 2134
2369 1901 2270
2270 1901 2369
1901 2270 2369
2376 462 1197
462 1197 2376
1197 462 2376
1348 390 2899
390 1348 2899
2899 390 1348
837 673 2125
2125 673 837
673 837 2125
1000 990 1421
990 1000 1421
1421 990 1000
2869 879 2032
2032 879 2869
879 2032 2869
2617 1391 1825
1391 1825 2617
1825 1391 2617
232 1524 2725
2725 232 1524
1524 232 2725
2696 1681 2530
2530 1681 2696
1681 2530 2696
2902 722 2936
2936 722 2902
722 2902 2936
2435 596 670
670 596 2435
596 670 2435
494 483 893
483 494 893
893 483 494
1045 1084 1101
1101 1045 1084
1084 1045 1101
1003 918 2086
2086 918 1003
918 1003 2086
1844 1910 2237
2237 1844 1910
1910 1844 2237
2307 25 1237
1237 25 2307
25 1237 2307
1306 124 2372
2372 124 1306
124 1306 2372
1145 2041 2780
2780 1145 2041
2041 1145 2780
1425 2071 2305
2305 1425 2071
2071 1425 2305
2479 368 1238
368 1238 2479
1238 368 2479
70 501 1707
501 70 1707
1707 70 501
1020 175 2726
175 1020 2726
2726 175 1020
1627 2252 2788
2788 1627 2252
2252 1627 2788
1096 1074 1991
1991 1074 1096
1074 1096 1991
2079 306 1304
1304 306 2079
306 1304 2079
500 1538 2724
2724 500 1538
1538 500 2724
2971 336 2101
2101 336 2971
336 2101 2971
1215 2040 2913
2913 1215 2040
2040 1215 2913
1438 1622 2015
1622 1438 2015
2015 1438 1622
481 1481 2350
1481 481 2350
2350 481 1481
2476 463 2502
2502 463 2476
463 2476 2502
2470 17 2298
17 2298 2470
2298 17 2470
1729 1422 2448
1422 1729 2448
2448 1422 1729
614 1386 2974
2974 614 1386
1386 614 2974
427 2380 2831
2831 427 2380
2380 427 2831
236 2383 2465
2465 236 2383
2383 236 2465
852 173 1647
1647 173 852
173 852 1647
944 1547 1856
1547 944 1856
1856 944 1547
1984 1908 2209
1908 1984 2209
2209 1908 1984
1474 778 1363
1363 778 1474
778 1363 1474
452 1414 2408
1414 452 2408
2408 452 1414
1848 485 1249
1249 485 1848
485 1249 1848
2436 1489 2156
2156 1489 2436
1489 2156 2436
904 1484 2851
1484 904 2851
2851 904 1484
565 14 2689
2689 14 565
14 565 2689
1988 48 2662
2662 48 1988
48 1988 2662
2360 1968 2054
2054 1968 2360
1968 2054 2360
779 214 2985
214 779 2985
2985 214 779
1922 1378 1686
1686 1378 1922
1378 1686 1922
699 800 927
927 699 800
800 699 927
2234 1320 2322
2322 1320 2234
1320 2234 2322
2373 184 389
184 389 2373
389 184 2373
2425 1442 2793
2793 1442 2425
1442 2425 2793
1158 995 2771
2771 995 1158
995 1158 2771
2594 407 2747
407 2594 2747
2747 407 2594
2995 976 1289
1289 976 2995
976 1289 2995
1583 19 2354
19 1583 2354
2354 19 1583
1408 576 2200
2200 576 1408
576 1408 2200
799 359 361
359 361 799
361 359 799
2589 249 653
249 653 2589
653 249 2589
1133 496 1278
1278 496 1133
496 1133 1278
1540 269 2954
2954 269 1540
269 1540 2954
1628 1298 1604
1604 1298 1628
1298 1604 1628
1373 100 2021
2021 100 1373
100 1373 2021
340 1040 1817
1817 340 1040
1040 340 1817
793 2245 2710
2710 793 2245
2245 793 2710
2996 30 1840
30 1840 2996
1840 30 2996
2019 219 2930
219 2019 2930
2930 219 2019
1571 1648 2099
1648 1571 2099
2099 1571 1648
1854 1772 2667
2667 1772 1854
1772 1854 2667
1128 1297 2089
1297 1128 2089
2089 1128 1297
661 1154 2504
1154 661 2504
2504 661 1154
794 10 1608
1608 10 794
10 794 1608
1193 691 2627
691 1193 2627
2627 691 1193
1290 1127 1850
1850 1127 1290
1127 1290 1850
1941 2431 2797
2797 1941 2431
2431 1941 2797
1824 82 2078
2078 82 1824
82 1824 2078
106 1659 3000
1659 106 3000
3000 106 1659
796 326 2299
2299 326 796
326 796 2299
2761 703 1918
1918 703 2761
703 1918 2761
2291 1726 1940
1726 1940 2291
1940 1726 2291
954 658 1273
658 954 1273
1273 658 954
806 970 2508
970 806 2508
2508 806 970
1884 538 1532
538 1532 1884
1532 538 1884
982 205 2023
205 982 2023
2023 205 982
62 2150 2600
2600 62 2150
2150 62 2600
950 2034 2239
2034 950 2239
2239 950 2034
2914 618 1281
618 1281 2914
1281 618 2914
203 255 436
436 203 255
255 203 436
2281 2097 2432
2097 2281 2432
2432 2097 2281
2607 858 2787
858 2607 2787
2787 858 2607
1730 1737 2983
2983 1730 1737
1737 1730 2983
2553 314 402
402 314 2553
314 402 2553
2043 2275 2650
2650 2043 2275
2275 2043 2650
302 1475 2919
1475 302 2919
2919 302 1475
2745 1667 2362
1667 2362 2745
2362 1667 2745
1803 1056 1352
1352 1056 1803
1056 1352 1803
2613 148 1202
1202 148 2613
148 1202 2613
2896 69 1938
69 1938 2896
1938 69 2896
1777 814 1891
1891 814 1777
814 1777 1891
1783 2036 2500
2036 1783 2500
2500 1783 2036
1250 981 1569
981 1250 1569
1569 981 1250
900 2174 2956
2956 900 2174
2174 900 2956
1277 171 1451
171 1277 1451
1451 171 1277
224 33 585
585 33 224
33 224 585
1781 1894 2026
1894 1781 2026
2026 1781 1894
1021 1530 2017
2017 1021 1530
1530 1021 2017
54 2450 2883
2450 54 2883
2883 54 2450
2632 537 874
537 874 2632
874 537 2632
674 616 1560
616 674 1560
1560 616 674
809 90 131
90 131 809
131 90 809
843 1975 2548
2548 843 1975
1975 843 2548
2592 1284 1556
1284 1556 2592
1556 1284 2592
1347 880 2796
880 1347 2796
2796 880 1347
1454 204 1701
204 1454 1701
1701 204 1454
555 1204 2182
1204 555 2182
2182 555 1204
2506 792 2007
2007 792 2506
792 2007 2506
817 510 1870
510 817 1870
1870 510 817
930 26 932
26 930 932
932 26 930
1148 2550 2731
2550 1148 2731
2731 1148 2550
243 2289 2643
2289 243 2643
2643 243 2289
1698 1279 2870
1279 1698 2870
2870 1279 1698
710 275 2825
2825 275 710
275 710 2825
2743 780 805
780 805 2743
805 780 2743
698 652 971
652 698 971
971 652 698
847 581 2922
2922 581 847
581 847 2922
1012 1519 2173
2173 1012 1519
1519 1012 2173
2993 429 903
903 429 2993
429 903 2993
2188 1053 1531
1053 1531 2188
1531 1053 2188
370 760 2128
760 370 2128
2128 370 760
1525 448 1600
1600 448 1525
448 1525 1600
2029 1430 1496
1496 1430 2029
1430 1496 2029
2536 414 1002
414 1002 2536
1002 414 2536
1903 129 2920
129 1903 2920
2920 129 1903
2222 821 2113
2113 821 2222
821 2113 2222
656 1558 1778
1778 656 1558
1558 656 1778
2649 919 1522
919 1522 2649
1522 919 2649
1172 562 2463
2463 562 1172
562 1172 2463
745 2308 2704
2308 745 2704
2704 745 2308
2010 584 1971
584 1971 2010
1971 584 2010
1690 127 1247
1247 127 1690
127 1247 1690
1658 523 1750
1750 523 1658
523 1658 1750
916 401 577
577 401 916
401 577 916
1356 317 2509
2509 317 1356
317 1356 2509
1949 1461 2013
2013 1461 1949
1461 1949 2013
378 1389 2961
1389 378 2961
2961 378 1389
1562 1793 2905
2905 1562 1793
1793 1562 2905
2714 2394 2832
2832 2394 2714
2394 2714 2832
479 624 1652
1652 479 624
624 479 1652
2715 1064 2590
1064 2590 2715
2590 1064 2715
259 304 1010
1010 259 304
304 259 1010
1995 1046 1388
1046 1388 1995
1388 1046 1995
2858 825 1536
1536 825 2858
825 1536 2858
1329 468 1144
1144 468 1329
468 1144 1329
1288 637 2603
637 1288 2603
2603 637 1288
2366 862 2834
862 2366 2834
2834 862 2366
2881 1715 2816
1715 2816 2881
2816 1715 2881
1180 725 2706
2706 725 1180
725 1180 2706
1129 630 1379
1379 630 1129
630 1129 1379
1418 80 1723
80 1418 1723
1723 80 1418
1897 120 776
776 120 1897
120 776 1897
993 465 2515
465 993 2515
2515 465 993
1230 892 2168
2168 892 1230
892 1230 2168
1436 225 557
557 225 1436
225 557 1436
272 348 1115
348 272 1115
1115 272 348
1631 651 1301
651 1301 1631
1301 651 1631
395 65 1224
1224 65 395
65 395 1224
714 727 2190
2190 714 727
727 714 2190
2565 899 2574
2574 899 2565
899 2565 2574
668 285 315
285 315 668
315 285 668
2457 458 2181
2181 458 2457
458 2181 2457
212 2292 2452
2452 212 2292
2292 212 2452
949 594 1467
1467 594 949
594 949 1467
781 16 135
16 135 781
135 16 781
838 358 382
358 382 838
382 358 838
2192 627 731
627 731 2192
731 627 2192
1766 1308 1950
1950 1308 1766
1308 1766 1950
2178 1380 1578
1578 1380 2178
1380 1578 2178
865 354 1542
1542 354 865
354 865 1542
394 1588 2527
2527 394 1588
1588 394 2527
1318 128 2510
128 1318 2510
2510 128 1318
1340 1275 2524
2524 1275 1340
1275 1340 2524
2135 826 2314
826 2135 2314
2314 826 2135
196 103 2332
2332 103 196
103 196 2332
1286 548 2255
548 1286 2255
2255 548 1286
1514 447 1217
1217 447 1514
447 1217 1514
2199 237 2789
2789 237 2199
237 2199 2789
1863 1035 2440
2440 1035 1863
1035 1863 2440
1518 1136 1447
1447 1136 1518
1136 1447 1518
1615 1171 2843
1171 1615 2843
2843 1171 1615
2133 1295 2016
2016 1295 2133
1295 2016 2133
2596 1785 2542
2542 1785 2596
1785 2542 2596
1431 41 774
774 41 1431
41 774 1431
1839 209 1808
1808 209 1839
209 1808 1839
1942 20 491
20 491 1942
491 20 1942
9 1328 1634
1634 9 1328
1328 9 1634
2708 235 1868
235 1868 2708
1868 235 2708
1325 2241 2429
2429 1325 2241
2241 1325 2429
1779 460 2059
460 1779 2059
2059 460 1779
441 922 1258
922 441 1258
1258 441 922
1241 1565 2684
2684 1241 1565
1565 1241 2684
1177 2341 2967
2967 1177 2341
2341 1177 2967
1679 22 2163
22 1679 2163
2163 22 1679
1232 1346 2897
1346 1232 2897
2897 1232 1346
1733 498 625
625 498 1733
498 625 1733
728 2713 2852
2713 728 2852
2852 728 2713
334 451 2742
2742 334 451
451 334 2742
77 1857 2318
2318 77 1857
1857 77 2318
1450 221 1855
221 1450 1855
1855 221 1450
2823 1665 2087
1665 2087 2823
2087 1665 2823
1609 109 732
732 109 1609
109 732 1609
1992 86 771
771 86 1992
86 771 1992
1117 150 446
446 150 1117
150 446 1117
2272 1283 2511
1283 2272 2511
2511 1283 2272
2917 125 1555
1555 125 2917
125 1555 2917
782 601 1092
601 782 1092
1092 601 782
1807 682 2161
682 1807 2161
2161 682 1807
2075 2204 2976
2976 2075 2204
2204 2075 2976
2878 1185 1300
1185 1300 2878
1300 1185 2878
962 375 783
783 375 962
375 783 962
2559 1661 2773
2773 1661 2559
1661 2559 2773
2343 1157 2083
2083 1157 2343
1157 2083 2343
399 230 2495
230 399 2495
2495 230 399
671 1520 1645
1645 671 1520
1520 671 1645
2481 281 1809
1809 281 2481
281 1809 2481
2688 434 2214
434 2214 2688
2214 434 2688
765 113 266
266 113 765
113 266 765
2004 532 2560
532 2004 2560
2560 532 2004
1256 1023 1058
1023 1058 1256
1058 1023 1256
1463 515 1641
515 1463 1641
1641 515 1463
1390 1570 1965
1570 1390 1965
1965 1390 1570
2563 475 2760
2760 475 2563
475 2563 2760
2187 76 1955
1955 76 2187
76 1955 2187
664 2552 2772
2552 664 2772
2772 664 2552
1734 966 1459
1459 966 1734
966 1459 1734
2045 719 2490
719 2045 2490
2490 719 2045
2147 263 2973
2973 263 2147
263 2147 2973
1909 1153 1805
1153 1805 1909
1805 1153 1909
655 2285 2784
2784 655 2285
2285 655 2784
700 764 1579
1579 700 764
764 700 1579
197 649 1221
1221 197 649
649 197 1221
440 712 2616
712 440 2616
2616 440 712
6 1767 2792
1767 6 2792
2792 6 1767
2230 57 2011
57 2011 2230
2011 57 2230
1904 578 1310
578 1310 1904
1310 578 1904
2693 28 2677
2677 28 2693
28 2677 2693
2330 1920 2371
2371 1920 2330
1920 2330 2371
1102 517 1455
517 1102 1455
1455 517 1102
2752 63 1617
1617 63 2752
63 1617 2752
273 350 2686
2686 273 350
350 273 2686
582 174 925
174 582 925
925 174 582
2194 489 1830
489 1830 2194
1830 489 2194
1553 217 2121
217 1553 2121
2121 217 1553
71 258 1411
258 71 1411
1411 71 258
12 795 2741
795 12 2741
2741 12 795
801 1211 2284
1211 801 2284
2284 801 1211
541 1210 1757
1757 541 1210
1210 541 1757
2882 299 2082
299 2082 2882
2082 299 2882
2074 254 386
254 386 2074
386 254 2074
1595 979 2964
979 1595 2964
2964 979 1595
2828 2744 2937
2937 2744 2828
2744 2828 2937
2880 201 860
201 860 2880
860 201 2880
1546 2567 2847
2847 1546 2567
2567 1546 2847
1845 1375 2799
2799 1375 1845
1375 1845 2799
2053 1412 2055
2055 1412 2053
1412 2053 2055
831 145 734
145 734 831
734 145 831
2947 409 2591
409 2591 2947
2591 409 2947
1109 1 2206
1 1109 2206
2206 1 1109
2884 808 1200
1200 808 2884
808 1200 2884
1439 798 1860
798 1439 1860
1860 798 1439
2294 240 1335
240 1335 2294
1335 240 2294
227 98 1139
1139 98 227
98 227 1139
2659 1566 2365
1566 2365 2659
2365 1566 2659
2018 1482 2398
2398 1482 2018
1482 2018 2398
156 433 2699
433 156 2699
2699 156 433
566 1444 1493
1493 566 1444
1444 566 1493
830 360 2487
360 830 2487
2487 360 830
554 1191 1873
1873 554 1191
1191 554 1873
593 2091 2382
2091 593 2382
2382 593 2091
1465 608 1708
608 1465 1708
1708 608 1465
1906 246 505
246 505 1906
505 246 1906
1199 218 1932
218 1199 1932
1932 218 1199
2865 1018 2493
2493 1018 2865
1018 2493 2865
684 1198 2817
1198 684 2817
2817 684 1198
2748 2415 2455
2455 2415 2748
2415 2455 2748
2944 1786 2507
1786 2507 2944
2507 1786 2944
2084 146 2681
146 2084 2681
2681 146 2084
2395 1044 1399
1044 1399 2395
1399 1044 2395
2736 1763 1983
1983 1763 2736
1763 1983 2736
2732 1428 1684
1428 1684 2732
1684 1428 2732
2593 328 1842
1842 328 2593
328 1842 2593
2000 621 1081
1081 621 2000
621 1081 2000
2077 245 2092
2092 245 2077
245 2077 2092
2152 5 2821
2821 5 2152
5 2152 2821
2081 470 1689
1689 470 2081
470 1689 2081
933 311 2829
311 933 2829
2829 311 933
2516 857 2513
857 2513 2516
2513 857 2516
1495 692 2137
2137 692 1495
692 1495 2137
1343 573 1996
1996 573 1343
573 1343 1996
2300 143 1735
143 1735 2300
1735 143 2300
607 758 2048
2048 607 758
758 607 2048
1079 1393 1601
1393 1079 1601
1601 1079 1393
610 1959 2482
2482 610 1959
1959 610 2482
1367 1599 1813
1813 1367 1599
1599 1367 1813
2716 442 1014
442 1014 2716
1014 442 2716
693 142 300
300 142 693
142 300 693
2327 435 999
999 435 2327
435 999 2327
975 1710 2254
2254 975 1710
1710 975 2254
2259 355 2813
2813 355 2259
355 2259 2813
2090 477 1611
1611 477 2090
477 1611 2090
2948 37 1453
1453 37 2948
37 1453 2948
1082 635 2960
2960 635 1082
635 1082 2960
2850 1350 2637
1350 2637 2850
2637 1350 2850
1100 2050 2932
2932 1100 2050
2050 1100 2932
2420 1517 1564
1564 1517 2420
1517 1564 2420
1220 2056 2610
2056 1220 2610
2610 1220 2056
571 149 1621
149 571 1621
1621 149 571
2679 183 2037
183 2037 2679
2037 183 2679
1372 763 1477
763 1372 1477
1477 763 1372
2154 2060 2830
2830 2060 2154
2060 2154 2830
632 2879 2949
2949 632 2879
2879 632 2949
2855 250 2601
250 2601 2855
2601 250 2855
1923 430 2763
2763 430 1923
430 1923 2763
729 73 284
284 73 729
73 284 729
902 102 1066
1066 102 902
102 902 1066
1104 1838 2856
1838 1104 2856
2856 1104 1838
718 1337 2541
2541 718 1337
1337 718 2541
1094 819 2370
2370 819 1094
819 1094 2370
3 95 2874
95 3 2874
2874 3 95
2551 301 2221
2221 301 2551
301 2221 2551
1073 717 1875
1875 717 1073
717 1073 1875
1534 1313 2584
2584 1313 1534
1313 1534 2584
2820 152 2031
2031 152 2820
152 2031 2820
2359 480 2368
2368 480 2359
480 2359 2368
622 222 1426
222 622 1426
1426 222 622
1359 1551 1691
1691 1359 1551
1551 1359 1691
2841 388 1492
1492 388 2841
388 1492 2841
1956 516 2945
2945 516 1956
516 1956 2945
2444 738 1505
738 1505 2444
1505 738 2444
2894 420 2602
420 2602 2894
2602 420 2894
53 1403 2980
2980 53 1403
1403 53 2980
2998 137 2130
2130 137 2998
137 2130 2998
2397 854 1902
854 1902 2397
1902 854 2397
2246 118 2248
2248 118 2246
118 2246 2248
2410 885 1236
1236 885 2410
885 1236 2410
1365 1183 1913
1913 1183 1365
1183 1365 1913
2921 2253 2849
2849 2253 2921
2253 2849 2921
2132 1323 2615
2615 1323 2132
1323 2132 2615
2556 909 2310
909 2310 2556
2310 909 2556
526 1248 1724
1724 526 1248
1248 526 1724
958 1612 2934
2934 958 1612
1612 958 2934
827 59 1752
1752 59 827
59 827 1752
1151 1225 1574
1225 1151 1574
1574 1151 1225
823 777 2819
2819 777 823
777 823 2819
955 1376 2002
2002 955 1376
1376 955 2002
772 185 292
292 185 772
185 292 772
1503 1242 2990
2990 1242 1503
1242 1503 2990
1974 1494 2456
1494 1974 2456
2456 1494 1974
2458 986 1296
1296 986 2458
986 1296 2458
443 2295 2682
2682 443 2295
2295 443 2682
688 855 980
980 688 855
855 688 980
2172 78 200
200 78 2172
78 200 2172
2046 2265 2418
2265 2046 2418
2418 2046 2265
2141 1159 2460
2460 1159 2141
1159 2141 2460
1126 1449 1620
1449 1126 1620
1620 1126 1449
2208 1243 2611
1243 2208 2611
2611 1243 2208
2320 883 2131
883 2131 2320
2131 883 2320
1124 524 716
716 524 1124
524 716 1124
2471 1146 2826
1146 2471 2826
2826 1146 2471
2798 906 1676
906 1676 2798
1676 906 2798
2646 680 1931
680 1931 2646
1931 680 2646
1861 1029 2176
2176 1029 1861
1029 1861 2176
1043 1068 1402
1402 1043 1068
1068 1043 1402
267 1782 2735
1782 267 2735
2735 267 1782
1032 119 1762
119 1032 1762
1762 119 1032
1978 261 2898
2898 261 1978
261 1978 2898
519 1099 2950
1099 519 2950
2950 519 1099
179 1405 2242
1405 179 2242
2242 179 1405
2997 1545 2323
2323 1545 2997
1545 2323 2997
341 36 1143
1143 36 341
36 341 1143
1694 46 459
459 46 1694
46 459 1694
2929 1218 2229
1218 2229 2929
2229 1218 2929
193 278 2935
2935 193 278
278 193 2935
1037 215 2528
2528 215 1037
215 1037 2528
397 1464 2955
2955 397 1464
1464 397 2955
2523 192 1792
192 1792 2523
1792 192 2523
1042 1179 1245
1179 1042 1245
1245 1042 1179
606 2319 2564
2319 606 2564
2564 606 2319
1415 213 2110
2110 213 1415
213 1415 2110
959 755 2271
755 959 2271
2271 755 959
946 1912 2700
2700 946 1912
1912 946 2700
11 1568 2407
1568 11 2407
2407 11 1568
957 307 2264
307 957 2264
2264 307 957
2640 556 818
556 818 2640
818 556 2640
2862 325 1282
1282 325 2862
325 1282 2862
1829 493 1182
493 1182 1829
1182 493 1829
747 153 1719
1719 153 747
153 747 1719
2442 226 2165
2165 226 2442
226 2165 2442
1890 672 1759
672 1759 1890
1759 672 1890
1728 2014 2108
2108 1728 2014
2014 1728 2108
1186 641 1011
1011 641 1186
641 1011 1186
2223 2340 2802
2802 2223 2340
2340 2223 2802
2707 645 2836
2836 645 2707
645 2707 2836
2916 332 484
332 484 2916
484 332 2916
369 2348 2678
2348 369 2678
2678 369 2348
363 2375 2969
2969 363 2375
2375 363 2969
2469 1967 2377
2377 1967 2469
1967 2377 2469
2027 186 2020
186 2020 2027
2020 186 2027
2848 928 1819
928 1819 2848
1819 928 2848
815 411 2096
411 815 2096
2096 411 815
2859 165 2238
165 2238 2859
2238 165 2859
1644 759 1024
759 1024 1644
1024 759 1644
1784 313 1260
313 1260 1784
1260 313 1784
1077 773 934
773 934 1077
934 773 1077
1671 356 575
575 356 1671
356 575 1671
2391 1939 2112
2112 1939 2391
1939 2112 2391
2149 531 1804
1804 531 2149
531 1804 2149
365 1704 2824
1704 365 2824
2824 365 1704
723 905 2753
2753 723 905
905 723 2753
2526 1976 2629
1976 2526 2629
2629 1976 2526
351 1276 2740
1276 351 2740
2740 351 1276
2331 8 1947
1947 8 2331
8 1947 2331
514 803 901
803 514 901
901 514 803
81 280 2443
280 81 2443
2443 81 280
1638 1361 2117
1361 1638 2117
2117 1361 1638
2338 939 1067
939 1067 2338
1067 939 2338
1135 2544 2609
2609 1135 2544
2544 1135 2609
161 872 2635
872 161 2635
2635 161 872
2413 29 322
322 29 2413
29 322 2413
908 1194 2104
2104 908 1194
1194 908 2104
1175 1271 1591
1591 1175 1271
1271 1175 1591
1366 1833 2451
2451 1366 1833
1833 1366 2451
1616 364 1709
1709 364 1616
364 1616 1709
2835 195 889
889 195 2835
195 889 2835
2269 850 2861
2861 850 2269
850 2269 2861
552 431 572
572 431 552
431 552 572
2694 1326 1432
1326 1432 2694
1432 1326 2694
1338 590 715
590 715 1338
715 590 1338
2941 686 1358
686 1358 2941
1358 686 2941
412 79 1818
79 412 1818
1818 79 412
2738 191 2337
2337 191 2738
191 2337 2738
1169 756 2072
2072 756 1169
756 1169 2072
923 2030 2094
2094 923 2030
2030 923 2094
1593 247 2262
2262 247 1593
247 1593 2262
942 890 2396
890 942 2396
2396 890 942
2514 347 469
347 469 2514
469 347 2514
886 1188 2301
2301 886 1188
1188 886 2301
2675 252 1960
252 1960 2675
1960 252 2675
911 228 1584
1584 228 911
228 911 1584
2473 507 1404
507 1404 2473
1404 507 2473
1717 875 2228
875 1717 2228
2228 875 1717
2781 881 2461
2461 881 2781
881 2461 2781
669 2126 2766
2766 669 2126
2126 669 2766
1270 2750 2968
2750 1270 2968
2968 1270 2750
2644 711 2503
2503 711 2644
711 2503 2644
2201 1791 2399
1791 2201 2399
2399 1791 2201
472 561 1299
561 472 1299
1299 472 561
2907 1120 1705
1120 1705 2907
1705 1120 2907
1007 530 726
726 530 1007
530 726 1007
967 701 2422
2422 701 967
701 967 2422
638 730 744
744 638 730
730 638 744
2070 60 1292
60 1292 2070
1292 60 2070
866 2401 2764
2764 866 2401
2401 866 2764
689 2210 2273
2210 689 2273
2273 689 2210
2722 983 1394
1394 983 2722
983 1394 2722
1085 1048 2256
1048 1085 2256
2256 1048 1085
1823 544 753
544 753 1823
753 544 1823
239 1800 2709
1800 239 2709
2709 239 1800
1653 679 2364
2364 679 1653
679 1653 2364
1490 2404 2406
2404 1490 2406
2406 1490 2404
836 518 1678
1678 518 836
518 836 1678
2939 845 1597
845 1597 2939
1597 845 2939
973 1577 2622
2622 973 1577
1577 973 2622
1424 1076 2193
2193 1076 1424
1076 1424 2193
2293 558 1116
1116 558 2293
558 1116 2293
1886 338 987
338 987 1886
987 338 1886
1606 157 2892
2892 157 1606
157 1606 2892
2414 444 466
466 444 2414
444 466 2414
2438 1190 2791
2791 1190 2438
1190 2438 2791
1071 384 2940
2940 384 1071
384 1071 2940
675 286 2244
2244 286 675
286 675 2244
68 834 2267
2267 68 834
834 68 2267
1643 1640 2522
1640 1643 2522
2522 1640 1643
163 678 707
707 163 678
678 163 707
2191 1981 2924
2924 1981 2191
1981 2191 2924
2449 333 2729
2729 333 2449
333 2449 2729
1954 1387 2122
2122 1387 1954
1387 1954 2122
720 592 2549
2549 592 720
592 720 2549
2146 342 1293
1293 342 2146
342 1293 2146
1646 1163 2114
1163 1646 2114
2114 1163 1646
1111 47 2066
2066 47 1111
47 1111 2066
2095 2730 2912
2730 2095 2912
2912 2095 2730
1357 977 1396
977 1357 1396
1396 977 1357
2804 2428 2604
2428 2604 2804
2604 2428 2804
83 207 2975
2975 83 207
207 83 2975
1718 181 984
984 181 1718
181 984 1718
1935 2006 2669
2669 1935 2006
2006 1935 2669
2810 257 1253
1253 257 2810
257 1253 2810
2578 4 752
752 4 2578
4 752 2578
2236 337 1119
337 1119 2236
1119 337 2236
271 613 1973
1973 271 613
613 271 1973
1961 642 960
960 642 1961
642 960 1961
1586 2423 2754
2423 1586 2754
2754 1586 2423
1859 804 832
804 832 1859
832 804 1859
2685 1523 2639
2639 1523 2685
1523 2639 2685
2085 1406 1692
1692 1406 2085
1406 1692 2085
327 898 1019
898 327 1019
1019 327 898
647 1166 2872
1166 647 2872
2872 647 1166
1213 1806 2762
2762 1213 1806
1806 1213 2762
1407 1563 2734
1563 1407 2734
2734 1407 1563
1261 107 318
107 318 1261
318 107 1261
188 189 391
391 188 189
189 188 391
419 457 1626
1626 419 457
457 419 1626
2587 1580 2901
2901 1580 2587
1580 2587 2901
1047 1666 1987
1666 1047 1987
1987 1047 1666
600 2328 2931
2328 600 2931
2931 600 2328
1460 1209 2231
2231 1209 1460
1209 1460 2231
376 1017 1980
1017 376 1980
1980 376 1017
2501 811 884
884 811 2501
811 884 2501
697 39 564
564 39 697
39 564 697
51 2062 2703
2062 51 2703
2703 51 2062
1603 262 683
262 683 1603
683 262 1603
2845 122 1907
1907 122 2845
122 1907 2845
2035 1557 2822
2822 1557 2035
1557 2035 2822
1796 486 2712
2712 486 1796
486 1796 2712
896 1448 1828
1448 896 1828
1828 896 1448
1434 974 2118
974 1434 2118
2118 974 1434
1353 1351 1865
1351 1353 1865
1865 1351 1353
2392 2839 2978
2978 2392 2839
2839 2392 2978
1272 1333 2889
2889 1272 1333
1333 1272 2889
1118 988 1167
1167 988 1118
988 1118 1167
521 35 1233
1233 35 521
35 521 1233
478 220 895
895 220 478
220 478 895
2321 154 1078
1078 154 2321
154 1078 2321
1254 1624 1896
1896 1254 1624
1624 1254 1896
1946 705 2346
2346 705 1946
705 1946 2346
264 1364 1508
1508 264 1364
1364 264 1508
1725 1051 1294
1294 1051 1725
1051 1294 1725
2811 449 2033
2033 449 2811
449 2033 2811
1314 882 1680
1680 882 1314
882 1314 1680
604 172 2918
2918 172 604
172 604 2918
2386 1041 2325
1041 2325 2386
2325 1041 2386
2557 935 1327
935 1327 2557
1327 935 2557
2177 1339 1820
1820 1339 2177
1339 1820 2177
2988 50 1814
50 1814 2988
1814 50 2988
1031 1749 2570
2570 1031 1749
1749 1031 2570
2621 1469 2138
1469 2138 2621
2138 1469 2621
1744 1535 1768
1768 1535 1744
1535 1744 1768
1195 1693 2162
2162 1195 1693
1693 1195 2162
634 1966 2088
2088 634 1966
1966 634 2088
2910 994 1086
1086 994 2910
994 1086 2910
2363 2778 2783
2778 2363 2783
2783 2363 2778
2876 553 1594
553 1594 2876
1594 553 2876
476 1205 2195
2195 476 1205
1205 476 2195
1476 891 1990
891 1476 1990
1990 891 1476
2250 366 560
366 560 2250
560 366 2250
1410 1539 2324
2324 1410 1539
1539 1410 2324
138 180 1716
180 138 1716
1716 138 180
2519 956 2946
956 2519 2946
2946 956 2519
534 1140 1392
1392 534 1140
1140 534 1392
784 1619 1834
1834 784 1619
1619 784 1834
1916 1022 2582
2582 1022 1916
1022 1916 2582
2342 535 547
535 547 2342
547 535 2342
1582 1713 2531
1713 1582 2531
2531 1582 1713
859 1700 2636
2636 859 1700
1700 859 2636
1345 567 2302
567 1345 2302
2302 567 1345
503 1123 2986
1123 503 2986
2986 503 1123
1164 527 550
527 550 1164
550 527 1164
1509 353 2727
353 1509 2727
2727 353 1509
2529 15 2561
15 2529 2561
2561 15 2529
620 274 628
274 620 628
628 274 620
1751 1488 1668
1488 1668 1751
1668 1488 1751
1543 1416 2790
2790 1416 1543
1416 1543 2790
380 1089 2336
2336 380 1089
1089 380 2336
216 1203 2057
2057 216 1203
1203 216 2057
2142 290 2266
2266 290 2142
290 2142 2266
2038 31 1736
1736 31 2038
31 1736 2038
1853 1227 1866
1866 1227 1853
1227 1853 1866
2232 1513 2477
2477 1513 2232
1513 2232 2477
626 132 1354
132 626 1354
1354 132 626
676 643 2540
2540 643 676
643 676 2540
864 253 2575
2575 253 864
253 864 2575
1368 99 677
677 99 1368
99 677 1368
2459 1137 2970
1137 2459 2970
2970 1137 2459
2093 611 2765
2765 611 2093
611 2093 2765
1287 404 2492
404 1287 2492
2492 404 1287
897 456 2441
456 897 2441
2441 456 897
1122 586 2668
586 1122 2668
2668 586 1122
1087 418 907
418 907 1087
907 418 1087
888 94 659
94 659 888
659 94 888
2226 385 2512
385 2226 2512
2512 385 2226
2488 170 1500
1500 170 2488
170 1500 2488
1541 66 953
953 66 1541
66 953 1541
1395 499 869
869 499 1395
499 869 1395
1633 2005 2065
2065 1633 2005
2005 1633 2065
1849 1607 1926
1926 1607 1849
1607 1849 1926
256 820 2812
2812 256 820
820 256 2812
2687 7 2608
2608 7 2687
7 2608 2687
2102 2203 2258
2203 2102 2258
2258 2102 2203
2205 998 1070
1070 998 2205
998 1070 2205
406 2186 2691
2691 406 2186
