52 1468 2923
1468 52 2923
2923 52 1468
1386 615 1322
615 1322 1386
1322 615 1386
2317 312 2424
2424 312 2317
312 2317 2424
592 1598 2065
2065 592 1598
1598 592 2065
1460 905 1467
905 1460 1467
1467 905 1460
2647 1402 1513
1402 1513 2647
1513 1402 2647
168 1683 2202
2202 168 1683
1683 168 2202
1541 519 874
874 519 1541
519 874 1541
1499 430 1744
430 1499 1744
1744 430 1499
2167 460 1862
1862 460 2167
460 1862 2167
2595 607 2871
2871 607 2595
607 2595 2871
377 124 226
226 124 377
124 226 377
2263 1134 2891
2891 1134 2263
1134 2263 2891
1184 1336 1515
1515 1184 1336
1336 1184 1515
1138 385 1234
1234 385 1138
385 1138 1234
2587 2749 2756
2749 2587 2756
2756 2587 2749
375 1100 2688
2688 375 1100
1100 375 2688
799 2000 2873
2000 799 2873
2873 799 2000
2700 845 1271
845 1271 2700
1271 845 2700
142 1759 2861
2861 142 1759
1759 142 2861
2567 1094 1351
1094 1351 2567
1351 1094 2567
1836 1161 1484
1161 1484 1836
1484 1161 1836
1779 1231 1878
1878 1231 1779
1231 1779 1878
2525 735 2108
2108 735 2525
735 2108 2525
995 857 2599
857 995 2599
2599 857 995
1049 328 622
622 328 1049
328 622 1049
2259 452 1473
452 1473 2259
1473 452 2259
2369 1140 2236
1140 2236 2369
2236 1140 2369
1085 504 1989
1989 504 1085
504 1085 1989
2260 1749 2524
2524 1749 2260
1749 2260 2524
1624 393 2838
2838 393 1624
393 1624 2838
1577 663 2182
2182 663 1577
663 1577 2182
546 957 973
957 546 973
973 546 957
482 892 2384
2384 482 892
892 482 2384
2557 1061 2347
2347 1061 2557
1061 2347 2557
2546 285 1463
1463 285 2546
285 1463 2546
1062 1658 2010
1658 1062 2010
2010 1062 1658
1731 1040 2012
1040 1731 2012
2012 1040 1731
2300 1406 1782
1406 1782 2300
1782 1406 2300
1999 65 2107
65 1999 2107
2107 65 1999
2046 1079 1678
1678 1079 2046
1079 1678 2046
2315 23 1859
23 1859 2315
1859 23 2315
1401 871 1391
871 1391 1401
1391 871 1401
728 890 2171
2171 728 890
890 728 2171
648 713 1762
1762 648 713
713 648 1762
2498 133 2902
133 2498 2902
2902 133 2498
996 229 1181
1181 229 996
229 996 1181
1596 58 1001
1001 58 1596
58 1001 1596
2798 1303 1724
1724 1303 2798
1303 1724 2798
2840 927 1865
927 1865 2840
1865 927 2840
1902 2006 2161
2006 1902 2161
2161 1902 2006
338 1059 2042
2042 338 1059
1059 338 2042
1084 381 2331
381 1084 2331
2331 381 1084
210 1000 1045
1045 210 1000
1000 210 1045
2479 2122 2764
2122 2479 2764
2764 2122 2479
2579 888 2077
2077 888 2579
888 2077 2579
1120 1006 1253
1253 1006 1120
1006 1120 1253
1007 1246 2495
2495 1007 1246
1246 1007 2495
1052 1526 2075
1526 1052 2075
2075 1052 1526
559 1291 2459
2459 559 1291
1291 559 2459
433 767 1370
767 433 1370
1370 433 767
1822 675 2104
2104 675 1822
675 1822 2104
316 912 2436
912 316 2436
2436 316 912
2362 1505 1816
1816 1505 2362
1505 1816 2362
2820 2133 2830
2133 2820 2830
2830 2133 2820
2200 1123 2976
1123 2200 2976
2976 1123 2200
598 175 2545
175 598 2545
2545 175 598
2955 1883 2612
1883 2612 2955
2612 1883 2955
731 2696 2956
2696 731 2956
2956 731 2696
1251 1199 1211
1211 1199 1251
1199 1211 1251
837 861 2473
2473 837 861
861 837 2473
529 575 1696
575 529 1696
1696 529 575
2367 612 2314
612 2314 2367
2314 612 2367
645 437 2858
437 645 2858
2858 437 645
2508 788 891
891 788 2508
788 891 2508
400 2286 2945
2945 400 2286
2286 400 2945
2539 724 1285
724 1285 2539
1285 724 2539
424 1205 2218
1205 424 2218
2218 424 1205
502 1643 1875
1875 502 1643
1643 502 1875
1373 1626 2489
2489 1373 1626
1626 1373 2489
1267 405 1937
1937 405 1267
405 1267 1937
205 710 743
710 205 743
743 205 710
2401 1003 1030
1030 1003 2401
1003 1030 2401
2408 803 2378
803 2378 2408
2378 803 2408
1341 962 1695
1695 962 1341
962 1341 1695
2531 850 1994
850 1994 2531
1994 850 2531
11 317 781
781 11 317
317 11 781
700 1437 2112
1437 700 2112
2112 700 1437
2402 1518 2375
1518 2375 2402
2375 1518 2402
906 2334 2766
2766 906 2334
2334 906 2766
793 1388 1985
1388 793 1985
1985 793 1388
281 2558 2833
2558 281 2833
2833 281 2558
1477 474 2772
474 1477 2772
2772 474 1477
2130 869 2346
2346 869 2130
869 2130 2346
1306 974 2427
974 1306 2427
2427 974 1306
889 99 2785
2785 99 889
99 889 2785
2372 1415 2173
2173 1415 2372
1415 2173 2372
2639 1769 2064
2064 1769 2639
1769 2064 2639
324 87 1108
87 324 1108
1108 87 324
1500 567 656
567 656 1500
656 567 1500
1880 911 2813
2813 911 1880
911 1880 2813
1732 459 633
633 459 1732
459 633 1732
2908 262 806
262 806 2908
806 262 2908
2918 898 1367
1367 898 2918
898 1367 2918
574 848 1961
848 574 1961
1961 574 848
1379 2342 2472
2472 1379 2342
2342 1379 2472
1410 1016 1963
1016 1410 1963
1963 1016 1410
117 214 1623
214 117 1623
1623 117 214
2575 539 626
539 626 2575
626 539 2575
2297 139 469
139 469 2297
469 139 2297
2029 1163 1177
1163 1177 2029
1177 1163 2029
1747 240 1670
240 1670 1747
1670 240 1747
2560 902 2943
2943 902 2560
902 2560 2943
1559 581 1642
581 1559 1642
1642 581 1559
1848 451 653
653 451 1848
451 653 1848
1740 531 1580
1580 531 1740
531 1580 1740
752 278 2091
2091 278 752
278 752 2091
1013 768 1397
768 1013 1397
1397 768 1013
2374 2023 2996
2023 2374 2996
2996 2023 2374
1618 1592 2129
2129 1592 1618
1592 1618 2129
1966 1208 2617
2617 1208 1966
1208 1966 2617
66 1864 2054
2054 66 1864
1864 66 2054
744 447 2232
2232 447 744
447 744 2232
2385 269 2083
269 2083 2385
2083 269 2385
1311 2 1855
1855 2 1311
2 1311 1855
2643 261 384
384 261 2643
261 384 2643
2119 2354 2960
2354 2119 2960
2960 2119 2354
407 1362 1971
1362 407 1971
1971 407 1362
2337 78 2678
2678 78 2337
78 2337 2678
1126 1554 2482
1554 1126 2482
2482 1126 1554
1063 1542 1797
1542 1063 1797
1797 1063 1542
1492 31 2973
31 1492 2973
2973 31 1492
1194 1272 2266
1272 1194 2266
2266 1194 1272
2164 1655 2588
1655 2164 2588
2588 1655 2164
1480 2743 2909
2909 1480 2743
2743 1480 2909
2423 206 1269
1269 206 2423
206 1269 2423
2062 258 1383
258 1383 2062
1383 258 2062
1408 169 1186
1186 169 1408
169 1186 1408
1808 1352 1979
1979 1352 1808
1352 1808 1979
1534 322 1387
1387 322 1534
322 1387 1534
2723 1053 2691
1053 2691 2723
2691 1053 2723
2849 91 301
301 91 2849
91 301 2849
74 1191 1585
1585 74 1191
1191 74 1585
1288 305 1443
305 1288 1443
1443 305 1288
711 1771 2533
2533 711 1771
1771 711 2533
2055 1239 2548
2548 1239 2055
1239 2055 2548
1093 334 1572
1572 334 1093
334 1093 1572
2195 1183 2882
1183 2195 2882
2882 1183 2195
2213 1469 1681
1469 1681 2213
1681 1469 2213
1114 420 589
589 420 1114
420 589 1114
2662 280 2037
280 2037 2662
2037 280 2662
1300 497 1179
1179 497 1300
497 1179 1300
2540 203 501
203 501 2540
501 203 2540
534 217 1869
217 534 1869
1869 217 534
1775 689 1203
689 1203 1775
1203 689 1775
1330 321 1722
321 1330 1722
1722 321 1330
1558 495 1034
495 1034 1558
1034 495 1558
1672 14 2265
14 1672 2265
2265 14 1672
741 108 2884
108 741 2884
2884 108 741
523 446 1550
446 523 1550
1550 446 523
423 15 137
15 137 423
137 15 423
2454 1871 2425
1871 2425 2454
2425 1871 2454
1190 1399 2281
1399 1190 2281
2281 1190 1399
684 525 1276
525 684 1276
1276 525 684
2816 882 2556
2556 882 2816
882 2556 2816
1512 1620 1716
1620 1512 1716
1716 1512 1620
1767 464 2707
464 1767 2707
2707 464 1767
363 1487 2876
1487 363 2876
2876 363 1487
2395 472 1332
1332 472 2395
472 1332 2395
2261 824 2535
824 2261 2535
2535 824 2261
2656 900 2253
900 2253 2656
2253 900 2656
2640 548 1216
1216 548 2640
548 1216 2640
2581 1632 2180
2180 1632 2581
1632 2180 2581
956 1069 2675
2675 956 1069
1069 956 2675
933 1673 1692
1692 933 1673
1673 933 1692
1603 946 1539
946 1539 1603
1539 946 1603
2131 2111 2115
2111 2115 2131
2115 2111 2131
1809 2502 2585
2585 1809 2502
2502 1809 2585
1799 775 2629
775 1799 2629
2629 775 1799
1538 1019 1243
1243 1019 1538
1019 1243 1538
2832 1825 2335
2335 1825 2832
1825 2335 2832
250 308 2439
2439 250 308
308 250 2439
288 1730 1945
1945 288 1730
1730 288 1945
2926 331 2116
331 2116 2926
2116 331 2926
2157 1677 2022
2022 1677 2157
1677 2022 2157
2559 887 2318
2318 887 2559
887 2318 2559
1852 831 1129
1129 831 1852
831 1129 1852
1348 103 2738
103 1348 2738
2738 103 1348
997 505 1548
505 997 1548
1548 505 997
816 1037 1763
1763 816 1037
1037 816 1763
2102 740 1854
1854 740 2102
740 1854 2102
1507 952 1409
952 1409 1507
1409 952 1507
1282 1132 2150
2150 1132 1282
1132 1282 2150
1124 886 1356
1356 886 1124
886 1124 1356
834 1039 1130
1039 834 1130
1130 834 1039
2419 1098 1820
1820 1098 2419
1098 1820 2419
780 354 895
354 780 895
895 354 780
776 913 2469
913 776 2469
2469 776 913
2214 306 1447
306 1447 2214
1447 306 2214
2695 456 1930
456 1930 2695
1930 456 2695
387 1739 2692
1739 387 2692
2692 387 1739
1316 2481 2782
2481 1316 2782
2782 1316 2481
1838 1403 2430
2430 1403 1838
1403 1838 2430
1192 1777 2227
1777 1192 2227
2227 1192 1777
2393 1811 2883
1811 2393 2883
2883 1811 2393
1532 1036 1290
1036 1290 1532
1290 1036 1532
2146 1101 2712
2712 1101 2146
1101 2146 2712
990 1033 1780
1033 990 1780
1780 990 1033
2152 2016 2258
2258 2016 2152
2016 2152 2258
2761 1531 2002
2002 1531 2761
1531 2002 2761
784 2826 2863
2863 784 2826
2826 784 2863
238 842 1920
842 238 1920
1920 238 842
1090 244 1417
1417 244 1090
244 1090 1417
537 1321 2949
1321 537 2949
2949 537 1321
2321 717 771
771 717 2321
717 771 2321
1297 934 2241
2241 934 1297
934 1297 2241
167 969 1953
969 167 1953
1953 167 969
2356 835 2038
835 2038 2356
2038 835 2356
1056 2411 2957
2957 1056 2411
2411 1056 2957
2933 572 669
669 572 2933
572 669 2933
1209 1665 2291
2291 1209 1665
1665 1209 2291
1748 160 1671
160 1671 1748
1671 160 1748
595 1791 2020
2020 595 1791
1791 595 2020
2455 179 2080
2080 179 2455
179 2080 2455
1103 1416 1635
1416 1103 1635
1635 1103 1416
1612 1686 2950
2950 1612 1686
1686 1612 2950
425 1774 2578
1774 425 2578
2578 425 1774
749 2464 2664
2664 749 2464
2464 749 2664
1928 1236 2762
2762 1236 1928
1236 1928 2762
514 2564 2730
2730 514 2564
2564 514 2730
1136 1591 1969
1591 1136 1969
1969 1136 1591
2277 736 2852
736 2277 2852
2852 736 2277
2795 410 2720
2720 410 2795
410 2720 2795
1043 802 2892
2892 802 1043
802 1043 2892
547 1575 2931
2931 547 1575
1575 547 2931
2386 351 1668
351 1668 2386
1668 351 2386
2927 1083 2577
2577 1083 2927
1083 2577 2927
2283 2641 3000
3000 2283 2641
2641 2283 3000
526 157 2442
2442 157 526
157 526 2442
992 1384 2541
1384 992 2541
2541 992 1384
1948 42 1215
1215 42 1948
42 1215 1948
2415 1012 2654
2654 1012 2415
1012 2415 2654
872 35 2831
2831 35 872
35 872 2831
2824 428 1647
1647 428 2824
428 1647 2824
657 145 2808
2808 145 657
145 657 2808
2100 1371 1573
1573 1371 2100
1371 1573 2100
2221 118 121
121 118 2221
118 121 2221
518 804 1175
804 518 1175
1175 518 804
1287 827 1041
1041 827 1287
827 1041 1287
438 155 1459
1459 155 438
155 438 1459
1082 935 2030
2030 935 1082
935 1082 2030
2978 1885 2860
2860 1885 2978
1885 2860 2978
2359 46 566
46 566 2359
566 46 2359
1439 2413 2753
2413 1439 2753
2753 1439 2413
2699 770 1942
1942 770 2699
770 1942 2699
107 1717 1839
1717 107 1839
1839 107 1717
1454 1574 2355
2355 1454 1574
1574 1454 2355
672 252 1551
1551 252 672
252 672 1551
333 576 854
576 333 854
854 333 576
2199 1970 1992
1992 1970 2199
1970 1992 2199
1910 466 677
466 677 1910
677 466 1910
1638 335 2899
335 1638 2899
2899 335 1638
1326 838 920
838 920 1326
920 838 1326
2149 211 2809
211 2149 2809
2809 211 2149
2223 2885 2904
2885 2223 2904
2904 2223 2885
2874 2381 2755
2755 2381 2874
2381 2755 2874
1339 1891 2725
1891 1339 2725
2725 1339 1891
2327 193 2409
2409 193 2327
193 2327 2409
1185 249 2750
2750 249 1185
249 1185 2750
2814 903 2509
903 2509 2814
2509 903 2814
2302 1248 1476
1476 1248 2302
1248 1476 2302
347 1800 1964
1964 347 1800
1800 347 1964
2551 1689 1986
1986 1689 2551
1689 1986 2551
2210 1709 2859
1709 2210 2859
2859 1709 2210
2714 2633 2800
2800 2633 2714
2633 2714 2800
2255 1193 1565
1565 1193 2255
1193 1565 2255
1076 1068 2843
2843 1068 1076
1068 1076 2843
114 1206 2216
2216 114 1206
1206 114 2216
1813 326 2345
326 1813 2345
2345 326 1813
292 637 1172
637 292 1172
1172 292 637
2098 484 794
794 484 2098
484 794 2098
811 279 1881
1881 279 811
279 811 1881
2543 1458 2817
2817 1458 2543
1458 2543 2817
1680 67 1018
1018 67 1680
67 1018 1680
1233 364 434
364 434 1233
434 364 1233
79 89 233
233 79 89
89 79 233
2444 221 787
787 221 2444
221 787 2444
1785 304 2138
2138 304 1785
304 1785 2138
494 1139 1529
1139 494 1529
1529 494 1139
1320 90 2403
90 1320 2403
2403 90 1320
1334 32 1426
32 1334 1426
1426 32 1334
507 380 1004
1004 380 507
380 507 1004
2995 310 727
727 310 2995
310 727 2995
873 25 508
508 25 873
25 508 873
591 1583 2845
1583 591 2845
2845 591 1583
1790 1273 1357
1273 1357 1790
1357 1273 1790
1302 982 2418
982 1302 2418
2418 982 1302
1755 654 943
943 654 1755
654 943 1755
2398 971 2371
971 2371 2398
2371 971 2398
1293 2878 2948
2878 1293 2948
2948 1293 2878
230 2443 2487
2487 230 2443
2443 230 2487
1097 2187 2501
2501 1097 2187
2187 1097 2501
2796 12 276
12 276 2796
276 12 2796
1197 96 461
96 461 1197
461 96 1197
938 2204 2722
2204 938 2722
2722 938 2204
1972 196 2285
196 1972 2285
2285 196 1972
1187 1313 2299
2299 1187 1313
1313 1187 2299
17 2158 2465
2465 17 2158
2158 17 2465
2526 2147 2486
2147 2486 2526
2486 2147 2526
389 885 2319
885 389 2319
2319 389 885
2070 429 1262
1262 429 2070
429 1262 2070
1588 1002 2071
2071 1002 1588
1002 1588 2071
1256 704 2273
2273 704 1256
704 1256 2273
2032 154 1801
154 1801 2032
1801 154 2032
1364 1935 2264
1935 1364 2264
2264 1364 1935
2790 1806 1890
1890 1806 2790
1806 1890 2790
1613 2250 2597
2597 1613 2250
2250 1613 2597
1995 153 2011
2011 153 1995
153 1995 2011
2671 362 2686
2686 362 2671
362 2671 2686
2005 247 1819
247 1819 2005
1819 247 2005
2307 652 1109
1109 652 2307
652 1109 2307
2868 1173 1374
1173 1374 2868
1374 1173 2868
1419 907 1579
907 1419 1579
1579 907 1419
961 764 2039
764 961 2039
2039 764 961
520 352 2767
2767 352 520
352 520 2767
1219 190 2392
2392 190 1219
190 1219 2392
1761 1375 2563
2563 1375 1761
1375 1761 2563
2822 1010 1661
1010 1661 2822
1661 1010 2822
1054 562 2701
562 1054 2701
2701 562 1054
1404 1421 1569
1421 1404 1569
1569 1404 1421
556 402 2139
402 556 2139
2139 402 556
2789 499 2518
499 2518 2789
2518 499 2789
1868 209 1974
1974 209 1868
209 1868 1974
1440 681 2928
681 1440 2928
2928 681 1440
3 1754 2806
1754 3 2806
2806 3 1754
1887 1164 1452
1452 1164 1887
1164 1452 1887
2088 26 619
619 26 2088
26 619 2088
699 128 1389
128 699 1389
1389 128 699
2462 1823 2986
2986 1823 2462
1823 2462 2986
1331 1830 2547
1830 1331 2547
2547 1331 1830
1844 483 2271
483 1844 2271
2271 483 1844
2706 332 2741
332 2706 2741
2741 332 2706
2977 1636 2136
2136 1636 2977
1636 2136 2977
2765 1277 2586
1277 2586 2765
2586 1277 2765
1956 1411 2081
1411 1956 2081
2081 1411 1956
2532 830 2417
830 2417 2532
2417 830 2532
2380 2169 2745
2169 2380 2745
2745 2169 2380
558 1991 2645
2645 558 1991
1991 558 2645
2519 473 2389
473 2389 2519
2389 473 2519
345 1135 2721
1135 345 2721
2721 345 1135
50 593 2445
593 50 2445
2445 50 593
1021 2163 2571
2163 1021 2571
2571 1021 2163
481 2463 2968
2968 481 2463
2463 481 2968
1450 73 2330
2330 73 1450
73 1450 2330
1884 1220 2911
1220 1884 2911
2911 1220 1884
2615 870 2982
870 2615 2982
2982 870 2615
1380 1131 1765
1131 1380 1765
1765 1131 1380
2651 876 1648
1648 876 2651
876 1648 2651
126 580 1481
1481 126 580
580 126 1481
412 2368 2694
2694 412 2368
2368 412 2694
976 517 1685
517 976 1685
1685 517 976
271 978 2792
2792 271 978
978 271 2792
2220 1950 2432
1950 2220 2432
2432 1950 2220
532 187 2947
2947 187 532
187 532 2947
1952 858 2229
858 1952 2229
2229 858 1952
2550 337 1008
337 1008 2550
1008 337 2550
2052 833 2350
833 2052 2350
2350 833 2052
2628 714 2007
714 2007 2628
2007 714 2628
2819 1625 1770
1770 1625 2819
1625 1770 2819
198 948 1057
1057 198 948
948 198 1057
503 1170 2153
2153 503 1170
1170 503 2153
2596 129 883
883 129 2596
129 883 2596
57 1026 1365
1365 57 1026
1026 57 1365
2987 819 1497
819 1497 2987
1497 819 2987
2672 1691 2818
1691 2672 2818
2818 1691 2672
814 33 274
33 274 814
274 33 814
94 236 1340
1340 94 236
236 94 1340
1656 462 512
462 512 1656
512 462 1656
382 1422 1853
1422 382 1853
1853 382 1422
2552 125 2781
125 2552 2781
2781 125 2552
1561 565 1390
1390 565 1561
565 1390 1561
277 4 140
140 4 277
4 140 277
2242 77 662
662 77 2242
77 662 2242
1268 115 2295
2295 115 1268
115 1268 2295
676 1857 2939
1857 676 2939
2939 676 1857
1145 1143 2341
2341 1143 1145
1143 1145 2341
1165 2175 2981
2981 1165 2175
2175 1165 2981
706 61 1866
1866 61 706
61 706 1866
1065 545 2475
2475 545 1065
545 1065 2475
1698 1207 2446
2446 1207 1698
1207 1698 2446
216 893 915
893 216 915
915 216 893
2937 1876 2118
1876 2118 2937
2118 1876 2937
1973 789 1299
789 1299 1973
1299 789 1973
1495 1601 2569
1601 1495 2569
2569 1495 1601
255 10 1690
1690 10 255
10 255 1690
2343 223 2095
2095 223 2343
223 2095 2343
2663 374 1319
1319 374 2663
374 1319 2663
2900 880 2179
2179 880 2900
880 2179 2900
779 875 2485
2485 779 875
875 779 2485
30 1066 2123
2123 30 1066
1066 30 2123
810 1503 2410
2410 810 1503
1503 810 2410
1524 1125 2404
1125 1524 2404
2404 1125 1524
409 807 2959
2959 409 807
807 409 2959
2499 796 2732
796 2499 2732
2732 796 2499
1606 2306 2905
2905 1606 2306
2306 1606 2905
2667 1432 2776
1432 2667 2776
2776 1432 2667
355 309 1310
1310 309 355
309 355 1310
1250 584 2914
2914 584 1250
584 1250 2914
552 1841 2072
1841 552 2072
2072 552 1841
2373 1766 1831
1831 1766 2373
1766 1831 2373
2896 1482 2239
1482 2239 2896
2239 1482 2896
1921 707 856
856 707 1921
707 856 1921
2580 1814 1990
1990 1814 2580
1814 1990 2580
1882 924 1750
1750 924 1882
924 1750 1882
1846 408 1169
408 1169 1846
1169 408 1846
1355 1244 2661
1244 1355 2661
2661 1244 1355
415 528 1266
1266 415 528
528 415 1266
404 1867 2361
2361 404 1867
1867 404 2361
718 614 1621
1621 614 718
614 718 1621
1116 783 2555
2555 783 1116
783 1116 2555
1327 862 2625
2625 862 1327
862 1327 2625
359 1305 2648
2648 359 1305
1305 359 2648
1112 730 1863
730 1112 1863
1863 730 1112
2601 339 2296
339 2296 2601
2296 339 2601
594 2078 2990
2990 594 2078
2078 594 2990
1249 1522 2233
1522 1249 2233
2233 1249 1522
2622 260 2309
2309 260 2622
260 2309 2622
2835 521 2500
521 2500 2835
2500 521 2835
844 1563 1913
1563 844 1913
1913 844 1563
1768 991 2924
2924 991 1768
991 1768 2924
2349 2275 2611
2275 2349 2611
2611 2275 2349
29 1662 2733
2733 29 1662
1662 29 2733
960 2431 2917
2917 960 2431
2431 960 2917
2992 93 611
611 93 2992
93 611 2992
632 702 2024
702 632 2024
2024 632 702
2681 841 1096
1096 841 2681
841 1096 2681
510 1274 2124
1274 510 2124
2124 510 1274
1075 1616 2965
1616 1075 2965
2965 1075 1616
411 1470 2135
1470 411 2135
2135 411 1470
480 270 448
270 448 480
448 270 480
1947 290 2889
290 1947 2889
2889 290 1947
6 379 1967
1967 6 379
379 6 1967
2676 1162 1877
1877 1162 2676
1162 1877 2676
2224 573 1225
573 1225 2224
1225 573 2224
1393 2021 2932
2021 1393 2932
2932 1393 2021
2553 608 2143
608 2143 2553
2143 608 2553
2060 950 1329
1329 950 2060
950 1329 2060
2287 1984 2583
2583 1984 2287
1984 2287 2583
166 1988 2522
1988 166 2522
2522 166 1988
431 655 1611
655 431 1611
1611 431 655
2610 1088 1557
1088 1557 2610
1557 1088 2610
914 177 821
821 177 914
177 821 914
2791 360 1479
360 1479 2791
1479 360 2791
2729 836 1508
836 1508 2729
1508 836 2729
987 149 318
149 318 987
318 149 987
1675 1377 2907
2907 1377 1675
1377 1675 2907
1745 1089 2773
1089 1745 2773
2773 1089 1745
440 297 1044
297 440 1044
1044 297 440
800 294 2014
2014 294 800
294 800 2014
2096 635 2325
635 2096 2325
2325 635 2096
1283 1077 2901
1077 1283 2901
2901 1077 1283
2101 513 1543
513 1543 2101
1543 513 2101
436 897 2086
2086 436 897
897 436 2086
489 983 1555
983 489 1555
1555 489 983
828 2348 2962
2962 828 2348
2348 828 2962
1562 235 695
235 695 1562
695 235 1562
1669 109 1897
1897 109 1669
109 1669 1897
492 325 2922
325 492 2922
2922 325 492
1610 765 2456
2456 765 1610
765 1610 2456
941 585 1924
585 941 1924
1924 585 941
2328 34 1489
34 1489 2328
1489 34 2328
786 805 1651
805 786 1651
1651 786 805
2742 390 1325
390 1325 2742
1325 390 2742
2934 855 2969
855 2934 2969
2969 855 2934
1405 755 2310
755 1405 2310
2310 755 1405
1509 577 878
577 878 1509
878 577 1509
176 9 1639
1639 9 176
9 176 1639
2137 2514 2689
2689 2137 2514
2514 2137 2689
2305 679 2573
679 2305 2573
2573 679 2305
341 1196 1218
1196 341 1218
1218 341 1196
1694 101 1789
1789 101 1694
101 1694 1789
2704 981 1369
981 1369 2704
1369 981 2704
2554 1301 2099
2099 1301 2554
1301 2099 2554
2453 286 2188
2188 286 2453
286 2188 2453
2458 1155 2488
1155 2458 2488
2488 1155 2458
535 458 1957
1957 458 535
458 535 1957
2624 571 1474
1474 571 2624
571 1474 2624
688 618 2673
618 688 2673
2673 618 688
1756 496 649
649 496 1756
496 649 1756
2912 1908 2920
1908 2912 2920
2920 1908 2912
1354 1922 2507
2507 1354 1922
1922 1354 2507
2027 601 1032
601 1032 2027
1032 601 2027
330 148 530
148 330 530
530 148 330
901 1407 1828
1407 901 1828
1828 901 1407
1146 815 1886
815 1146 1886
1886 815 1146
273 908 1418
908 273 1418
1418 273 908
2363 1491 2894
1491 2363 2894
2894 1491 2363
2056 843 2740
2740 843 2056
843 2056 2740
1996 1466 2379
1466 1996 2379
2379 1466 1996
994 899 2757
2757 899 994
899 994 2757
1238 444 2478
2478 444 1238
444 1238 2478
2592 1630 2605
1630 2592 2605
2605 1630 2592
692 467 2705
2705 467 692
467 692 2705
2103 329 414
329 414 2103
414 329 2103
144 1449 2851
2851 144 1449
1449 144 2851
234 1212 2394
2394 234 1212
1212 234 2394
578 268 2252
2252 268 578
268 578 2252
395 1923 1926
1923 395 1926
1926 395 1923
2470 1593 2109
2109 1593 2470
1593 2109 2470
726 812 2708
2708 726 812
812 726 2708
642 729 2855
2855 642 729
729 642 2855
161 748 1229
1229 161 748
748 161 1229
1147 88 533
533 88 1147
88 533 1147
697 123 2294
123 697 2294
2294 123 697
801 1073 1629
1073 801 1629
1629 801 1073
2457 977 1586
977 1586 2457
1586 977 2457
1485 1107 2779
1107 1485 2779
2779 1107 1485
2031 1210 2467
2467 1210 2031
1210 2031 2467
2194 295 2620
295 2194 2620
2620 295 2194
342 2377 2864
2377 342 2864
2864 342 2377
127 720 2759
720 127 2759
2759 127 720
413 2084 2492
2084 413 2492
2492 413 2084
703 2234 2872
2234 703 2872
2872 703 2234
1486 659 2529
2529 659 1486
659 1486 2529
2001 491 2247
2247 491 2001
491 2001 2247
2466 1833 2311
1833 2311 2466
2311 1833 2466
2092 1980 2370
2370 1980 2092
1980 2092 2370
2916 808 2193
2193 808 2916
808 2193 2916
2887 113 2292
2292 113 2887
113 2292 2887
253 984 1284
1284 253 984
984 253 1284
881 1086 2460
2460 881 1086
1086 881 2460
1385 1628 1851
1851 1385 1628
1628 1385 1851
1805 188 2770
188 1805 2770
2770 188 1805
634 641 1710
641 634 1710
1710 634 641
2113 189 2185
189 2113 2185
2185 189 2113
1436 1742 2324
1742 1436 2324
2324 1436 1742
1058 2237 2278
2237 1058 2278
2278 1058 2237
1664 319 2630
319 1664 2630
2630 319 1664
2511 186 1804
1804 186 2511
186 1804 2511
1142 1308 2090
1308 1142 2090
2090 1142 1308
2784 1111 1997
1997 1111 2784
1111 1997 2784
2383 194 1245
194 1245 2383
1245 194 2383
1720 386 2768
386 1720 2768
2768 386 1720
921 980 1230
1230 921 980
980 921 1230
311 1605 2915
2915 311 1605
1605 311 2915
2913 2134 2594
2594 2134 2913
2134 2594 2913
1434 1064 1427
1064 1427 1434
1427 1064 1434
1171 1741 2387
2387 1171 1741
1741 1171 2387
2391 917 1764
1764 917 2391
917 1764 2391
1962 1148 2515
2515 1148 1962
1148 1962 2515
445 763 2862
763 445 2862
2862 445 763
1281 165 1533
165 1281 1533
1533 165 1281
2881 1940 2340
1940 2340 2881
2340 1940 2881
1444 256 2777
2777 256 1444
256 1444 2777
2925 1788 2658
2658 1788 2925
1788 2658 2925
2711 2151 2198
2198 2151 2711
2151 2198 2711
1519 1564 2870
2870 1519 1564
1564 1519 2870
2207 443 658
658 443 2207
443 658 2207
606 47 349
47 349 606
349 47 606
435 629 1025
1025 435 629
629 435 1025
904 2033 2961
2961 904 2033
2033 904 2961
1568 1247 1817
1247 1568 1817
1817 1247 1568
1431 1258 2793
1258 1431 2793
2793 1258 1431
628 1119 2449
1119 628 2449
2449 628 1119
1252 2212 2936
2212 1252 2936
2936 1252 2212
1506 2196 2388
2388 1506 2196
2196 1506 2388
2437 1413 2637
1413 2437 2637
2637 1413 2437
722 141 417
141 417 722
417 141 722
587 1536 2613
2613 587 1536
1536 587 2613
2591 284 1826
1826 284 2591
284 1826 2591
1738 1812 1914
1812 1738 1914
1914 1738 1812
506 2018 2043
2018 506 2043
2043 506 2018
1904 418 2994
2994 418 1904
418 1904 2994
2097 164 832
832 164 2097
164 832 2097
643 2041 2679
2041 643 2679
2679 643 2041
2769 894 1335
894 1335 2769
1335 894 2769
2219 392 963
963 392 2219
392 963 2219
346 1279 1342
1279 346 1342
1342 346 1279
2468 37 2668
2668 37 2468
37 2468 2668
1517 1737 2604
2604 1517 1737
1737 1517 2604
22 570 2282
570 22 2282
2282 22 570
122 181 315
181 122 315
315 122 181
2584 2351 2921
2351 2584 2921
2921 2351 2584
2971 105 1760
1760 105 2971
105 1760 2971
954 1433 1701
1701 954 1433
1433 954 1701
2602 212 1195
1195 212 2602
212 1195 2602
1699 516 942
516 942 1699
942 516 1699
56 479 625
625 56 479
479 56 625
631 1106 2053
1106 631 2053
2053 631 1106
705 2336 2736
2336 705 2736
2736 705 2336
1705 72 964
72 964 1705
964 72 1705
926 2192 2805
2805 926 2192
2192 926 2805
1815 1955 2313
1955 1815 2313
2313 1815 1955
2015 1504 1544
1504 1544 2015
1544 1504 2015
818 939 2073
2073 818 939
939 818 2073
852 1718 1981
1718 852 1981
1981 852 1718
83 20 1424
1424 20 83
20 83 1424
609 224 422
422 224 609
224 422 609
1798 1501 2572
1501 1798 2572
2572 1501 1798
1078 488 1201
488 1078 1201
1201 488 1078
949 650 1734
1734 650 949
650 949 1734
2251 1110 1202
1202 1110 2251
1110 1202 2251
1240 1259 1795
1259 1240 1795
1795 1240 1259
1017 2677 2940
2677 1017 2940
2940 1017 2677
721 1932 2760
2760 721 1932
1932 721 2760
2262 24 846
846 24 2262
24 846 2262
2189 1011 2847
2847 1011 2189
1011 2189 2847
1772 2008 2125
2125 1772 2008
2008 1772 2125
178 1773 2850
2850 178 1773
1773 178 2850
2865 1977 2626
1977 2626 2865
2626 1977 2865
2877 909 2069
909 2069 2877
2069 909 2877
553 2802 2938
2938 553 2802
2802 553 2938
769 357 2642
2642 357 769
357 769 2642
1706 988 2279
2279 988 1706
988 1706 2279
2323 1900 2780
1900 2323 2780
2780 1900 2323
2751 2047 2534
2534 2047 2751
2047 2534 2751
2828 1843 2520
2520 1843 2828
1843 2520 2828
2788 1837 2589
1837 2589 2788
2589 1837 2788
2438 1535 1834
1834 1535 2438
1535 1834 2438
2079 2222 2616
2222 2079 2616
2616 2079 2222
1599 80 884
80 884 1599
884 80 1599
868 739 2825
2825 739 868
739 868 2825
2744 112 610
610 112 2744
112 610 2744
2110 1733 1978
1733 1978 2110
1978 1733 2110
2267 616 1304
616 1304 2267
1304 616 2267
953 477 486
477 486 953
486 477 953
48 733 867
733 48 867
867 48 733
146 397 792
397 146 792
792 146 397
1099 1294 2238
1294 1099 2238
2238 1099 1294
475 1581 1713
1581 475 1713
1713 475 1581
1261 1752 1849
1849 1261 1752
1752 1261 1849
596 2582 2888
2582 596 2888
2888 596 2582
627 785 910
785 627 910
910 627 785
2748 219 747
747 219 2748
219 747 2748
2954 588 1552
588 1552 2954
1552 588 2954
1414 38 2521
38 1414 2521
2521 38 1414
2397 1571 2703
1571 2397 2703
2703 1571 2397
1566 621 2565
621 1566 2565
2565 621 1566
2114 1257 2631
1257 2114 2631
2631 1257 2114
1894 303 742
303 742 1894
742 303 1894
538 1 2775
2775 1 538
1 538 2775
2019 18 1435
18 1435 2019
1435 18 2019
561 1824 2576
1824 561 2576
2576 561 1824
1235 1576 2684
1576 1235 2684
2684 1235 1576
1640 372 2669
2669 372 1640
372 1640 2669
1912 1776 1847
1847 1776 1912
1776 1847 1912
989 85 651
85 651 989
651 85 989
195 1091 2448
1091 195 2448
2448 195 1091
1360 746 2284
746 1360 2284
2284 746 1360
2399 1087 2869
2869 1087 2399
1087 2399 2869
661 1667 2763
1667 661 2763
2763 661 1667
1438 586 1674
586 1438 1674
1674 586 1438
182 813 1697
1697 182 813
813 182 1697
43 163 757
757 43 163
163 43 757
1137 646 1292
1292 646 1137
646 1137 1292
1850 2211 2655
2211 1850 2655
2655 1850 2211
2853 220 2085
2085 220 2853
220 2085 2853
1743 715 2562
2562 715 1743
715 1743 2562
685 208 2168
208 685 2168
2168 208 685
2794 1641 2172
2172 1641 2794
1641 2172 2794
1265 97 2787
2787 97 1265
97 1265 2787
1584 2003 2025
2003 1584 2025
2025 1584 2003
1471 493 826
493 826 1471
826 493 1471
2979 421 1382
1382 421 2979
421 1382 2979
201 227 2471
227 201 2471
2471 201 227
199 1425 1594
1425 199 1594
1594 199 1425
470 1204 2165
1204 470 2165
2165 470 1204
1941 391 1708
1708 391 1941
391 1708 1941
2646 756 2106
2106 756 2646
756 2106 2646
450 945 999
945 450 999
999 450 945
1260 1493 2538
1493 1260 2538
2538 1260 1493
1666 1893 2105
2105 1666 1893
1893 1666 2105
2422 708 2208
708 2208 2422
2208 708 2422
664 930 1275
930 664 1275
1275 664 930
975 1149 1903
1149 975 1903
1903 975 1149
192 647 2807
647 192 2807
2807 192 647
1982 1180 1358
1358 1180 1982
1180 1358 1982
132 670 687
670 132 687
687 132 670
929 368 1337
1337 368 929
368 929 1337
1793 2506 2985
2506 1793 2985
2985 1793 2506
1343 1792 2217
2217 1343 1792
1792 1343 2217
673 1441 2451
2451 673 1441
1441 673 2451
1323 2603 2608
2608 1323 2603
2603 1323 2608
2674 1368 2288
1368 2288 2674
2288 1368 2674
2812 970 1242
970 1242 2812
1242 970 2812
162 1221 1589
1221 162 1589
1589 162 1221
1353 1228 1735
1228 1353 1735
1735 1228 1353
293 439 2028
2028 293 439
439 293 2028
1514 1595 2718
2718 1514 1595
1595 1514 2718
267 1553 1679
1679 267 1553
1553 267 1679
2972 27 1423
27 1423 2972
1423 27 2972
1829 358 541
541 358 1829
358 541 1829
1889 1366 2510
2510 1366 1889
1366 1889 2510
2364 2476 2897
2897 2364 2476
2476 2364 2897
602 554 1794
554 602 1794
1794 554 602
81 1296 2144
1296 81 2144
2144 81 1296
1015 944 2504
944 1015 2504
2504 944 1015
2120 2035 2428
2035 2120 2428
2428 2035 2120
2717 264 1047
1047 264 2717
264 1047 2717
666 185 1198
1198 185 666
185 666 1198
1943 777 2810
777 1943 2810
2810 777 1943
53 138 1461
138 53 1461
1461 53 138
1488 1587 2040
2040 1488 1587
1587 1488 2040
131 1511 2952
1511 131 2952
2952 131 1511
2731 75 2162
75 2162 2731
2162 75 2731
959 2268 2839
2268 959 2839
2839 959 2268
396 919 2412
2412 396 919
919 396 2412
416 1174 1217
1174 416 1217
1217 416 1174
1347 320 1888
1888 320 1347
320 1347 1888
2494 1451 1546
1546 1451 2494
1451 1546 2494
2382 1796 2746
2746 1796 2382
1796 2382 2746
453 51 323
51 323 453
323 51 453
1152 84 1637
1637 84 1152
84 1152 1637
2975 8 1537
1537 8 2975
8 1537 2975
1398 1333 1781
1781 1333 1398
1333 1398 1781
344 1898 2225
2225 344 1898
1898 344 2225
1048 147 563
563 147 1048
147 563 1048
180 457 2989
457 180 2989
2989 180 457
1960 369 536
536 369 1960
369 536 1960
2154 2290 2406
2290 2154 2406
2406 2154 2290
2801 71 2513
71 2513 2801
2513 71 2801
723 465 1545
1545 465 723
465 723 1545
1378 605 2634
2634 605 1378
605 1378 2634
1840 1784 2333
1784 1840 2333
2333 1784 1840
2405 2653 2774
2653 2405 2774
2774 2405 2653
314 371 678
371 314 678
678 314 371
2709 2598 2778
2778 2598 2709
2598 2709 2778
822 1906 2061
1906 822 2061
2061 822 1906
2127 2160 2910
2910 2127 2160
2160 2127 2910
471 1072 2991
2991 471 1072
1072 471 2991
2544 2205 2230
2205 2230 2544
2230 2205 2544
1659 98 1055
1055 98 1659
98 1055 1659
751 1688 2170
2170 751 1688
1688 751 2170
343 750 2621
2621 343 750
750 343 2621
2946 560 1128
560 1128 2946
1128 560 2946
2941 509 2366
2366 509 2941
509 2366 2941
1959 2063 2357
2357 1959 2063
2063 1959 2357
2846 557 1807
557 1807 2846
1807 557 2846
353 2140 2680
2680 353 2140
2140 353 2680
1159 1934 2190
2190 1159 1934
1934 1159 2190
2420 1200 2799
1200 2420 2799
2799 1200 2420
1653 1029 1810
1810 1029 1653
1029 1653 1810
753 1907 2036
1907 753 2036
2036 753 1907
200 709 1549
1549 200 709
709 200 1549
2804 2013 2272
2013 2272 2804
2272 2013 2804
1312 1608 2093
2093 1312 1608
1608 1312 2093
674 1080 2057
1080 674 2057
2057 674 1080
266 2429 2823
2823 266 2429
2429 266 2823
2842 373 2352
373 2352 2842
2352 373 2842
2811 923 1951
1951 923 2811
923 1951 2811
1298 68 2606
2606 68 1298
68 1298 2606
1634 931 2156
2156 931 1634
931 1634 2156
1264 603 2834
2834 603 1264
603 1264 2834
1873 1157 2231
2231 1157 1873
1157 1873 2231
2166 202 690
202 690 2166
690 202 2166
2017 1901 2898
1901 2017 2898
2898 1901 2017
1570 2452 2988
2452 1570 2988
2988 1570 2452
2034 1649 2919
2919 1649 2034
1649 2034 2919
241 1014 1453
1453 241 1014
1014 241 1453
2652 36 951
951 36 2652
36 951 2652
2400 490 1392
490 1392 2400
1392 490 2400
1521 1105 1949
1949 1105 1521
1105 1521 1949
299 151 1657
1657 151 299
151 299 1657
2142 668 865
865 668 2142
668 865 2142
500 231 2697
231 500 2697
2697 231 500
2301 13 2623
13 2301 2623
2623 13 2301
1560 624 1939
624 1560 1939
1939 624 1560
1540 265 2183
2183 265 1540
265 1540 2183
761 754 1645
754 761 1645
1645 754 761
511 2203 2450
2450 511 2203
2203 511 2450
597 348 2747
348 597 2747
2747 348 597
1652 1122 2094
2094 1122 1652
1122 1652 2094
406 215 1712
1712 215 406
215 406 1712
644 283 1280
1280 283 644
283 644 1280
2248 1619 1729
1619 1729 2248
1729 1619 2248
2607 1395 2783
1395 2607 2783
2783 1395 2607
41 184 2490
2490 41 184
184 41 2490
2527 378 936
936 378 2527
378 936 2527
1687 1381 1590
1381 1590 1687
1590 1381 1687
228 1350 2186
1350 228 2186
2186 228 1350
1821 604 839
604 839 1821
839 604 1821
569 191 2128
2128 191 569
191 569 2128
947 1728 1827
1728 947 1827
1827 947 1728
92 551 2433
2433 92 551
551 92 2433
1213 1607 2829
2829 1213 1607
1607 1213 2829
2632 985 1693
1693 985 2632
985 1693 2632
2483 1965 2066
1965 2066 2483
2066 1965 2483
686 2561 2895
2561 686 2895
2895 686 2561
1446 1516 2974
2974 1446 1516
1516 1446 2974
2771 582 2178
2178 582 2771
582 2178 2771
171 2426 2893
2893 171 2426
2426 171 2893
2191 1714 2693
1714 2191 2693
2693 1714 2191
1682 1263 2353
2353 1263 1682
1263 1682 2353
2365 701 2657
2657 701 2365
701 2365 2657
1317 302 356
356 302 1317
302 356 1317
1363 1465 1919
1919 1363 1465
1465 1363 1919
2574 2240 2536
2240 2536 2574
2536 2240 2574
2360 19 716
19 716 2360
716 19 2360
2447 207 1133
207 1133 2447
1133 207 2447
636 242 2058
242 636 2058
2058 242 636
1309 1189 2009
1189 1309 2009
2009 1189 1309
527 1858 2082
2082 527 1858
1858 527 2082
2235 1502 2045
2045 1502 2235
1502 2045 2235
2184 1895 2739
1895 2184 2739
2739 1895 2184
2148 1933 2566
2566 1933 2148
1933 2148 2566
1778 665 1349
1349 665 1778
665 1349 1778
2201 522 2682
2682 522 2201
522 2201 2682
568 1031 2339
2339 568 1031
1031 568 2339
134 583 2636
583 134 2636
2636 134 583
2609 732 1035
1035 732 2609
732 1035 2609
1270 1359 1786
1786 1270 1359
1359 1270 1786
998 394 540
540 394 998
394 540 998
762 851 2549
2549 762 851
851 762 2549
1787 1121 1719
1121 1719 1787
1719 1121 1787
2256 623 2967
2967 623 2256
623 2256 2967
2886 102 282
282 102 2886
102 282 2886
1700 1494 1874
1874 1494 1700
1494 1700 1874
218 617 1051
617 218 1051
1051 218 617
419 327 2683
327 419 2683
2683 327 419
2484 2293 2715
2293 2484 2715
2715 2293 2484
1726 287 1567
1567 287 1726
287 1567 1726
173 1182 2344
2344 173 1182
1182 173 2344
399 59 1498
1498 59 399
59 399 1498
366 1976 2963
2963 366 1976
1976 366 2963
2512 1609 2659
1609 2512 2659
2659 1609 2512
2244 2280 2600
2280 2244 2600
2600 2244 2280
2619 135 254
135 254 2619
254 135 2619
640 143 2999
2999 143 640
143 640 2999
1614 853 1050
1050 853 1614
853 1050 1614
2477 1286 2786
2786 1286 2477
1286 2477 2786
1547 1723 2316
1723 1547 2316
2316 1547 1723
1617 879 1582
1582 879 1617
879 1582 1617
2246 825 940
825 940 2246
940 825 2246
691 550 2155
2155 550 691
550 691 2155
2074 248 2797
248 2074 2797
2797 248 2074
1483 1892 2461
1892 1483 2461
2461 1483 1892
2614 449 1462
1462 449 2614
449 1462 2614
455 100 1071
1071 100 455
100 455 1071
2121 82 1324
1324 82 2121
82 1324 2121
2649 1176 1428
1176 1428 2649
1428 1176 2649
1060 7 2665
7 1060 2665
2665 7 1060
795 817 1556
1556 795 817
817 795 1556
1856 376 1520
1520 376 1856
376 1520 1856
367 158 2670
158 367 2670
2670 158 367
275 667 1915
667 275 1915
1915 275 667
1226 111 772
772 111 1226
111 772 1226
183 1394 2841
2841 183 1394
1394 183 2841
2320 401 2710
2710 401 2320
401 2320 2710
2737 738 1009
738 1009 2737
1009 738 2737
2338 866 1802
866 1802 2338
1802 866 2338
257 289 2848
2848 257 289
289 257 2848
245 403 916
403 245 916
916 245 403
774 1646 2176
1646 774 2176
2176 774 1646
1703 2228 2245
2228 1703 2245
2245 1703 2228
2726 1448 1987
1987 1448 2726
1448 1987 2726
1151 478 2734
2734 478 1151
478 1151 2734
1879 863 2866
2866 863 1879
863 1879 2866
2735 2716 2875
2716 2735 2875
2875 2716 2735
1758 965 1510
965 1510 1758
1510 965 1758
1070 1727 2087
2087 1070 1727
1727 1070 2087
1525 1412 2491
1412 1525 2491
2491 1412 1525
1604 62 958
958 62 1604
62 958 1604
441 600 2249
2249 441 600
600 441 2249
1917 1472 1715
1715 1472 1917
1472 1715 1917
1455 498 1396
498 1396 1455
1396 498 1455
1081 45 1023
45 1023 1081
1023 45 1081
1929 698 758
698 758 1929
758 698 1929
1946 2326 2537
2326 1946 2537
2537 1946 2326
1936 2206 2254
2206 1936 2254
2254 1936 2206
1160 174 2376
2376 174 1160
174 1160 2376
432 300 1753
1753 300 432
300 432 1753
1168 1464 2126
2126 1168 1464
1464 1168 2126
579 2951 2970
2970 579 2951
2951 579 2970
2051 1442 2528
2528 1442 2051
1442 2051 2528
2993 524 937
937 524 2993
524 937 2993
1927 370 932
932 370 1927
370 932 1927
2274 40 361
40 361 2274
361 40 2274
1255 130 1372
1372 130 1255
130 1255 1372
2132 442 1975
442 1975 2132
1975 442 2132
1905 1896 2312
2312 1896 1905
1896 1905 2312
2867 1736 2304
2304 1736 2867
1736 2304 2867
2407 630 2890
630 2407 2890
2890 630 2407
156 291 487
291 156 487
487 156 291
1127 39 1818
39 1127 1818
1818 39 1127
682 2505 2570
2570 682 2505
2505 682 2570
1870 680 2048
680 1870 2048
2048 680 1870
928 1707 2754
2754 928 1707
1707 928 2754
968 336 1998
336 968 1998
1998 336 968
2590 1757 2660
2660 1757 2590
1757 2590 2660
1278 106 1345
1345 106 1278
106 1278 1345
2758 1028 1429
1429 1028 2758
1028 1429 2758
1376 1223 1346
1223 1346 1376
1346 1223 1376
1578 1456 2638
1456 1578 2638
2638 1456 1578
1102 120 2702
2702 120 1102
120 1102 2702
1725 564 1289
1289 564 1725
564 1289 1725
150 16 693
16 150 693
693 16 150
1038 44 639
639 44 1038
44 639 1038
1344 426 1420
426 1344 1420
1420 426 1344
2698 1968 2997
2997 1968 2698
1968 2698 2997
2257 1338 1916
1916 1338 2257
1338 1916 2257
232 1144 1445
1144 232 1445
1445 232 1144
1899 383 2685
383 1899 2685
2685 383 1899
694 251 1214
1214 251 694
251 694 1214
2929 778 1622
1622 778 2929
778 1622 2929
1027 454 1842
454 1027 1842
1842 454 1027
1150 1318 1704
1318 1150 1704
1704 1150 1318
2480 1909 2516
2516 1909 2480
1909 2480 2516
2542 225 2903
2903 225 2542
225 2542 2903
2329 152 1104
1104 152 2329
152 1104 2329
2496 725 1166
1166 725 2496
725 1166 2496
213 2004 2270
2004 213 2270
2270 213 2004
2322 2076 2440
2440 2076 2322
2076 2322 2440
463 1430 2984
1430 463 2984
2984 463 1430
313 590 896
590 313 896
896 313 590
791 55 2416
55 791 2416
2416 55 791
790 797 2593
797 790 2593
2593 790 797
1954 660 737
660 737 1954
737 660 1954
2724 259 966
966 259 2724
259 966 2724
2530 2059 2618
2059 2530 2618
2618 2059 2530
1861 1178 1307
1307 1178 1861
1178 1307 1861
2493 307 1224
1224 307 2493
307 1224 2493
2308 859 2944
2944 859 2308
859 2308 2944
1702 1141 2434
1141 1702 2434
2434 1141 1702
2942 468 2727
468 2727 2942
2727 468 2942
967 204 1022
1022 204 967
204 967 1022
620 70 1597
1597 70 620
70 620 1597
1654 1631 2980
1631 1654 2980
2980 1631 1654
759 1328 2421
2421 759 1328
1328 759 2421
1005 745 820
820 745 1005
745 820 1005
2068 734 1115
734 1115 2068
1115 734 2068
2303 823 955
823 955 2303
955 823 2303
1958 696 1475
696 1475 1958
1475 696 1958
2289 2719 2964
2719 2289 2964
2964 2289 2719
63 798 2568
2568 63 798
798 63 2568
2844 542 1222
542 1222 2844
1222 542 2844
2815 104 683
104 683 2815
683 104 2815
1156 1751 2983
2983 1156 1751
1751 1156 2983
2998 773 1663
1663 773 2998
773 1663 2998
237 272 1931
272 237 1931
1931 237 272
427 172 2966
172 427 2966
2966 172 427
1523 1074 2358
2358 1074 1523
1074 1523 2358
485 119 1361
119 485 1361
1361 119 485
1457 1113 1154
1113 1154 1457
1154 1113 1457
1092 719 809
719 809 1092
809 719 1092
1042 979 1478
1478 979 1042
979 1042 1478
986 1496 1650
1496 986 1650
1650 986 1496
599 243 2269
243 599 2269
2269 243 599
2644 1400 2050
2050 1400 2644
1400 2050 2644
925 864 1095
864 925 1095
1095 864 925
1644 1711 2276
2276 1644 1711
1711 1644 2276
2503 2523 2687
2523 2503 2687
2687 2503 2523
2953 1046 2930
2930 1046 2953
1046 2930 2953
2728 544 847
544 847 2728
847 544 2728
1602 638 1983
1983 638 1602
638 1602 1983
2332 2089 2226
2226 2089 2332
2089 2226 2332
1020 86 1254
1254 86 1020
86 1020 1254
365 613 1527
613 365 1527
1527 365 613
1153 2215 2856
2856 1153 2215
2215 1153 2856
2209 21 2177
2177 21 2209
21 2177 2209
