268 157 277
277 157 268
157 268 277
179 32 198
198 32 179
32 179 198
142 12 275
12 142 275
275 12 142
163 69 227
69 163 227
227 69 163
272 7 154
154 7 272
7 154 272
64 58 194
58 64 194
194 58 64
102 187 245
187 102 245
245 102 187
265 78 162
78 162 265
162 78 265
170 5 240
5 170 240
240 5 170
293 59 180
59 180 293
180 59 293
192 122 140
122 140 192
140 122 192
218 145 223
223 145 218
145 218 223
109 214 262
214 109 262
262 109 214
115 34 143
143 34 115
34 115 143
22 43 236
236 22 43
43 22 236
191 99 217
99 191 217
217 99 191
96 116 232
116 96 232
232 96 116
44 104 283
283 44 104
104 44 283
53 21 197
21 53 197
197 21 53
256 51 119
119 51 256
51 119 256
112 153 230
153 112 230
230 112 153
11 91 150
150 11 91
91 11 150
209 108 202
108 202 209
202 108 209
220 146 158
158 146 220
146 158 220
118 190 249
190 118 249
249 118 190
235 186 271
271 186 235
186 235 271
85 147 155
147 85 155
155 85 147
296 160 280
160 280 296
280 160 296
290 121 123
121 123 290
123 121 290
279 26 68
68 26 279
26 68 279
291 15 183
183 15 291
15 183 291
129 84 229
229 84 129
84 129 229
185 107 226
107 185 226
226 107 185
18 203 255
203 18 255
255 18 203
33 237 238
238 33 237
237 33 238
136 86 89
86 89 136
89 86 136
17 82 139
139 17 82
82 17 139
261 2 297
2 261 297
297 2 261
77 10 188
188 10 77
10 77 188
164 110 211
211 110 164
110 164 211
182 90 196
196 90 182
90 182 196
195 101 289
289 101 195
101 195 289
3 131 244
244 3 131
131 3 244
41 173 269
173 41 269
269 41 173
49 105 168
105 49 168
168 49 105
184 177 257
177 184 257
257 177 184
166 20 159
20 159 166
159 20 166
242 106 225
225 106 242
106 225 242
254 234 286
234 254 286
286 234 254
241 80 251
251 80 241
80 241 251
125 36 248
36 125 248
248 36 125
167 37 292
37 167 292
292 37 167
73 148 176
148 73 176
176 73 148
175 16 276
276 16 175
16 175 276
152 83 111
111 83 152
83 111 152
61 222 267
222 61 267
267 61 222
132 137 156
156 132 137
137 132 156
246 79 171
171 79 246
79 171 246
25 29 253
253 25 29
29 25 253
24 126 221
126 24 221
221 24 126
263 193 299
193 263 299
299 193 263
285 30 67
67 30 285
30 67 285
169 231 270
231 169 270
270 169 231
266 60 274
274 60 266
60 266 274
35 103 117
117 35 103
103 35 117
252 134 189
134 189 252
189 134 252
138 75 284
284 75 138
75 138 284
233 28 239
239 28 233
28 233 239
288 52 128
52 128 288
128 52 288
48 259 295
295 48 259
259 48 295
200 94 149
149 94 200
94 149 200
212 1 95
95 1 212
1 95 212
294 133 151
151 133 294
133 151 294
97 47 87
87 47 97
47 87 97
199 120 258
120 199 258
258 120 199
210 71 130
130 71 210
71 130 210
114 88 278
278 88 114
88 114 278
213 172 287
172 213 287
287 172 213
54 19 300
19 54 300
300 19 54
215 247 264
264 215 247
247 215 264
6 113 201
113 6 201
201 6 113
14 124 243
243 14 124
124 14 243
4 13 81
13 4 81
81 4 13
65 38 56
56 38 65
38 56 65
250 8 63
8 63 250
63 8 250
92 9 70
70 9 92
9 70 92
161 42 204
42 161 204
204 42 161
181 31 165
31 165 181
165 31 181
127 207 208
208 127 207
207 127 208
46 174 178
174 46 178
178 46 174
57 23 45
23 45 57
45 23 57
27 39 66
39 27 66
66 27 39
93 55 98
98 55 93
55 93 98
260 144 224
224 144 260
144 224 260
40 62 206
62 40 206
206 40 62
282 50 228
50 228 282
228 50 282
273 74 281
74 273 281
281 74 273
216 135 298
135 216 298
298 135 216
219 72 100
72 100 219
100 72 219
141 76 205
205 76 141
76 141 205
