13943 3134 6575
6575 3134 13943
3134 6575 13943
26192 14422 29874
14422 26192 29874
29874 14422 26192
29710 9465 21268
21268 9465 29710
9465 21268 29710
7722 5760 6938
6938 5760 7722
5760 6938 7722
28073 25157 28173
28173 25157 28073
25157 28073 28173
10212 17104 21227
17104 10212 21227
21227 10212 17104
29168 8209 17909
17909 8209 29168
8209 17909 29168
29538 15141 28494
28494 15141 29538
15141 28494 29538
2053 1946 28865
1946 2053 28865
28865 1946 2053
11287 4002 21175
4002 11287 21175
21175 4002 11287
15197 12657 27914
12657 15197 27914
27914 12657 15197
3857 11311 28504
28504 3857 11311
11311 3857 28504
2176 644 15432
644 2176 15432
15432 644 2176
7887 3727 20884
20884 3727 7887
3727 7887 20884
19472 10964 22973
22973 10964 19472
10964 19472 22973
15976 11193 19979
19979 11193 15976
11193 15976 19979
29342 50 25815
25815 50 29342
50 25815 29342
23493 27418 29484
27418 23493 29484
29484 23493 27418
22834 3156 18885
3156 18885 22834
18885 3156 22834
19889 26637 28087
28087 19889 26637
26637 19889 28087
2468 5328 7090
7090 2468 5328
5328 2468 7090
23946 4155 26769
26769 4155 23946
4155 23946 26769
8391 13827 20485
20485 8391 13827
13827 8391 20485
6337 21639 24852
21639 6337 24852
24852 6337 21639
5359 5910 18013
18013 5359 5910
5910 5359 18013
14071 9248 19878
9248 14071 19878
19878 9248 14071
2612 17757 22614
17757 2612 22614
22614 2612 17757
26050 12166 19188
12166 19188 26050
19188 12166 26050
10226 3010 3529
3529 3010 10226
3010 3529 10226
10752 988 3320
988 3320 10752
3320 988 10752
78 5016 25066
25066 78 5016
5016 78 25066
2606 1191 3733
3733 1191 2606
1191 2606 3733
16521 5658 14932
5658 14932 16521
14932 5658 16521
2673 14393 21909
14393 2673 21909
21909 2673 14393
17052 5547 22160
5547 17052 22160
22160 5547 17052
13871 21837 27974
21837 13871 27974
27974 13871 21837
24269 1992 15922
1992 15922 24269
15922 1992 24269
18469 2507 21442
21442 2507 18469
2507 18469 21442
6683 19258 25188
19258 6683 25188
25188 6683 19258
12423 909 13457
909 12423 13457
13457 909 12423
19205 6294 16026
16026 6294 19205
6294 16026 19205
12229 5142 19239
5142 12229 19239
19239 5142 12229
29719 14612 16430
16430 14612 29719
14612 16430 29719
23204 20357 22835
22835 20357 23204
20357 22835 23204
24025 2091 27743
27743 2091 24025
2091 24025 27743
1952 2946 22559
2946 1952 22559
22559 1952 2946
25434 5726 28539
28539 5726 25434
5726 25434 28539
21121 10791 23261
10791 21121 23261
23261 10791 21121
29665 8177 20953
20953 8177 29665
8177 20953 29665
5563 18968 25733
18968 5563 25733
25733 5563 18968
28105 493 4219
493 4219 28105
4219 493 28105
9600 3228 11036
3228 9600 11036
11036 3228 9600
20083 16784 18377
16784 18377 20083
18377 16784 20083
14260 14215 16648
14215 14260 16648
16648 14215 14260
29204 16202 24542
24542 16202 29204
16202 24542 29204
29245 2660 7652
7652 2660 29245
2660 7652 29245
2455 2971 15852
15852 2455 2971
2971 2455 15852
6480 23443 25501
23443 6480 25501
25501 6480 23443
10430 14570 16931
14570 10430 16931
16931 10430 14570
1064 6988 14746
6988 1064 14746
14746 1064 6988
25816 1604 26076
1604 25816 26076
26076 1604 25816
10274 8687 29380
8687 10274 29380
29380 8687 10274
14437 12938 14050
14050 12938 14437
12938 14050 14437
18846 13593 27806
13593 18846 27806
27806 13593 18846
14374 633 23859
23859 633 14374
633 14374 23859
318 15174 17096
15174 318 17096
17096 318 15174
22748 12574 23071
23071 12574 22748
12574 22748 23071
24454 4785 6555
4785 6555 24454
6555 4785 24454
19092 2844 7089
7089 2844 19092
2844 7089 19092
14365 8033 9193
8033 9193 14365
9193 8033 14365
25440 4026 14947
4026 14947 25440
14947 4026 25440
9619 14293 23528
14293 9619 23528
23528 9619 14293
13723 8085 21505
21505 8085 13723
8085 13723 21505
12049 2376 13969
2376 12049 13969
13969 2376 12049
24877 1422 20759
1422 20759 24877
20759 1422 24877
8058 8192 20786
20786 8058 8192
8192 8058 20786
9921 6892 23933
6892 9921 23933
23933 6892 9921
26478 25123 28935
25123 26478 28935
28935 25123 26478
11815 11573 17898
17898 11573 11815
11573 11815 17898
10189 13211 20974
20974 10189 13211
13211 10189 20974
8808 1936 5514
1936 5514 8808
5514 1936 8808
8859 4174 8171
8171 4174 8859
4174 8171 8859
14291 7297 17871
7297 14291 17871
17871 7297 14291
6978 6215 15271
15271 6215 6978
6215 6978 15271
6216 342 7391
342 6216 7391
7391 342 6216
25751 10848 28314
28314 10848 25751
10848 25751 28314
28522 8388 28199
28199 8388 28522
8388 28199 28522
9861 11927 14126
11927 9861 14126
14126 9861 11927
12339 16983 28871
16983 12339 28871
28871 12339 16983
14376 16677 21266
16677 14376 21266
21266 14376 16677
21399 420 24836
24836 420 21399
420 21399 24836
335 2554 21022
2554 335 21022
21022 335 2554
4061 1009 24639
24639 1009 4061
1009 4061 24639
1081 4539 5503
4539 1081 5503
5503 1081 4539
21770 9246 10036
10036 9246 21770
9246 10036 21770
26977 23978 28852
28852 23978 26977
23978 26977 28852
14978 1305 13843
13843 1305 14978
1305 13843 14978
17849 7359 15758
7359 15758 17849
15758 7359 17849
24364 18995 22285
22285 18995 24364
18995 22285 24364
28801 552 23949
23949 552 28801
552 23949 28801
25863 9708 21702
21702 9708 25863
9708 21702 25863
27495 12363 19407
12363 19407 27495
19407 12363 27495
10598 5468 19596
19596 5468 10598
5468 10598 19596
22483 8978 15835
15835 8978 22483
8978 15835 22483
27709 15492 26613
15492 26613 27709
26613 15492 27709
15524 18007 27980
18007 15524 27980
27980 15524 18007
25982 14497 29139
14497 25982 29139
29139 14497 25982
1956 13494 22381
13494 1956 22381
22381 1956 13494
10540 6028 8449
8449 6028 10540
6028 8449 10540
14926 17073 29053
29053 14926 17073
17073 14926 29053
6073 22280 28071
22280 6073 28071
28071 6073 22280
20946 5241 20296
20296 5241 20946
5241 20296 20946
12747 8183 26229
26229 8183 12747
8183 12747 26229
27762 2704 4018
4018 2704 27762
2704 4018 27762
4821 10917 15967
15967 4821 10917
10917 4821 15967
29312 8241 17409
17409 8241 29312
8241 17409 29312
2769 7066 23569
23569 2769 7066
7066 2769 23569
1942 8180 9107
9107 1942 8180
8180 1942 9107
10732 5471 27863
27863 5471 10732
5471 10732 27863
119 6989 8397
8397 119 6989
6989 119 8397
5527 11245 25954
25954 5527 11245
11245 5527 25954
19549 10705 24037
24037 10705 19549
10705 19549 24037
4249 19676 21415
19676 4249 21415
21415 4249 19676
26488 2248 23333
23333 2248 26488
2248 23333 26488
15776 9040 29131
9040 15776 29131
29131 9040 15776
17629 7171 7344
7171 7344 17629
7344 7171 17629
9198 22067 24504
22067 9198 24504
24504 9198 22067
996 9573 24211
9573 996 24211
24211 996 9573
15977 8695 19000
19000 8695 15977
8695 15977 19000
18429 9386 22493
9386 18429 22493
22493 9386 18429
18409 2779 17497
17497 2779 18409
2779 17497 18409
12926 1070 10627
10627 1070 12926
1070 10627 12926
22319 16748 28942
16748 22319 28942
28942 16748 22319
2217 1097 28505
1097 2217 28505
28505 1097 2217
9440 982 24487
982 9440 24487
24487 982 9440
27782 3670 10634
10634 3670 27782
3670 10634 27782
15196 6611 18967
6611 15196 18967
18967 6611 15196
26557 2958 6921
2958 6921 26557
6921 2958 26557
10594 10615 23833
23833 10594 10615
10615 10594 23833
5743 4708 8284
4708 5743 8284
8284 4708 5743
16471 2502 28663
2502 16471 28663
28663 2502 16471
6754 14056 21711
21711 6754 14056
14056 6754 21711
10478 6225 17516
17516 6225 10478
6225 10478 17516
28080 4724 25961
4724 25961 28080
25961 4724 28080
2190 22662 25932
25932 2190 22662
22662 2190 25932
6876 21926 28480
28480 6876 21926
21926 6876 28480
704 23129 28845
28845 704 23129
23129 704 28845
25474 221 27954
221 25474 27954
27954 221 25474
5941 7431 27730
7431 5941 27730
27730 5941 7431
9113 15285 27284
27284 9113 15285
15285 9113 27284
12874 780 27040
27040 780 12874
780 12874 27040
5031 15409 27896
15409 5031 27896
27896 5031 15409
2598 1458 19842
1458 2598 19842
19842 1458 2598
3609 237 9858
237 3609 9858
9858 237 3609
14866 5724 9551
5724 9551 14866
9551 5724 14866
2094 3554 25828
25828 2094 3554
3554 2094 25828
15930 4944 16432
16432 4944 15930
4944 15930 16432
22374 25200 25831
25831 22374 25200
25200 22374 25831
5082 10541 29151
10541 5082 29151
29151 5082 10541
20271 20065 21229
21229 20065 20271
20065 20271 21229
1245 9011 14143
14143 1245 9011
9011 1245 14143
14760 19748 26647
26647 14760 19748
19748 14760 26647
27788 1098 28270
28270 1098 27788
1098 27788 28270
24039 12452 26980
26980 12452 24039
12452 24039 26980
23669 22932 25682
22932 23669 25682
25682 22932 23669
29167 25712 27905
25712 27905 29167
27905 25712 29167
23152 12698 17654
17654 12698 23152
12698 17654 23152
2964 8555 28077
28077 2964 8555
8555 2964 28077
17487 7817 12281
7817 12281 17487
12281 7817 17487
4142 9251 13791
9251 4142 13791
13791 4142 9251
16776 16542 18672
18672 16542 16776
16542 16776 18672
23382 2192 2996
2192 2996 23382
2996 2192 23382
13586 13917 17877
13917 13586 17877
17877 13586 13917
14124 2090 14003
14003 2090 14124
2090 14003 14124
9215 16857 23586
16857 9215 23586
23586 9215 16857
1865 12391 18069
18069 1865 12391
12391 1865 18069
27019 11503 25898
25898 11503 27019
11503 25898 27019
18856 17426 21735
21735 17426 18856
17426 18856 21735
61 10164 24626
10164 61 24626
24626 61 10164
11777 7127 12168
7127 11777 12168
12168 7127 11777
2968 699 11635
11635 699 2968
699 2968 11635
21584 13418 20835
20835 13418 21584
13418 20835 21584
10896 3275 3576
3275 3576 10896
3576 3275 10896
18988 5605 25211
25211 5605 18988
5605 18988 25211
27130 20361 29891
20361 27130 29891
29891 20361 27130
17617 9758 24864
24864 9758 17617
9758 17617 24864
10833 11944 22202
11944 10833 22202
22202 10833 11944
15925 453 21246
453 15925 21246
21246 453 15925
16179 26810 28109
28109 16179 26810
26810 16179 28109
12965 652 11240
652 11240 12965
11240 652 12965
20245 1753 12254
1753 12254 20245
12254 1753 20245
21448 15149 22456
15149 21448 22456
22456 15149 21448
64 1979 12996
1979 64 12996
12996 64 1979
8430 10173 23733
23733 8430 10173
10173 8430 23733
19568 5604 6422
6422 5604 19568
5604 6422 19568
2623 7334 11780
11780 2623 7334
7334 2623 11780
20653 24793 26362
24793 20653 26362
26362 20653 24793
11881 5675 26836
26836 5675 11881
5675 11881 26836
11228 3447 16631
16631 3447 11228
3447 11228 16631
17288 11076 24226
24226 11076 17288
11076 17288 24226
27453 3855 6175
3855 6175 27453
6175 3855 27453
29553 9604 18727
9604 18727 29553
18727 9604 29553
3508 18088 24185
18088 3508 24185
24185 3508 18088
21343 8396 19388
8396 19388 21343
19388 8396 21343
10882 21207 23653
23653 10882 21207
21207 10882 23653
24817 8803 12480
8803 12480 24817
12480 8803 24817
11291 8450 14219
14219 8450 11291
8450 11291 14219
4614 9635 25256
25256 4614 9635
9635 4614 25256
4145 6753 23429
23429 4145 6753
6753 4145 23429
16516 4097 18759
4097 16516 18759
18759 4097 16516
19859 9323 15718
9323 15718 19859
15718 9323 19859
17042 3618 17280
3618 17042 17280
17280 3618 17042
5067 26888 28260
26888 5067 28260
28260 5067 26888
26601 1465 15626
1465 15626 26601
15626 1465 26601
5336 416 2274
416 2274 5336
2274 416 5336
19528 25952 29356
25952 19528 29356
29356 19528 25952
2147 4124 18651
18651 2147 4124
4124 2147 18651
1028 6283 8563
8563 1028 6283
6283 1028 8563
23413 234 18962
234 18962 23413
18962 234 23413
1436 15452 25384
15452 1436 25384
25384 1436 15452
14329 13308 26609
13308 14329 26609
26609 13308 14329
4264 487 11610
11610 487 4264
487 4264 11610
2408 2185 16576
16576 2185 2408
2185 2408 16576
21424 7085 10648
7085 10648 21424
10648 7085 21424
24144 802 22780
22780 802 24144
802 22780 24144
718 17231 19947
17231 718 19947
19947 718 17231
17786 631 29505
631 17786 29505
29505 631 17786
25322 132 16891
16891 132 25322
132 16891 25322
4631 29099 29555
29099 4631 29555
29555 4631 29099
6761 2850 26731
2850 6761 26731
26731 2850 6761
8483 20827 22577
22577 8483 20827
20827 8483 22577
21216 11115 20045
11115 20045 21216
20045 11115 21216
22785 22003 28717
28717 22003 22785
22003 22785 28717
23599 20367 27624
27624 20367 23599
20367 23599 27624
25646 1582 4873
1582 4873 25646
4873 1582 25646
4488 8686 29457
8686 4488 29457
29457 4488 8686
16500 4959 22704
4959 16500 22704
22704 4959 16500
22174 16266 24668
24668 16266 22174
16266 22174 24668
28787 15144 24091
15144 24091 28787
24091 15144 28787
23602 5751 17940
5751 17940 23602
17940 5751 23602
18836 24443 29641
24443 18836 29641
29641 18836 24443
18582 6394 18826
18826 6394 18582
6394 18582 18826
25527 844 15033
15033 844 25527
844 15033 25527
13876 1148 26718
1148 13876 26718
26718 1148 13876
22705 2064 10491
2064 10491 22705
10491 2064 22705
9598 5533 9378
5533 9378 9598
9378 5533 9598
29116 11233 17466
17466 11233 29116
11233 17466 29116
27783 3738 10888
3738 10888 27783
10888 3738 27783
23894 884 4208
4208 884 23894
884 4208 23894
229 5158 12520
12520 229 5158
5158 229 12520
16259 8733 24826
24826 8733 16259
8733 16259 24826
27661 8615 10904
8615 10904 27661
10904 8615 27661
25882 24585 25301
24585 25301 25882
25301 24585 25882
16534 18493 23257
18493 16534 23257
23257 16534 18493
27066 18847 23829
23829 18847 27066
18847 23829 27066
15398 23414 29188
23414 15398 29188
29188 15398 23414
18353 21307 21545
21307 18353 21545
21545 18353 21307
6658 15355 19946
19946 6658 15355
15355 6658 19946
17977 776 15851
15851 776 17977
776 15851 17977
20218 13130 23354
23354 13130 20218
13130 20218 23354
18566 15921 19136
15921 18566 19136
19136 15921 18566
13500 1405 6371
6371 1405 13500
1405 6371 13500
5540 19997 20425
19997 5540 20425
20425 5540 19997
5639 3110 24667
24667 3110 5639
3110 5639 24667
1615 14610 27769
27769 1615 14610
14610 1615 27769
23287 11 22478
11 22478 23287
22478 11 23287
14392 28791 29733
28791 14392 29733
29733 14392 28791
17253 22475 28564
22475 17253 28564
28564 17253 22475
23281 6903 17729
6903 17729 23281
17729 6903 23281
403 11788 27386
27386 403 11788
11788 403 27386
22714 6052 27498
27498 6052 22714
6052 22714 27498
17705 6522 29563
29563 6522 17705
6522 17705 29563
4927 1432 18151
1432 4927 18151
18151 1432 4927
12833 10702 11906
11906 10702 12833
10702 11906 12833
7987 6443 13327
13327 6443 7987
6443 7987 13327
14036 12842 18852
18852 12842 14036
12842 14036 18852
9453 15989 21054
15989 9453 21054
21054 9453 15989
7930 5868 16672
5868 7930 16672
16672 5868 7930
6926 12577 15290
15290 6926 12577
12577 6926 15290
25110 4442 9703
4442 9703 25110
9703 4442 25110
25843 14919 24264
14919 24264 25843
24264 14919 25843
3540 22571 24685
22571 3540 24685
24685 3540 22571
25550 25525 26586
26586 25525 25550
25525 25550 26586
23762 5184 18273
18273 5184 23762
5184 18273 23762
2710 7007 11041
7007 2710 11041
11041 2710 7007
13730 1713 20972
1713 13730 20972
20972 1713 13730
15954 181 27126
181 15954 27126
27126 181 15954
24740 4229 22430
22430 4229 24740
4229 22430 24740
6972 4964 15843
15843 4964 6972
4964 6972 15843
4308 15039 22470
15039 4308 22470
22470 4308 15039
27161 3760 18410
18410 3760 27161
3760 18410 27161
14685 8517 18171
8517 14685 18171
18171 8517 14685
25687 271 14075
14075 271 25687
271 14075 25687
10167 1351 26470
1351 10167 26470
26470 1351 10167
20448 6198 19989
19989 6198 20448
6198 19989 20448
13298 23372 27191
23372 13298 27191
27191 13298 23372
20072 2551 4248
2551 4248 20072
4248 2551 20072
20089 7955 16024
7955 16024 20089
16024 7955 20089
10737 4889 12373
12373 4889 10737
4889 10737 12373
19323 4073 27620
4073 19323 27620
27620 4073 19323
16325 69 21830
21830 69 16325
69 16325 21830
14814 13323 27181
27181 13323 14814
13323 14814 27181
7606 2980 8182
8182 2980 7606
2980 7606 8182
22711 4251 13060
13060 4251 22711
4251 13060 22711
28267 3016 3495
3016 3495 28267
3495 3016 28267
18243 7443 24466
7443 18243 24466
24466 7443 18243
8010 7914 20224
20224 7914 8010
7914 8010 20224
5284 19782 24582
19782 5284 24582
24582 5284 19782
24477 309 24341
309 24341 24477
24341 309 24477
19327 1671 1872
1872 1671 19327
1671 1872 19327
4583 2069 12957
12957 2069 4583
2069 4583 12957
18457 512 23592
512 18457 23592
23592 512 18457
11467 1181 7137
1181 7137 11467
7137 1181 11467
3144 19104 29294
29294 3144 19104
19104 3144 29294
14214 14064 28701
28701 14064 14214
14064 14214 28701
18163 10380 20709
20709 10380 18163
10380 18163 20709
18351 16539 25206
25206 16539 18351
16539 18351 25206
25121 8800 18907
18907 8800 25121
8800 18907 25121
3730 12769 27082
27082 3730 12769
12769 3730 27082
22434 6918 16105
6918 16105 22434
16105 6918 22434
18138 418 16655
16655 418 18138
418 16655 18138
2466 8599 10495
10495 2466 8599
8599 2466 10495
18505 15014 27906
15014 18505 27906
27906 15014 18505
20713 5331 15494
15494 5331 20713
5331 15494 20713
16268 1983 10427
1983 10427 16268
10427 1983 16268
23474 3143 14487
3143 14487 23474
14487 3143 23474
5029 20602 21988
21988 5029 20602
20602 5029 21988
13833 5598 16995
5598 13833 16995
16995 5598 13833
16082 26752 29707
29707 16082 26752
26752 16082 29707
29692 90 10517
10517 90 29692
90 10517 29692
5776 16194 16812
16812 5776 16194
16194 5776 16812
23080 8745 29108
29108 8745 23080
8745 23080 29108
1471 375 24570
24570 375 1471
375 1471 24570
12600 1618 22870
1618 12600 22870
22870 1618 12600
20930 2541 10033
10033 2541 20930
2541 10033 20930
2682 13236 27247
27247 2682 13236
13236 2682 27247
21793 7010 28037
28037 7010 21793
7010 21793 28037
6256 14663 19937
19937 6256 14663
14663 6256 19937
15845 11196 13733
13733 11196 15845
11196 13733 15845
20487 11830 17082
17082 11830 20487
11830 17082 20487
18459 1342 28575
28575 1342 18459
1342 18459 28575
9591 4106 24451
24451 4106 9591
4106 9591 24451
25583 24729 26967
26967 24729 25583
24729 25583 26967
29944 14299 18482
18482 14299 29944
14299 18482 29944
4495 2533 20050
20050 2533 4495
2533 4495 20050
26542 2289 17826
2289 17826 26542
17826 2289 26542
13110 15386 19051
15386 13110 19051
19051 13110 15386
5412 26356 29209
26356 5412 29209
29209 5412 26356
10550 1619 27534
27534 1619 10550
1619 10550 27534
10313 515 19365
515 10313 19365
19365 515 10313
13024 3223 4294
4294 3223 13024
3223 4294 13024
23060 12976 14809
12976 14809 23060
14809 12976 23060
29739 8707 27853
27853 8707 29739
8707 27853 29739
13592 6828 18573
6828 13592 18573
18573 6828 13592
2300 7144 10865
10865 2300 7144
7144 2300 10865
24546 1303 15135
15135 1303 24546
1303 15135 24546
3085 24171 28171
24171 3085 28171
28171 3085 24171
23593 14153 27970
14153 23593 27970
27970 14153 23593
5920 8271 11163
11163 5920 8271
8271 5920 11163
1737 15619 20779
20779 1737 15619
15619 1737 20779
12231 6648 7387
7387 6648 12231
6648 7387 12231
27291 17548 28915
28915 17548 27291
17548 27291 28915
27517 8622 14203
8622 14203 27517
14203 8622 27517
3564 4586 17395
4586 3564 17395
17395 3564 4586
9939 1606 17524
1606 9939 17524
17524 1606 9939
952 6768 24818
24818 952 6768
6768 952 24818
3990 9195 13380
9195 3990 13380
13380 3990 9195
11055 11861 15539
15539 11055 11861
11861 11055 15539
22267 23475 26564
26564 22267 23475
23475 22267 26564
387 10721 25916
10721 387 25916
25916 387 10721
16110 22359 28450
28450 16110 22359
22359 16110 28450
25476 10468 14734
10468 14734 25476
14734 10468 25476
2291 9250 15493
15493 2291 9250
9250 2291 15493
9947 16030 18362
18362 9947 16030
16030 9947 18362
13276 17625 18132
18132 13276 17625
17625 13276 18132
15163 2965 4418
2965 4418 15163
4418 2965 15163
26243 20780 26741
20780 26243 26741
26741 20780 26243
26266 685 20160
685 20160 26266
20160 685 26266
29316 24469 25578
25578 24469 29316
24469 25578 29316
20111 8899 18937
18937 8899 20111
8899 18937 20111
10578 1839 26483
1839 10578 26483
26483 1839 10578
2621 175 8666
175 2621 8666
8666 175 2621
7839 4372 17367
4372 7839 17367
17367 4372 7839
23798 24084 25600
24084 23798 25600
25600 23798 24084
28478 20189 20486
20486 20189 28478
20189 20486 28478
12665 22445 29305
29305 12665 22445
22445 12665 29305
8523 1069 16418
16418 1069 8523
1069 8523 16418
15198 3416 7218
3416 7218 15198
7218 3416 15198
12838 25178 27265
27265 12838 25178
25178 12838 27265
15224 7307 17445
7307 15224 17445
17445 7307 15224
18905 27020 29712
27020 18905 29712
29712 18905 27020
5277 10045 13847
10045 5277 13847
13847 5277 10045
15532 4188 7479
4188 7479 15532
7479 4188 15532
24111 2834 29206
2834 24111 29206
29206 2834 24111
14040 20030 22063
20030 14040 22063
22063 14040 20030
9455 18721 25935
18721 9455 25935
25935 9455 18721
20041 9543 19521
9543 19521 20041
19521 9543 20041
245 454 11139
11139 245 454
454 245 11139
7968 3291 7978
7978 3291 7968
3291 7968 7978
9320 7726 28017
7726 9320 28017
28017 7726 9320
21646 28509 28889
28889 21646 28509
28509 21646 28889
3928 2633 14606
2633 3928 14606
14606 2633 3928
4332 266 7434
7434 266 4332
266 4332 7434
17252 105 19781
19781 105 17252
105 17252 19781
26504 17089 19666
19666 17089 26504
17089 19666 26504
11129 6402 8000
8000 6402 11129
6402 8000 11129
14622 15118 21184
15118 14622 21184
21184 14622 15118
6852 20384 28328
28328 6852 20384
20384 6852 28328
13765 2023 16368
2023 13765 16368
16368 2023 13765
20013 19591 23437
19591 20013 23437
23437 19591 20013
10859 17575 22187
22187 10859 17575
17575 10859 22187
6075 4700 26818
26818 4700 6075
4700 6075 26818
1349 3608 20277
3608 1349 20277
20277 1349 3608
24965 9236 14382
9236 14382 24965
14382 9236 24965
9777 22235 28356
22235 9777 28356
28356 9777 22235
15358 8204 18296
18296 8204 15358
8204 15358 18296
18034 5872 11017
11017 5872 18034
5872 11017 18034
14719 6694 17560
6694 14719 17560
17560 6694 14719
22667 19255 25395
19255 22667 25395
25395 19255 22667
19799 315 16164
315 16164 19799
16164 315 19799
18604 21566 28178
21566 18604 28178
28178 18604 21566
25766 5461 14472
14472 5461 25766
5461 14472 25766
18984 3747 12478
3747 12478 18984
12478 3747 18984
23455 13465 15449
15449 13465 23455
13465 15449 23455
26108 6722 27738
6722 26108 27738
27738 6722 26108
26548 18603 27745
27745 18603 26548
18603 26548 27745
24436 19606 28438
28438 19606 24436
19606 24436 28438
15561 3988 29434
29434 3988 15561
3988 15561 29434
21083 2229 2972
2229 2972 21083
2972 2229 21083
13735 464 4334
4334 464 13735
464 4334 13735
8679 14159 15549
15549 8679 14159
14159 8679 15549
8917 21366 29002
21366 8917 29002
29002 8917 21366
10557 19668 29431
29431 10557 19668
19668 10557 29431
2447 20816 26077
26077 2447 20816
20816 2447 26077
16466 6736 15609
6736 15609 16466
15609 6736 16466
20897 19571 28901
19571 20897 28901
28901 19571 20897
841 10601 24019
24019 841 10601
10601 841 24019
26444 18460 22943
22943 18460 26444
18460 22943 26444
1764 16103 24129
24129 1764 16103
16103 1764 24129
15847 14681 19157
19157 14681 15847
14681 15847 19157
14480 26729 29621
26729 14480 29621
29621 14480 26729
2535 9669 22336
22336 2535 9669
9669 2535 22336
23099 17241 20610
20610 17241 23099
17241 20610 23099
1212 11578 13925
11578 1212 13925
13925 1212 11578
29008 4462 22530
4462 22530 29008
22530 4462 29008
27574 15738 24308
15738 24308 27574
24308 15738 27574
23764 7847 14069
7847 14069 23764
14069 7847 23764
9864 13625 20948
13625 9864 20948
20948 9864 13625
13087 10026 29454
10026 13087 29454
29454 10026 13087
2151 12651 28804
12651 2151 28804
28804 2151 12651
15208 12192 27607
12192 15208 27607
27607 12192 15208
21800 3591 14386
3591 14386 21800
14386 3591 21800
2022 862 21510
21510 862 2022
862 2022 21510
4705 72 13691
13691 72 4705
72 4705 13691
16679 13563 29940
13563 16679 29940
29940 13563 16679
18537 18376 27797
27797 18376 18537
18376 18537 27797
15016 1592 26112
26112 1592 15016
1592 15016 26112
12253 19285 20152
19285 12253 20152
20152 12253 19285
2862 24188 25875
25875 2862 24188
24188 2862 25875
27846 5808 10364
10364 5808 27846
5808 10364 27846
26668 15337 25192
25192 15337 26668
15337 25192 26668
24325 7400 29037
29037 7400 24325
7400 24325 29037
26595 4265 15592
4265 15592 26595
15592 4265 26595
27308 13156 21469
21469 13156 27308
13156 21469 27308
27461 20435 29428
29428 20435 27461
20435 27461 29428
3739 25740 26511
25740 3739 26511
26511 3739 25740
22352 19461 25934
19461 22352 25934
25934 19461 22352
21866 20035 29067
29067 20035 21866
20035 21866 29067
29782 5593 6895
5593 6895 29782
6895 5593 29782
21144 21539 26288
26288 21144 21539
21539 21144 26288
14355 3700 16805
16805 3700 14355
3700 14355 16805
9348 2079 20348
20348 2079 9348
2079 9348 20348
11110 7855 12299
7855 11110 12299
12299 7855 11110
20442 10191 11160
11160 10191 20442
10191 11160 20442
27215 11679 26725
11679 26725 27215
26725 11679 27215
19608 3380 6077
6077 3380 19608
3380 6077 19608
26451 10447 13202
13202 10447 26451
10447 13202 26451
9891 917 16495
16495 917 9891
917 9891 16495
23362 5270 21921
21921 5270 23362
5270 21921 23362
14944 24746 29649
24746 14944 29649
29649 14944 24746
11695 12265 21053
12265 11695 21053
21053 11695 12265
14227 7544 15536
15536 7544 14227
7544 14227 15536
17438 7336 25303
25303 7336 17438
7336 17438 25303
2482 5458 18901
18901 2482 5458
5458 2482 18901
6270 20799 29686
20799 6270 29686
29686 6270 20799
8428 3106 11781
11781 3106 8428
3106 8428 11781
6588 7083 18406
18406 6588 7083
7083 6588 18406
26272 5309 13759
5309 13759 26272
13759 5309 26272
14887 1044 19861
1044 14887 19861
19861 1044 14887
5125 6331 9002
6331 5125 9002
9002 5125 6331
22723 22233 25314
22233 22723 25314
25314 22233 22723
3664 1940 19740
1940 3664 19740
19740 1940 3664
28622 16122 17620
16122 17620 28622
17620 16122 28622
12023 9675 10632
9675 10632 12023
10632 9675 12023
27847 14098 22610
14098 22610 27847
22610 14098 27847
4855 9213 16272
16272 4855 9213
9213 4855 16272
17290 697 20807
697 17290 20807
20807 697 17290
6758 1846 10499
10499 1846 6758
1846 6758 10499
10223 28750 29234
29234 10223 28750
28750 10223 29234
25205 6862 21617
21617 6862 25205
6862 21617 25205
8213 26561 29793
26561 8213 29793
29793 8213 26561
15338 22560 25842
25842 15338 22560
22560 15338 25842
1159 4483 24197
24197 1159 4483
4483 1159 24197
7461 11541 14533
14533 7461 11541
11541 7461 14533
4409 8259 10407
8259 4409 10407
10407 4409 8259
29975 192 16738
192 16738 29975
16738 192 29975
24613 12720 25993
12720 24613 25993
25993 12720 24613
6653 13580 23013
13580 6653 23013
23013 6653 13580
10119 9847 25833
9847 10119 25833
25833 9847 10119
26206 13708 22633
13708 22633 26206
22633 13708 26206
27332 16027 22342
16027 22342 27332
22342 16027 27332
24884 14169 25794
25794 14169 24884
14169 24884 25794
22960 3481 10959
3481 10959 22960
10959 3481 22960
13905 13235 16312
13235 13905 16312
16312 13235 13905
1261 3889 10558
3889 1261 10558
10558 1261 3889
17745 17023 27844
17023 17745 27844
27844 17023 17745
11284 918 25759
918 11284 25759
25759 918 11284
6020 8442 19514
8442 6020 19514
19514 6020 8442
21096 1939 13215
1939 13215 21096
13215 1939 21096
7865 2701 9842
9842 2701 7865
2701 7865 9842
28600 12895 29997
12895 28600 29997
29997 12895 28600
13868 1411 2693
2693 1411 13868
1411 2693 13868
3748 606 4283
606 3748 4283
4283 606 3748
2836 18585 27410
27410 2836 18585
18585 2836 27410
20932 1171 18099
18099 1171 20932
1171 18099 20932
24921 5961 13184
5961 13184 24921
13184 5961 24921
18859 11740 28044
28044 11740 18859
11740 18859 28044
4984 3095 5985
5985 3095 4984
3095 4984 5985
27396 3443 27985
3443 27396 27985
27985 3443 27396
2899 18315 29775
18315 2899 29775
29775 2899 18315
15463 7615 24558
24558 7615 15463
7615 15463 24558
21299 9940 10109
10109 9940 21299
9940 10109 21299
12629 4207 4635
4635 4207 12629
4207 4635 12629
26287 2464 21356
2464 21356 26287
21356 2464 26287
15004 19505 29587
29587 15004 19505
19505 15004 29587
9338 11113 20798
11113 9338 20798
20798 9338 11113
21869 16410 25201
25201 16410 21869
16410 21869 25201
11427 1239 23708
1239 11427 23708
23708 1239 11427
21387 4482 12272
12272 4482 21387
4482 12272 21387
4025 17959 26789
17959 4025 26789
26789 4025 17959
1285 9667 27160
27160 1285 9667
9667 1285 27160
8113 9953 25846
9953 8113 25846
25846 8113 9953
15745 24762 25708
24762 15745 25708
25708 15745 24762
14939 6239 7676
7676 6239 14939
6239 7676 14939
8934 7281 8633
7281 8633 8934
8633 7281 8934
544 21547 26202
26202 544 21547
21547 544 26202
2571 7916 26552
26552 2571 7916
7916 2571 26552
23663 13706 27199
27199 13706 23663
13706 23663 27199
9783 24374 28287
28287 9783 24374
24374 9783 28287
7460 24275 25417
24275 7460 25417
25417 7460 24275
19992 7858 15836
15836 7858 19992
7858 15836 19992
15369 2326 3438
2326 3438 15369
3438 2326 15369
6090 13577 20004
13577 6090 20004
20004 6090 13577
22191 11429 23781
23781 11429 22191
11429 22191 23781
24625 18525 26576
26576 18525 24625
18525 24625 26576
25488 11954 13260
13260 11954 25488
11954 13260 25488
20623 2427 8820
8820 2427 20623
2427 8820 20623
2028 8952 16618
8952 2028 16618
16618 2028 8952
15929 11504 28213
28213 11504 15929
11504 15929 28213
27720 13469 21484
21484 13469 27720
13469 21484 27720
12262 14965 22999
14965 12262 22999
22999 12262 14965
28532 5925 17433
5925 17433 28532
17433 5925 28532
6485 13829 24501
24501 6485 13829
13829 6485 24501
2641 24519 25704
24519 2641 25704
25704 2641 24519
8421 16172 23916
16172 8421 23916
23916 8421 16172
27921 7578 13748
7578 13748 27921
13748 7578 27921
20923 4752 20550
20550 4752 20923
4752 20550 20923
16927 5494 23398
23398 5494 16927
5494 16927 23398
29381 6434 7521
6434 7521 29381
7521 6434 29381
20795 763 22484
763 20795 22484
22484 763 20795
5611 21984 22137
22137 5611 21984
21984 5611 22137
15727 5388 7321
7321 5388 15727
5388 7321 15727
3800 11601 13387
13387 3800 11601
11601 3800 13387
1441 7990 28829
28829 1441 7990
7990 1441 28829
4087 14706 20325
20325 4087 14706
14706 4087 20325
26509 2092 18018
2092 18018 26509
18018 2092 26509
3789 20867 28608
28608 3789 20867
20867 3789 28608
24837 936 2299
936 2299 24837
2299 936 24837
23248 11497 23613
11497 23248 23613
23613 11497 23248
19181 17284 28477
28477 17284 19181
17284 19181 28477
29257 11511 14158
11511 14158 29257
14158 11511 29257
16349 1994 22536
22536 1994 16349
1994 16349 22536
7822 9673 22294
9673 7822 22294
22294 7822 9673
28669 6827 27623
6827 27623 28669
27623 6827 28669
27201 3774 29668
3774 27201 29668
29668 3774 27201
4194 17307 25570
17307 4194 25570
25570 4194 17307
28261 4082 20282
20282 4082 28261
4082 20282 28261
23534 10669 26704
10669 23534 26704
26704 10669 23534
9203 1298 27942
1298 9203 27942
27942 1298 9203
2488 14418 16146
16146 2488 14418
14418 2488 16146
6438 12681 19768
12681 6438 19768
19768 6438 12681
15760 11345 15610
11345 15610 15760
15610 11345 15760
19369 10908 13095
13095 10908 19369
10908 13095 19369
29913 16528 29787
16528 29787 29913
29787 16528 29913
10796 6813 26340
26340 6813 10796
6813 10796 26340
1925 15429 29915
29915 1925 15429
15429 1925 29915
137 625 10854
625 137 10854
10854 137 625
23935 2156 12310
2156 12310 23935
12310 2156 23935
20194 14022 15671
15671 14022 20194
14022 15671 20194
28868 8730 25742
8730 25742 28868
25742 8730 28868
385 434 10619
10619 385 434
434 385 10619
3009 22829 27264
22829 3009 27264
27264 3009 22829
9511 4366 12533
4366 9511 12533
12533 4366 9511
4261 22871 25059
25059 4261 22871
22871 4261 25059
12216 11659 20783
11659 12216 20783
20783 11659 12216
29407 19451 26588
19451 26588 29407
26588 19451 29407
1000 9186 16057
16057 1000 9186
9186 1000 16057
8101 8062 29235
29235 8062 8101
8062 8101 29235
16334 2637 8297
8297 2637 16334
2637 8297 16334
888 9329 29794
29794 888 9329
9329 888 29794
1007 6027 8863
8863 1007 6027
6027 1007 8863
10808 33 3909
3909 33 10808
33 3909 10808
24770 17881 28442
28442 17881 24770
17881 24770 28442
18432 15173 18550
15173 18432 18550
18550 15173 18432
20432 3307 16181
16181 3307 20432
3307 16181 20432
25327 2478 19696
2478 19696 25327
19696 2478 25327
5436 10106 13088
13088 5436 10106
10106 5436 13088
22265 7607 9342
7607 9342 22265
9342 7607 22265
13108 15529 27837
27837 13108 15529
15529 13108 27837
900 3526 23884
3526 900 23884
23884 900 3526
10018 21468 25223
25223 10018 21468
21468 10018 25223
15440 28012 29433
29433 15440 28012
28012 15440 29433
6041 3595 18202
18202 3595 6041
3595 6041 18202
17550 9715 10229
10229 9715 17550
9715 10229 17550
8772 7920 22046
22046 7920 8772
7920 8772 22046
18139 2435 23422
2435 18139 23422
23422 2435 18139
15371 3053 27144
3053 15371 27144
27144 3053 15371
7768 6838 11772
6838 7768 11772
11772 6838 7768
7036 11208 22551
22551 7036 11208
11208 7036 22551
11420 12669 19090
19090 11420 12669
12669 11420 19090
21118 26265 27114
27114 21118 26265
26265 21118 27114
17970 17568 18097
18097 17568 17970
17568 17970 18097
4632 3324 12359
12359 3324 4632
3324 4632 12359
10751 14130 20971
20971 10751 14130
14130 10751 20971
28184 11653 27512
11653 27512 28184
27512 11653 28184
27989 232 8419
232 8419 27989
8419 232 27989
18719 11736 13950
13950 11736 18719
11736 13950 18719
15010 4974 16292
16292 4974 15010
4974 15010 16292
20728 16285 20182
20182 16285 20728
16285 20182 20728
23187 14568 23899
14568 23187 23899
23899 14568 23187
21529 11309 26138
11309 21529 26138
26138 11309 21529
11206 13112 22540
13112 11206 22540
22540 11206 13112
13118 11750 17981
11750 13118 17981
17981 11750 13118
5585 14751 23153
14751 5585 23153
23153 5585 14751
1435 2617 4578
2617 1435 4578
4578 1435 2617
7530 17278 19347
19347 7530 17278
17278 7530 19347
8168 16683 29873
16683 8168 29873
29873 8168 16683
6596 3429 12564
12564 3429 6596
3429 6596 12564
23883 16229 19413
19413 16229 23883
16229 19413 23883
23688 6936 28766
6936 23688 28766
28766 6936 23688
8359 942 17169
17169 942 8359
942 8359 17169
15339 19040 28727
28727 15339 19040
19040 15339 28727
8015 4341 9451
9451 4341 8015
4341 8015 9451
19610 27170 29957
27170 19610 29957
29957 19610 27170
3775 28767 29210
29210 3775 28767
28767 3775 29210
7638 5118 9076
9076 5118 7638
5118 7638 9076
24376 16620 18466
16620 18466 24376
18466 16620 24376
25318 2583 26115
2583 25318 26115
26115 2583 25318
28785 4559 25840
25840 4559 28785
4559 25840 28785
20942 9114 26412
9114 20942 26412
26412 9114 20942
3284 10433 25604
10433 3284 25604
25604 3284 10433
24442 24048 29102
24048 24442 29102
29102 24048 24442
19677 8021 22984
8021 19677 22984
22984 8021 19677
29007 1299 9237
1299 9237 29007
9237 1299 29007
7595 10651 28543
10651 7595 28543
28543 7595 10651
18251 1585 10527
10527 1585 18251
1585 10527 18251
6846 10381 25598
10381 6846 25598
25598 6846 10381
12401 2088 5457
5457 2088 12401
2088 5457 12401
29859 8293 12238
8293 12238 29859
12238 8293 29859
1223 5398 19515
19515 1223 5398
5398 1223 19515
18911 8894 28846
28846 8894 18911
8894 18911 28846
11470 10071 18356
10071 11470 18356
18356 10071 11470
20905 725 5389
5389 725 20905
725 5389 20905
26908 12678 22175
12678 22175 26908
22175 12678 26908
5004 21277 23132
23132 5004 21277
21277 5004 23132
2076 12705 29367
29367 2076 12705
12705 2076 29367
20434 1632 27718
27718 1632 20434
1632 20434 27718
16475 11930 21760
21760 11930 16475
11930 16475 21760
18915 68 3604
68 3604 18915
3604 68 18915
389 7100 14836
7100 389 14836
14836 389 7100
8269 11690 14902
14902 8269 11690
11690 8269 14902
11619 11436 26346
11436 11619 26346
26346 11436 11619
25873 6166 22958
6166 22958 25873
22958 6166 25873
16960 2886 5152
2886 5152 16960
5152 2886 16960
6084 24615 29864
24615 6084 29864
29864 6084 24615
21293 11371 18070
11371 18070 21293
18070 11371 21293
9624 773 16233
773 9624 16233
16233 773 9624
17969 9707 26817
26817 9707 17969
9707 17969 26817
5487 2430 7312
7312 2430 5487
2430 5487 7312
18512 8655 10909
10909 8655 18512
8655 10909 18512
7583 22195 22268
22268 7583 22195
22195 7583 22268
1569 9475 23686
9475 1569 23686
23686 1569 9475
5208 1145 4713
1145 4713 5208
4713 1145 5208
5594 8844 20243
20243 5594 8844
8844 5594 20243
9156 13474 28161
28161 9156 13474
13474 9156 28161
15555 12486 26502
26502 12486 15555
12486 15555 26502
7106 9013 13155
9013 7106 13155
13155 7106 9013
22122 13652 29880
29880 13652 22122
13652 22122 29880
4702 23570 29816
29816 4702 23570
23570 4702 29816
8877 2002 17992
17992 2002 8877
2002 8877 17992
18134 76 5736
5736 76 18134
76 5736 18134
1646 8341 26343
8341 1646 26343
26343 1646 8341
25677 1220 6391
6391 1220 25677
1220 6391 25677
10190 5691 15679
15679 5691 10190
5691 10190 15679
4020 4679 8873
4679 4020 8873
8873 4020 4679
11355 13559 19787
19787 11355 13559
13559 11355 19787
11154 4958 6481
6481 4958 11154
4958 6481 11154
23567 6247 25120
6247 23567 25120
25120 6247 23567
22778 5400 13206
5400 13206 22778
13206 5400 22778
20889 8001 14277
8001 14277 20889
14277 8001 20889
28887 360 19971
19971 360 28887
360 19971 28887
18781 19309 22692
22692 18781 19309
19309 18781 22692
26043 3688 7458
7458 3688 26043
3688 7458 26043
3493 10583 20957
20957 3493 10583
10583 3493 20957
13065 25945 28641
28641 13065 25945
25945 13065 28641
26276 15595 25109
25109 15595 26276
15595 25109 26276
28528 13281 17064
13281 17064 28528
17064 13281 28528
14974 4610 11476
11476 4610 14974
4610 11476 14974
1667 8363 26917
8363 1667 26917
26917 1667 8363
10564 9434 9671
9671 9434 10564
9434 9671 10564
12567 20528 23541
23541 12567 20528
20528 12567 23541
5375 8119 23120
8119 5375 23120
23120 5375 8119
21402 1252 12878
1252 12878 21402
12878 1252 21402
17883 15715 17143
15715 17143 17883
17143 15715 17883
22340 1519 24757
1519 22340 24757
24757 1519 22340
26911 2056 18554
18554 2056 26911
2056 18554 26911
10360 1789 6832
6832 1789 10360
1789 6832 10360
17650 1793 12358
12358 1793 17650
1793 12358 17650
14744 2236 14077
2236 14077 14744
14077 2236 14744
28821 11712 17277
17277 11712 28821
11712 17277 28821
7908 5318 24219
5318 7908 24219
24219 5318 7908
4640 9631 10010
9631 4640 10010
10010 4640 9631
6386 3898 8098
8098 3898 6386
3898 6386 8098
16249 12042 12599
12599 12042 16249
12042 12599 16249
16191 19769 25009
25009 16191 19769
19769 16191 25009
2174 13484 18385
18385 2174 13484
13484 2174 18385
2142 17019 19398
19398 2142 17019
17019 2142 19398
15926 9017 25613
9017 15926 25613
25613 9017 15926
6363 6905 26284
6905 6363 26284
26284 6363 6905
10856 2683 19117
2683 10856 19117
19117 2683 10856
5229 3768 23428
3768 5229 23428
23428 3768 5229
10884 14134 14784
14134 10884 14784
14784 10884 14134
12337 13226 17180
17180 12337 13226
13226 12337 17180
20146 20579 21471
21471 20146 20579
20579 20146 21471
8710 10688 18250
10688 8710 18250
18250 8710 10688
11538 5096 25241
25241 5096 11538
5096 11538 25241
12159 8516 29480
8516 12159 29480
29480 8516 12159
26368 140 1892
140 1892 26368
1892 140 26368
24900 11953 13406
13406 11953 24900
11953 13406 24900
10056 11507 24417
24417 10056 11507
11507 10056 24417
13649 19850 23714
23714 13649 19850
19850 13649 23714
13626 6450 26037
26037 6450 13626
6450 13626 26037
9807 16939 18963
18963 9807 16939
16939 9807 18963
20833 6665 13485
13485 6665 20833
6665 13485 20833
22034 10249 29729
10249 22034 29729
29729 10249 22034
8205 18513 26491
18513 8205 26491
26491 8205 18513
21600 2272 20493
2272 20493 21600
20493 2272 21600
11551 7941 12139
7941 11551 12139
12139 7941 11551
20335 12880 24683
24683 12880 20335
12880 20335 24683
20956 320 6088
320 6088 20956
6088 320 20956
18263 7998 16158
16158 7998 18263
7998 16158 18263
23783 13121 29657
13121 23783 29657
29657 13121 23783
25788 10660 28907
28907 10660 25788
10660 25788 28907
26857 5821 14583
14583 5821 26857
5821 14583 26857
788 490 27516
490 788 27516
27516 490 788
13081 6632 27397
27397 6632 13081
6632 13081 27397
15591 27383 29149
27383 15591 29149
29149 15591 27383
7769 6957 13875
13875 6957 7769
6957 7769 13875
23497 15350 29501
15350 23497 29501
29501 15350 23497
13027 5844 21683
5844 13027 21683
21683 5844 13027
20509 4915 7515
4915 7515 20509
7515 4915 20509
13647 2882 17847
17847 2882 13647
2882 13647 17847
1071 7884 19929
19929 1071 7884
7884 1071 19929
12495 12288 22058
12288 12495 22058
22058 12288 12495
8416 21063 25514
21063 8416 25514
25514 8416 21063
13701 13645 23410
13645 13701 23410
23410 13645 13701
11149 3717 16201
16201 3717 11149
3717 11149 16201
19809 6164 13910
13910 6164 19809
6164 13910 19809
26306 3004 20805
20805 3004 26306
3004 20805 26306
5720 16139 24233
24233 5720 16139
16139 5720 24233
24006 4412 23575
4412 23575 24006
23575 4412 24006
29437 5409 29359
5409 29359 29437
29359 5409 29437
28933 5995 29105
29105 5995 28933
5995 28933 29105
13232 3385 13954
13954 3385 13232
3385 13232 13954
2596 19941 27945
19941 2596 27945
27945 2596 19941
786 1922 19559
1922 786 19559
19559 786 1922
2393 6850 21879
21879 2393 6850
6850 2393 21879
26419 4606 19474
4606 19474 26419
19474 4606 26419
29154 5441 17915
5441 17915 29154
17915 5441 29154
13208 4716 14316
14316 4716 13208
4716 13208 14316
765 13555 21371
21371 765 13555
