104 3 277
3 104 277
277 3 104
172 240 293
240 172 293
293 172 240
219 113 144
144 113 219
113 144 219
186 36 140
36 140 186
140 36 186
284 64 299
299 64 284
64 284 299
86 53 245
245 53 86
53 86 245
84 72 209
209 72 84
72 84 209
214 31 47
47 31 214
31 47 214
243 29 157
157 29 243
29 157 243
24 11 99
99 11 24
11 24 99
138 177 275
177 138 275
275 138 177
220 55 57
57 55 220
55 57 220
249 154 182
154 182 249
182 154 249
89 21 160
160 21 89
21 89 160
286 174 200
174 200 286
200 174 286
273 20 48
48 20 273
20 48 273
27 7 241
241 7 27
7 27 241
155 2 97
2 97 155
97 2 155
106 195 242
242 106 195
195 106 242
244 119 221
119 221 244
221 119 244
218 9 176
176 9 218
9 176 218
205 233 268
268 205 233
233 205 268
203 111 208
208 111 203
111 203 208
40 78 211
211 40 78
78 40 211
136 26 234
26 136 234
234 26 136
98 231 232
232 98 231
231 98 232
71 5 41
41 5 71
5 41 71
139 159 287
159 139 287
287 139 159
255 158 213
158 213 255
213 158 255
276 133 192
133 192 276
192 133 276
105 128 223
223 105 128
128 105 223
206 70 251
70 206 251
251 70 206
300 100 201
100 201 300
201 100 300
121 116 253
253 116 121
116 121 253
79 216 267
267 79 216
216 79 267
178 141 285
285 141 178
141 178 285
259 148 194
194 148 259
148 194 259
237 19 51
19 51 237
51 19 237
156 93 180
93 156 180
180 93 156
132 85 110
110 85 132
85 110 132
281 62 257
62 257 281
257 62 281
108 202 247
202 108 247
247 108 202
73 196 248
248 73 196
196 73 248
207 164 269
269 164 207
164 207 269
134 50 262
50 134 262
262 50 134
17 8 22
8 17 22
22 8 17
112 170 184
170 112 184
184 112 170
254 13 199
199 13 254
13 199 254
187 58 271
271 58 187
58 187 271
288 96 290
290 96 288
96 288 290
107 198 256
256 107 198
198 107 256
260 15 264
264 15 260
15 260 264
175 168 235
235 168 175
168 175 235
230 88 183
88 183 230
183 88 230
122 18 46
46 18 122
18 46 122
127 16 76
76 16 127
16 76 127
65 30 95
95 30 65
30 65 95
188 33 191
191 33 188
33 188 191
90 189 197
197 90 189
189 90 197
263 28 224
224 28 263
28 224 263
185 130 278
130 185 278
278 130 185
238 25 153
153 25 238
25 153 238
32 167 296
167 32 296
296 32 167
38 150 270
150 38 270
270 38 150
68 215 297
215 68 297
297 68 215
101 129 265
265 101 129
129 101 265
143 67 151
151 67 143
67 143 151
252 294 298
298 252 294
294 252 298
212 61 179
179 61 212
61 179 212
137 125 228
125 137 228
228 125 137
291 279 295
279 291 295
295 279 291
225 49 54
54 49 225
49 54 225
283 52 109
52 109 283
109 52 283
250 222 289
289 222 250
222 250 289
63 23 74
23 63 74
74 23 63
162 120 145
120 145 162
145 120 162
44 135 258
135 44 258
258 44 135
123 12 80
80 12 123
12 80 123
35 6 239
239 6 35
6 35 239
59 14 261
261 14 59
14 59 261
166 217 227
227 166 217
217 166 227
163 69 142
69 142 163
142 69 163
115 204 229
229 115 204
204 115 229
118 1 149
1 118 149
149 1 118
193 43 87
43 87 193
87 43 193
56 66 173
173 56 66
66 56 173
4 190 274
190 4 274
274 4 190
169 124 226
226 124 169
124 169 226
81 165 210
165 81 210
210 81 165
266 10 77
77 10 266
10 77 266
161 42 236
42 161 236
236 42 161
102 146 171
146 102 171
171 102 146
45 39 246
246 39 45
39 45 246
83 37 60
60 37 83
37 60 83
292 92 131
92 131 292
131 92 292
147 94 117
94 117 147
117 94 147
272 181 280
181 272 280
280 181 272
103 34 75
34 75 103
75 34 103
114 82 282
282 82 114
82 114 282
91 126 152
152 91 126
126 91 152
