23132 8862 9918
8862 9918 23132
9918 8862 23132
6700 450 20961
20961 450 6700
450 6700 20961
8735 7349 19219
19219 7349 8735
7349 8735 19219
3352 18651 21018
21018 3352 18651
18651 3352 21018
29014 21228 26053
21228 26053 29014
26053 21228 29014
14334 7129 16685
16685 7129 14334
7129 14334 16685
4182 9894 16169
9894 4182 16169
16169 4182 9894
15922 17348 19633
19633 15922 17348
17348 15922 19633
1164 19813 23477
23477 1164 19813
19813 1164 23477
20409 7455 18784
7455 18784 20409
18784 7455 20409
18657 3519 6610
6610 3519 18657
3519 6610 18657
5546 10475 14699
10475 5546 14699
14699 5546 10475
20633 6200 24577
6200 20633 24577
24577 6200 20633
29232 23881 29010
29010 23881 29232
23881 29010 29232
16971 16436 19612
16436 16971 19612
19612 16436 16971
1124 18444 21079
18444 1124 21079
21079 1124 18444
6123 16373 23322
23322 6123 16373
16373 6123 23322
677 4829 9684
4829 677 9684
9684 677 4829
3021 8789 15034
15034 3021 8789
8789 3021 15034
9025 3512 4178
4178 3512 9025
3512 4178 9025
14857 18363 21006
18363 14857 21006
21006 14857 18363
7186 8138 11142
8138 7186 11142
11142 7186 8138
10527 6981 15514
15514 6981 10527
6981 10527 15514
23808 7965 25665
25665 7965 23808
7965 23808 25665
24212 10147 27304
27304 10147 24212
10147 24212 27304
10778 3408 6934
6934 3408 10778
3408 6934 10778
28098 11219 23533
11219 23533 28098
23533 11219 28098
29346 9339 18768
18768 9339 29346
9339 18768 29346
25311 664 29675
29675 664 25311
664 25311 29675
1870 7362 26614
26614 1870 7362
7362 1870 26614
22809 13049 19389
13049 19389 22809
19389 13049 22809
13630 16909 21857
21857 13630 16909
16909 13630 21857
86 15007 29946
15007 86 29946
29946 86 15007
12931 19288 27256
19288 12931 27256
27256 12931 19288
255 23815 24928
23815 255 24928
24928 255 23815
2904 1553 4232
1553 2904 4232
4232 1553 2904
21641 4050 12116
12116 4050 21641
4050 12116 21641
17172 12196 22051
22051 12196 17172
12196 17172 22051
14940 6041 9057
6041 9057 14940
9057 6041 14940
27845 5977 8082
5977 8082 27845
8082 5977 27845
22478 4629 9583
9583 4629 22478
4629 9583 22478
14211 493 25977
493 14211 25977
25977 493 14211
22519 654 9717
9717 654 22519
654 9717 22519
28485 11542 25440
25440 11542 28485
11542 25440 28485
5194 1122 15924
15924 1122 5194
1122 5194 15924
27655 15576 26134
26134 15576 27655
15576 26134 27655
16321 1112 19226
1112 16321 19226
19226 1112 16321
2654 16843 21250
21250 2654 16843
16843 2654 21250
3668 246 4753
246 3668 4753
4753 246 3668
2603 13081 15023
13081 2603 15023
15023 2603 13081
28777 6670 11958
11958 6670 28777
6670 11958 28777
22958 12309 29035
29035 12309 22958
12309 22958 29035
6855 7102 26263
26263 6855 7102
7102 6855 26263
17933 5826 20921
20921 5826 17933
5826 17933 20921
14901 62 10857
62 10857 14901
10857 62 14901
8202 4987 11447
11447 4987 8202
4987 8202 11447
6455 19245 19711
19245 6455 19711
19711 6455 19245
16181 20915 27531
20915 16181 27531
27531 16181 20915
17837 20047 27735
20047 17837 27735
27735 17837 20047
16952 3295 15544
15544 3295 16952
3295 15544 16952
15864 1399 9014
9014 1399 15864
1399 9014 15864
26075 10888 26282
10888 26075 26282
26282 10888 26075
8649 405 7729
405 7729 8649
7729 405 8649
28174 8938 10756
10756 8938 28174
8938 10756 28174
4804 16531 28654
28654 4804 16531
16531 4804 28654
9200 15564 24797
15564 9200 24797
24797 9200 15564
12712 10221 27074
27074 10221 12712
10221 12712 27074
18662 4366 19306
19306 4366 18662
4366 18662 19306
28371 3724 8198
3724 8198 28371
8198 3724 28371
28594 11733 12377
11733 12377 28594
12377 11733 28594
15653 4681 20870
4681 15653 20870
20870 4681 15653
19646 1916 18136
18136 1916 19646
1916 18136 19646
23145 3974 11429
11429 3974 23145
3974 11429 23145
29811 8995 13251
8995 13251 29811
13251 8995 29811
3330 766 1232
766 1232 3330
1232 766 3330
8676 2320 14104
14104 2320 8676
2320 8676 14104
1190 8218 22621
8218 1190 22621
22621 1190 8218
21713 14844 15044
15044 14844 21713
14844 15044 21713
22656 4552 11476
4552 11476 22656
11476 4552 22656
591 1846 12223
12223 591 1846
1846 591 12223
23455 11856 14611
11856 14611 23455
14611 11856 23455
27483 20531 27085
27085 20531 27483
20531 27085 27483
22757 22758 29689
22758 22757 29689
29689 22757 22758
16013 26241 26968
26968 16013 26241
26241 16013 26968
270 10599 16054
16054 270 10599
10599 270 16054
10063 4466 21885
4466 10063 21885
21885 4466 10063
18118 2950 18290
2950 18118 18290
18290 2950 18118
24220 12987 24671
24671 12987 24220
12987 24220 24671
3854 410 20316
20316 410 3854
410 3854 20316
5894 3475 14215
3475 5894 14215
14215 3475 5894
16816 10677 29504
29504 10677 16816
10677 16816 29504
10924 17178 24825
24825 10924 17178
17178 10924 24825
21056 3870 19527
3870 19527 21056
19527 3870 21056
5483 1082 9877
9877 1082 5483
1082 5483 9877
10745 26550 28515
28515 10745 26550
26550 10745 28515
1913 12416 25466
25466 1913 12416
12416 1913 25466
25978 9092 9609
9609 9092 25978
9092 9609 25978
6799 18355 27801
18355 6799 27801
27801 6799 18355
15752 10347 20747
20747 10347 15752
10347 15752 20747
16475 18516 27896
18516 16475 27896
27896 16475 18516
1066 4817 21862
4817 1066 21862
21862 1066 4817
17366 9764 21931
21931 9764 17366
9764 17366 21931
9065 5560 20319
20319 5560 9065
5560 9065 20319
18745 10692 28773
28773 10692 18745
10692 18745 28773
29812 20317 27106
20317 27106 29812
27106 20317 29812
4191 18872 20839
20839 4191 18872
18872 4191 20839
19338 3713 4550
4550 3713 19338
3713 4550 19338
2537 5983 14243
5983 2537 14243
14243 2537 5983
18124 10656 13948
13948 10656 18124
10656 13948 18124
18270 6975 13878
13878 6975 18270
6975 13878 18270
18996 9741 28640
9741 18996 28640
28640 9741 18996
10880 5263 23025
5263 10880 23025
23025 5263 10880
5608 1102 8468
8468 1102 5608
1102 5608 8468
3381 1909 8239
1909 3381 8239
8239 1909 3381
25958 6376 11216
6376 11216 25958
11216 6376 25958
4415 18900 25646
25646 4415 18900
18900 4415 25646
3778 12495 21767
12495 3778 21767
21767 3778 12495
21345 11246 19855
11246 19855 21345
19855 11246 21345
1816 22219 22612
22612 1816 22219
22219 1816 22612
5982 16619 28929
16619 5982 28929
28929 5982 16619
3259 16484 27785
16484 3259 27785
27785 3259 16484
25422 867 27293
867 25422 27293
27293 867 25422
17540 19290 22102
22102 17540 19290
19290 17540 22102
27960 491 27990
491 27960 27990
27990 491 27960
3204 13819 24225
13819 3204 24225
24225 3204 13819
19668 2003 21355
2003 19668 21355
21355 2003 19668
26210 20236 22165
22165 20236 26210
20236 22165 26210
11527 17369 23530
23530 11527 17369
17369 11527 23530
22509 2587 2956
2956 2587 22509
2587 2956 22509
29604 511 21247
21247 511 29604
511 21247 29604
19048 1364 13408
1364 13408 19048
13408 1364 19048
20478 7938 18288
7938 18288 20478
18288 7938 20478
25211 5357 17392
5357 17392 25211
17392 5357 25211
22623 15070 15551
15551 15070 22623
15070 15551 22623
804 357 21404
357 804 21404
21404 357 804
8270 19047 28218
19047 8270 28218
28218 8270 19047
20223 21778 23265
23265 20223 21778
21778 20223 23265
3599 8600 10267
8600 3599 10267
10267 3599 8600
18160 15832 20991
15832 18160 20991
20991 15832 18160
15970 8023 25670
8023 15970 25670
25670 8023 15970
1577 14441 20443
20443 1577 14441
14441 1577 20443
21525 19935 23108
19935 21525 23108
23108 19935 21525
27820 878 16339
878 16339 27820
16339 878 27820
25939 5057 24058
24058 5057 25939
5057 24058 25939
4111 2396 11104
2396 4111 11104
11104 2396 4111
11213 759 17108
759 11213 17108
17108 759 11213
25614 4627 11582
4627 11582 25614
11582 4627 25614
21330 6159 19637
6159 19637 21330
19637 6159 21330
9880 926 28977
926 9880 28977
28977 926 9880
28989 15805 21465
21465 15805 28989
15805 21465 28989
21936 4322 6117
6117 4322 21936
4322 6117 21936
15333 4416 18188
4416 15333 18188
18188 4416 15333
22993 12921 24751
12921 22993 24751
24751 12921 22993
3219 3936 22896
22896 3219 3936
3936 3219 22896
27717 5552 29293
29293 5552 27717
5552 27717 29293
3655 16673 20771
16673 3655 20771
20771 3655 16673
13290 19983 21794
21794 13290 19983
19983 13290 21794
29151 20890 26231
20890 26231 29151
26231 20890 29151
11617 3721 19384
19384 3721 11617
3721 11617 19384
25940 8594 29062
8594 25940 29062
29062 8594 25940
26155 16636 27528
27528 16636 26155
16636 26155 27528
17052 2529 14221
14221 2529 17052
2529 14221 17052
24710 11699 14007
14007 11699 24710
11699 14007 24710
2835 446 5796
446 2835 5796
5796 446 2835
407 2802 28850
2802 407 28850
28850 407 2802
17315 5746 26380
5746 17315 26380
26380 5746 17315
5041 4836 22818
4836 5041 22818
22818 4836 5041
2032 1575 25166
25166 1575 2032
1575 2032 25166
18427 7606 21791
21791 7606 18427
7606 18427 21791
6465 22295 23598
22295 6465 23598
23598 6465 22295
23528 262 8652
8652 262 23528
262 8652 23528
9210 20312 22689
22689 9210 20312
20312 9210 22689
6698 24668 29347
24668 6698 29347
29347 6698 24668
26139 14528 20062
14528 20062 26139
20062 14528 26139
25711 11513 18179
18179 11513 25711
11513 18179 25711
11629 7589 25629
7589 11629 25629
25629 7589 11629
4348 25661 28613
28613 4348 25661
25661 4348 28613
29712 21065 25486
21065 25486 29712
25486 21065 29712
16908 8718 11879
8718 11879 16908
11879 8718 16908
25569 1576 11332
11332 1576 25569
1576 11332 25569
29019 4349 27357
27357 4349 29019
4349 27357 29019
12551 14304 28134
28134 12551 14304
14304 12551 28134
11535 12045 22227
12045 11535 22227
22227 11535 12045
29863 10232 20387
10232 20387 29863
20387 10232 29863
13151 59 21792
59 13151 21792
21792 59 13151
26176 10499 16650
10499 16650 26176
16650 10499 26176
27950 18198 24864
18198 24864 27950
24864 18198 27950
16487 3536 24003
3536 16487 24003
24003 3536 16487
3248 10531 20564
20564 3248 10531
10531 3248 20564
18109 17292 26809
26809 17292 18109
17292 18109 26809
16546 12020 18062
12020 16546 18062
18062 12020 16546
4170 16124 18599
16124 4170 18599
18599 4170 16124
10828 7940 22755
22755 7940 10828
7940 10828 22755
27546 8286 28424
28424 8286 27546
8286 27546 28424
7260 2055 25299
25299 2055 7260
2055 7260 25299
3311 20882 25824
25824 3311 20882
20882 3311 25824
27179 12194 12404
12194 12404 27179
12404 12194 27179
7721 7115 9326
7115 7721 9326
9326 7115 7721
2578 6945 19139
19139 2578 6945
6945 2578 19139
27422 3452 17591
17591 3452 27422
3452 17591 27422
3543 6976 26302
6976 3543 26302
26302 3543 6976
21398 12426 18234
12426 18234 21398
18234 12426 21398
22792 2872 12411
2872 12411 22792
12411 2872 22792
236 4377 19475
4377 236 19475
19475 236 4377
11164 13791 18852
18852 11164 13791
13791 11164 18852
14437 17764 25619
25619 14437 17764
17764 14437 25619
14868 475 16791
475 14868 16791
16791 475 14868
4576 3264 22651
22651 3264 4576
3264 4576 22651
13056 26875 28093
26875 13056 28093
28093 13056 26875
15584 6926 20715
20715 6926 15584
6926 15584 20715
19834 13238 29621
13238 19834 29621
29621 13238 19834
25793 12686 14653
14653 12686 25793
12686 14653 25793
17140 15994 25479
15994 17140 25479
25479 15994 17140
3932 19977 28874
28874 3932 19977
19977 3932 28874
20948 16629 27698
16629 20948 27698
27698 16629 20948
3210 436 16757
436 3210 16757
16757 436 3210
2029 6320 15736
6320 2029 15736
15736 2029 6320
22718 9999 28909
28909 9999 22718
9999 22718 28909
3853 11844 12016
12016 3853 11844
11844 3853 12016
4029 7964 15051
15051 4029 7964
7964 4029 15051
12329 9667 16389
9667 12329 16389
16389 9667 12329
7690 16462 24729
16462 7690 24729
24729 7690 16462
17280 1080 13960
13960 1080 17280
1080 13960 17280
13861 9345 23346
9345 13861 23346
23346 9345 13861
24619 4298 5154
5154 4298 24619
4298 5154 24619
27605 11843 21894
21894 11843 27605
11843 21894 27605
27442 15520 25154
25154 15520 27442
15520 25154 27442
29752 10825 19200
19200 10825 29752
10825 19200 29752
18141 6141 18384
18384 6141 18141
6141 18141 18384
13065 19062 20988
20988 13065 19062
19062 13065 20988
27140 2487 17981
17981 2487 27140
2487 17981 27140
11801 6430 8111
8111 6430 11801
6430 8111 11801
16491 5437 24964
5437 16491 24964
24964 5437 16491
9721 2580 9417
2580 9417 9721
9417 2580 9721
23651 18970 23584
18970 23584 23651
23584 18970 23651
15194 6306 7166
7166 6306 15194
6306 7166 15194
339 768 19511
19511 339 768
768 339 19511
28707 4514 9949
9949 4514 28707
4514 9949 28707
29287 12355 15149
15149 12355 29287
12355 15149 29287
18723 4802 7753
4802 7753 18723
7753 4802 18723
3350 10996 23548
10996 3350 23548
23548 3350 10996
16763 11893 18801
18801 11893 16763
11893 16763 18801
9361 7459 12967
12967 7459 9361
7459 9361 12967
9990 18552 22500
18552 9990 22500
22500 9990 18552
19874 18620 25198
25198 18620 19874
18620 19874 25198
22248 2819 20891
2819 20891 22248
20891 2819 22248
391 11361 15528
15528 391 11361
11361 391 15528
24048 19342 21393
19342 21393 24048
21393 19342 24048
16573 10165 10441
10441 10165 16573
10165 10441 16573
14133 8743 28624
8743 14133 28624
28624 8743 14133
3857 6424 11863
6424 3857 11863
11863 3857 6424
12671 3619 4872
3619 4872 12671
4872 3619 12671
24731 3463 9673
9673 3463 24731
3463 9673 24731
17184 9050 10291
9050 10291 17184
10291 9050 17184
24779 7719 14932
14932 7719 24779
7719 14932 24779
16601 19181 24608
19181 16601 24608
24608 16601 19181
1733 4869 28453
28453 1733 4869
4869 1733 28453
10172 7539 11098
7539 10172 11098
11098 7539 10172
1348 4277 13831
4277 1348 13831
13831 1348 4277
9998 3781 21876
3781 9998 21876
21876 3781 9998
16255 22784 26408
26408 16255 22784
22784 16255 26408
18743 9472 28722
9472 18743 28722
28722 9472 18743
9786 10973 25596
10973 9786 25596
25596 9786 10973
10387 281 28339
28339 281 10387
281 10387 28339
4563 11158 26090
26090 4563 11158
11158 4563 26090
70 5681 23760
5681 70 23760
23760 70 5681
25260 703 21000
703 21000 25260
21000 703 25260
25467 23036 23761
23761 23036 25467
23036 23761 25467
14487 2994 8868
2994 8868 14487
8868 2994 14487
15133 4895 16312
16312 4895 15133
4895 15133 16312
28931 8618 10412
10412 8618 28931
8618 10412 28931
16020 3046 18940
3046 16020 18940
18940 3046 16020
1208 11231 23005
11231 1208 23005
23005 1208 11231
5652 3614 14467
3614 5652 14467
14467 3614 5652
13758 12030 15111
15111 12030 13758
12030 13758 15111
12816 5081 19397
19397 5081 12816
5081 12816 19397
12601 10705 10998
10705 10998 12601
10998 10705 12601
13675 22749 24009
24009 13675 22749
22749 13675 24009
25606 8043 21722
8043 21722 25606
21722 8043 25606
13534 8587 24059
24059 8587 13534
8587 13534 24059
19610 4744 15555
15555 4744 19610
4744 15555 19610
29807 7210 12525
7210 12525 29807
12525 7210 29807
1845 7811 21448
21448 1845 7811
7811 1845 21448
13308 3087 16742
16742 3087 13308
3087 13308 16742
13542 2769 22360
22360 2769 13542
2769 13542 22360
24393 4165 21097
4165 21097 24393
21097 4165 24393
25202 12210 21610
21610 12210 25202
12210 21610 25202
14429 22093 28523
22093 14429 28523
28523 14429 22093
618 24238 27152
27152 618 24238
24238 618 27152
11928 14373 28273
28273 11928 14373
14373 11928 28273
7235 5331 26457
26457 5331 7235
5331 7235 26457
17471 4468 13047
13047 4468 17471
4468 13047 17471
27441 14440 24299
24299 14440 27441
14440 24299 27441
3487 3741 13699
3741 3487 13699
13699 3487 3741
3811 4841 26887
26887 3811 4841
4841 3811 26887
22002 1893 21655
21655 1893 22002
1893 21655 22002
22127 738 19844
19844 738 22127
738 19844 22127
6088 6096 23321
23321 6088 6096
6096 6088 23321
22492 8694 28597
28597 8694 22492
8694 22492 28597
7346 4879 22870
4879 7346 22870
22870 4879 7346
26154 9067 14390
9067 14390 26154
14390 9067 26154
8304 18828 29923
18828 8304 29923
29923 8304 18828
7650 2026 25233
2026 7650 25233
25233 2026 7650
16866 12542 24919
12542 16866 24919
24919 12542 16866
22944 7557 24399
7557 22944 24399
24399 7557 22944
28838 15255 17084
15255 17084 28838
17084 15255 28838
2165 24872 26644
24872 2165 26644
26644 2165 24872
28668 20057 28858
28858 20057 28668
20057 28668 28858
1963 12607 17082
17082 1963 12607
12607 1963 17082
18675 16023 22071
22071 16023 18675
16023 18675 22071
24889 3035 17949
3035 17949 24889
17949 3035 24889
24202 11079 24264
11079 24202 24264
24264 11079 24202
14891 1329 14936
14936 1329 14891
1329 14891 14936
27623 1700 20970
1700 20970 27623
20970 1700 27623
9073 2582 29450
29450 2582 9073
2582 9073 29450
24540 15758 21905
15758 21905 24540
21905 15758 24540
2384 7476 10370
7476 2384 10370
10370 2384 7476
23390 17069 17086
17086 17069 23390
17069 17086 23390
5072 12011 17324
17324 5072 12011
12011 5072 17324
8485 4855 20406
4855 8485 20406
20406 4855 8485
4426 2879 27957
27957 2879 4426
2879 4426 27957
14707 547 852
547 852 14707
852 547 14707
9967 14189 26009
26009 9967 14189
14189 9967 26009
11479 4254 18398
18398 4254 11479
4254 11479 18398
1580 7622 12553
12553 1580 7622
7622 1580 12553
2723 2265 24531
24531 2265 2723
2265 2723 24531
21471 8666 21914
8666 21471 21914
21914 8666 21471
12832 5921 14642
5921 12832 14642
14642 5921 12832
23560 6226 28518
6226 23560 28518
28518 6226 23560
13541 11594 22477
11594 13541 22477
22477 11594 13541
28952 1665 5609
1665 5609 28952
5609 1665 28952
13099 6099 23126
23126 6099 13099
6099 13099 23126
21301 1246 13277
13277 1246 21301
1246 13277 21301
29421 24901 28297
28297 24901 29421
24901 28297 29421
22134 1549 8626
1549 8626 22134
8626 1549 22134
22126 2924 26852
26852 2924 22126
2924 22126 26852
25591 13320 15134
15134 13320 25591
13320 15134 25591
11364 4478 6527
6527 4478 11364
4478 6527 11364
22083 17694 27582
17694 22083 27582
27582 17694 22083
13410 13245 22430
13245 13410 22430
22430 13245 13410
16984 9922 26400
26400 9922 16984
9922 16984 26400
522 10776 13440
10776 522 13440
13440 522 10776
3111 9536 26928
26928 3111 9536
9536 3111 26928
351 5185 10282
10282 351 5185
5185 351 10282
11657 8439 10195
10195 8439 11657
8439 10195 11657
19327 2373 4287
2373 4287 19327
4287 2373 19327
19522 10859 18445
10859 18445 19522
18445 10859 19522
24553 90 23200
23200 90 24553
90 23200 24553
5620 5289 22917
22917 5289 5620
5289 5620 22917
28522 1776 2492
1776 2492 28522
2492 1776 28522
8192 17890 24345
24345 8192 17890
17890 8192 24345
22049 2005 10317
2005 10317 22049
10317 2005 22049
23184 9045 9785
9785 9045 23184
9045 9785 23184
4669 13589 15536
15536 4669 13589
13589 4669 15536
11895 28081 29932
28081 11895 29932
29932 11895 28081
12882 883 26269
26269 883 12882
883 12882 26269
16102 19729 27068
27068 16102 19729
19729 16102 27068
2916 20451 28460
28460 2916 20451
20451 2916 28460
28219 4273 25438
4273 25438 28219
25438 4273 28219
2041 15077 26768
15077 2041 26768
26768 2041 15077
13288 87 406
87 406 13288
406 87 13288
12373 16009 21348
21348 12373 16009
16009 12373 21348
26700 12321 12828
12828 12321 26700
12321 12828 26700
8507 8573 28474
8573 8507 28474
28474 8507 8573
18777 3269 18161
18161 3269 18777
3269 18161 18777
21084 718 5838
5838 718 21084
718 5838 21084
29244 2012 19697
19697 2012 29244
2012 19697 29244
12645 335 546
335 546 12645
546 335 12645
17118 6348 9896
6348 9896 17118
9896 6348 17118
25576 14623 22590
22590 14623 25576
14623 22590 25576
3596 10693 14052
10693 3596 14052
14052 3596 10693
53 4249 7448
4249 53 7448
7448 53 4249
23937 9076 22296
22296 9076 23937
9076 22296 23937
13512 1119 23380
1119 13512 23380
23380 1119 13512
4758 1201 3028
3028 1201 4758
1201 3028 4758
27404 12173 29058
12173 27404 29058
29058 12173 27404
3518 25174 27713
27713 3518 25174
25174 3518 27713
2330 11892 28822
11892 2330 28822
28822 2330 11892
24343 8582 17387
8582 17387 24343
17387 8582 24343
42 6599 16914
6599 42 16914
16914 42 6599
16218 8250 21849
21849 8250 16218
8250 16218 21849
18573 9835 21902
21902 9835 18573
9835 18573 21902
13604 1686 16446
16446 1686 13604
1686 13604 16446
15766 27594 28312
28312 15766 27594
27594 15766 28312
1507 4849 25297
4849 1507 25297
25297 1507 4849
20256 3633 14475
3633 14475 20256
14475 3633 20256
4440 1661 10743
10743 1661 4440
1661 4440 10743
17868 8211 17123
8211 17123 17868
17123 8211 17868
3134 5471 9117
9117 3134 5471
5471 3134 9117
18125 16900 28509
28509 16900 18125
16900 18125 28509
17261 567 8088
8088 567 17261
567 8088 17261
11089 4546 27833
4546 11089 27833
27833 4546 11089
26182 13193 20835
20835 13193 26182
13193 20835 26182
23692 1539 21375
21375 1539 23692
1539 21375 23692
13560 2413 17519
2413 13560 17519
17519 2413 13560
16845 7037 12417
7037 12417 16845
12417 7037 16845
17208 10655 11883
10655 11883 17208
11883 10655 17208
28891 12471 20534
12471 20534 28891
20534 12471 28891
9889 8730 20155
8730 9889 20155
20155 8730 9889
11797 3988 22020
22020 3988 11797
3988 11797 22020
18673 7594 26924
26924 7594 18673
7594 18673 26924
21994 21069 29691
29691 21069 21994
21069 21994 29691
6757 3575 18348
18348 3575 6757
3575 6757 18348
27444 3584 29619
29619 3584 27444
3584 27444 29619
19978 1166 6241
1166 6241 19978
6241 1166 19978
23908 22603 28506
22603 23908 28506
28506 22603 23908
4988 1998 5512
1998 4988 5512
5512 1998 4988
17672 10774 11550
10774 11550 17672
11550 10774 17672
24819 17181 27411
27411 17181 24819
17181 24819 27411
25450 23314 24674
23314 24674 25450
24674 23314 25450
24146 156 16058
16058 156 24146
156 16058 24146
3657 10122 25615
10122 3657 25615
25615 3657 10122
3032 16397 27147
27147 3032 16397
16397 3032 27147
5 5472 21497
5472 5 21497
21497 5 5472
19333 1797 8910
8910 1797 19333
1797 8910 19333
11679 23940 25165
23940 11679 25165
25165 11679 23940
14922 5514 21088
21088 5514 14922
5514 14922 21088
23120 17809 22286
17809 22286 23120
22286 17809 23120
17670 13550 23499
23499 13550 17670
13550 17670 23499
4668 2519 25735
25735 2519 4668
2519 4668 25735
13907 9580 13217
9580 13217 13907
13217 9580 13907
9801 3290 20759
20759 3290 9801
3290 9801 20759
27053 5513 23722
5513 23722 27053
23722 5513 27053
2976 1554 29839
1554 2976 29839
29839 1554 2976
22299 7149 10777
7149 10777 22299
10777 7149 22299
17278 10118 14926
14926 10118 17278
10118 14926 17278
4216 7626 12699
12699 4216 7626
7626 4216 12699
20113 3906 22514
22514 3906 20113
3906 20113 22514
29486 12934 25795
12934 25795 29486
25795 12934 29486
10394 4760 20659
4760 10394 20659
20659 4760 10394
18501 1638 22684
22684 1638 18501
1638 18501 22684
29148 9382 22904
9382 22904 29148
22904 9382 29148
258 3511 12566
12566 258 3511
3511 258 12566
4060 7815 9079
9079 4060 7815
7815 4060 9079
22505 16983 22574
22574 16983 22505
16983 22505 22574
24154 24730 26559
24730 24154 26559
26559 24154 24730
28419 15505 28072
15505 28072 28419
28072 15505 28419
22137 21676 26123
21676 22137 26123
26123 21676 22137
16727 719 5329
719 5329 16727
5329 719 16727
18644 14308 19521
14308 18644 19521
19521 14308 18644
21631 66 16185
66 16185 21631
16185 66 21631
2642 19720 28121
19720 2642 28121
28121 2642 19720
7168 23773 28614
23773 7168 28614
28614 7168 23773
5708 19526 22859
22859 5708 19526
19526 5708 22859
26652 13650 15803
13650 15803 26652
15803 13650 26652
27329 17465 27004
17465 27004 27329
27004 17465 27329
19543 16653 28115
16653 19543 28115
28115 16653 19543
23075 13171 28036
28036 13171 23075
13171 23075 28036
921 4602 9921
4602 921 9921
9921 921 4602
15031 1734 23004
23004 1734 15031
1734 15031 23004
11443 2980 9637
2980 9637 11443
9637 2980 11443
24028 8171 26308
26308 8171 24028
8171 24028 26308
26089 17004 21958
17004 21958 26089
21958 17004 26089
28002 11896 26719
11896 26719 28002
26719 11896 28002
26434 12896 21650
12896 21650 26434
21650 12896 26434
26218 4412 11619
4412 11619 26218
11619 4412 26218
8493 9259 12181
9259 8493 12181
12181 8493 9259
9773 16463 20119
20119 9773 16463
16463 9773 20119
8222 7142 15175
15175 7142 8222
7142 8222 15175
15675 962 26335
26335 962 15675
962 15675 26335
11525 1895 18122
1895 11525 18122
18122 1895 11525
13281 6522 16238
6522 13281 16238
16238 6522 13281
15373 21294 23287
23287 15373 21294
21294 15373 23287
26033 2347 4771
4771 2347 26033
2347 4771 26033
6829 16341 26782
16341 6829 26782
26782 6829 16341
10835 3802 19957
19957 3802 10835
3802 10835 19957
27564 22351 25703
22351 25703 27564
25703 22351 27564
11672 369 2093
2093 369 11672
369 2093 11672
21061 14879 27130
14879 21061 27130
27130 14879 21061
27278 3893 13533
13533 3893 27278
3893 13533 27278
14272 8509 24506
24506 8509 14272
8509 14272 24506
5770 27941 29762
27941 5770 29762
29762 5770 27941
26385 6852 23624
23624 6852 26385
6852 23624 26385
21451 4115 13990
13990 4115 21451
4115 13990 21451
24926 4672 21522
21522 4672 24926
4672 21522 24926
10749 6841 13473
6841 10749 13473
13473 6841 10749
4340 12289 15371
15371 4340 12289
12289 4340 15371
8851 8135 20044
8135 8851 20044
20044 8135 8851
28940 8491 17055
17055 8491 28940
8491 17055 28940
18362 20643 21370
21370 18362 20643
20643 18362 21370
6512 18771 20216
18771 6512 20216
20216 6512 18771
26319 15241 20267
20267 15241 26319
15241 20267 26319
24053 25974 29593
25974 24053 29593
29593 24053 25974
14820 25008 28883
25008 14820 28883
28883 14820 25008
14600 23730 29901
29901 14600 23730
23730 14600 29901
29199 1299 4229
4229 1299 29199
1299 4229 29199
26368 7119 29502
29502 7119 26368
7119 26368 29502
29500 572 28943
572 28943 29500
28943 572 29500
21123 18227 27261
27261 18227 21123
18227 21123 27261
25898 9207 22245
22245 9207 25898
9207 22245 25898
1863 4526 22243
22243 1863 4526
4526 1863 22243
17080 5138 12489
12489 5138 17080
5138 12489 17080
19585 4718 20189
20189 4718 19585
4718 19585 20189
10463 1814 7599
1814 7599 10463
7599 1814 10463
3700 16164 28725
16164 3700 28725
28725 3700 16164
25840 10392 10879
10879 10392 25840
10392 10879 25840
7287 4964 14515
14515 4964 7287
4964 7287 14515
25918 21463 29312
21463 25918 29312
29312 21463 25918
4793 21598 22272
22272 4793 21598
21598 4793 22272
16456 16498 22232
16498 16456 22232
22232 16456 16498
25063 4750 12344
4750 12344 25063
12344 4750 25063
4164 22571 28465
28465 4164 22571
22571 4164 28465
22866 13976 16887
13976 16887 22866
16887 13976 22866
14947 3635 5126
3635 5126 14947
5126 3635 14947
17824 18104 20006
18104 17824 20006
20006 17824 18104
12572 10799 17256
17256 10799 12572
10799 12572 17256
10623 7847 20876
20876 7847 10623
7847 10623 20876
16762 25221 29271
29271 16762 25221
25221 16762 29271
24116 3150 23228
3150 23228 24116
23228 3150 24116
5327 3312 5775
5775 3312 5327
3312 5327 5775
5477 9729 16162
9729 5477 16162
16162 5477 9729
20416 1905 12121
12121 1905 20416
1905 12121 20416
4100 18765 29617
18765 4100 29617
29617 4100 18765
12754 15065 19611
15065 12754 19611
19611 12754 15065
3401 2382 29866
2382 3401 29866
29866 2382 3401
8616 17906 21411
17906 8616 21411
21411 8616 17906
27360 16167 23984
23984 16167 27360
16167 23984 27360
14386 14197 18043
18043 14197 14386
14197 14386 18043
16671 12994 24621
12994 16671 24621
24621 12994 16671
1696 14827 22107
22107 1696 14827
14827 1696 22107
2219 9358 27911
9358 2219 27911
27911 2219 9358
21660 10892 24514
24514 10892 21660
10892 21660 24514
29279 7923 28214
28214 7923 29279
7923 28214 29279
26430 5489 22883
5489 22883 26430
22883 5489 26430
29009 4918 14172
14172 4918 29009
4918 14172 29009
8893 13544 25819
13544 8893 25819
25819 8893 13544
29098 17073 29478
29478 17073 29098
17073 29098 29478
6533 7170 8958
7170 6533 8958
8958 6533 7170
26465 19413 21495
19413 21495 26465
21495 19413 26465
9671 8711 13379
8711 9671 13379
13379 8711 9671
29835 711 13830
711 13830 29835
13830 711 29835
13348 7394 9255
9255 7394 13348
7394 9255 13348
17864 24545 27677
27677 17864 24545
24545 17864 27677
4642 999 9806
999 4642 9806
9806 999 4642
25625 2230 13009
2230 13009 25625
13009 2230 25625
28309 365 8028
365 8028 28309
8028 365 28309
29794 14900 23862
14900 23862 29794
23862 14900 29794
22222 4058 29630
4058 22222 29630
29630 4058 22222
7767 21110 22480
21110 7767 22480
22480 7767 21110
19368 8066 12453
12453 8066 19368
8066 12453 19368
15113 6338 14888
14888 6338 15113
6338 14888 15113
14473 714 13206
13206 714 14473
714 13206 14473
24017 21771 27052
21771 24017 27052
27052 21771 24017
2420 3532 15484
15484 2420 3532
3532 2420 15484
12516 20372 21126
21126 12516 20372
20372 12516 21126
4487 7605 9285
7605 4487 9285
9285 4487 7605
26565 17997 20255
20255 17997 26565
17997 20255 26565
20585 16407 24852
16407 20585 24852
24852 16407 20585
25059 4455 29426
29426 4455 25059
4455 25059 29426
27489 15788 20879
15788 20879 27489
20879 15788 27489
6742 6652 12506
12506 6652 6742
6652 6742 12506
12748 2703 5683
5683 2703 12748
2703 5683 12748
15066 5479 29535
29535 5479 15066
5479 15066 29535
314 4467 25034
25034 314 4467
4467 314 25034
22880 501 12085
501 12085 22880
12085 501 22880
20833 3808 22026
22026 3808 20833
3808 20833 22026
29906 2839 10098
2839 10098 29906
10098 2839 29906
13098 7278 15284
15284 7278 13098
7278 13098 15284
12454 3800 21743
21743 3800 12454
3800 12454 21743
17683 4643 20003
4643 17683 20003
20003 4643 17683
20842 6843 19583
19583 6843 20842
6843 19583 20842
22664 5980 17476
5980 17476 22664
17476 5980 22664
14665 15417 20884
15417 14665 20884
20884 14665 15417
5447 16525 17927
17927 5447 16525
16525 5447 17927
11064 22301 24293
24293 11064 22301
22301 11064 24293
14132 1479 16053
16053 1479 14132
1479 14132 16053
23421 18204 19145
18204 19145 23421
19145 18204 23421
4123 15513 18435
15513 4123 18435
18435 4123 15513
13969 10630 21377
10630 13969 21377
21377 10630 13969
18146 8727 23469
23469 8727 18146
8727 18146 23469
22980 20257 25887
20257 22980 25887
25887 20257 22980
14111 19971 22354
22354 14111 19971
19971 14111 22354
24246 8734 24448
8734 24246 24448
24448 8734 24246
4592 6220 23081
23081 4592 6220
6220 4592 23081
8960 14029 16719
16719 8960 14029
14029 8960 16719
6081 3074 17018
3074 6081 17018
17018 3074 6081
2334 8438 18716
18716 2334 8438
8438 2334 18716
26851 7290 26162
7290 26162 26851
26162 7290 26851
28239 15045 22496
22496 15045 28239
15045 22496 28239
29299 1075 3250
3250 1075 29299
1075 3250 29299
21043 3216 27807
27807 3216 21043
3216 21043 27807
12928 8449 25567
8449 12928 25567
25567 8449 12928
12571 14120 22201
22201 12571 14120
14120 12571 22201
14264 5213 24752
24752 5213 14264
5213 14264 24752
20750 8962 13711
8962 13711 20750
13711 8962 20750
12508 412 12359
412 12359 12508
12359 412 12508
29817 5610 6741
6741 5610 29817
5610 6741 29817
3670 25089 26153
26153 3670 25089
25089 3670 26153
10536 5211 12368
5211 10536 12368
12368 5211 10536
23445 2732 14479
14479 2732 23445
2732 14479 23445
29082 6418 8433
6418 8433 29082
8433 6418 29082
12017 8391 10676
10676 8391 12017
8391 10676 12017
20471 6362 8191
8191 6362 20471
6362 8191 20471
29252 4641 28238
4641 28238 29252
28238 4641 29252
25308 19570 22456
19570 22456 25308
22456 19570 25308
5230 757 16398
757 5230 16398
16398 757 5230
19679 10029 20628
10029 19679 20628
20628 10029 19679
21777 14987 24655
24655 14987 21777
14987 21777 24655
12534 5166 28282
5166 12534 28282
28282 5166 12534
4888 11292 17808
17808 4888 11292
11292 4888 17808
21416 6789 24826
6789 21416 24826
24826 6789 21416
1053 15502 15936
15502 1053 15936
15936 1053 15502
4374 89 3333
89 3333 4374
3333 89 4374
11412 4820 5348
5348 4820 11412
4820 5348 11412
12799 20973 27011
27011 12799 20973
20973 12799 27011
1449 615 10503
615 1449 10503
10503 615 1449
17634 12947 15786
15786 12947 17634
12947 15786 17634
13788 12400 22439
12400 13788 22439
22439 12400 13788
12756 17495 27774
17495 12756 27774
27774 12756 17495
13529 3566 12147
3566 12147 13529
12147 3566 13529
16048 16004 18514
18514 16004 16048
16004 16048 18514
16226 9728 16990
9728 16226 16990
16990 9728 16226
28444 13023 28576
13023 28444 28576
28576 13023 28444
24643 15552 22112
22112 15552 24643
15552 22112 24643
22178 18994 24041
24041 18994 22178
18994 22178 24041
9621 16022 22802
16022 9621 22802
22802 9621 16022
10593 8341 21557
8341 10593 21557
21557 8341 10593
25610 294 20205
20205 294 25610
294 20205 25610
4206 24082 27214
24082 4206 27214
27214 4206 24082
5500 16362 19242
19242 5500 16362
16362 5500 19242
28979 11678 22333
11678 22333 28979
22333 11678 28979
26874 1996 3369
3369 1996 26874
1996 3369 26874
17269 8027 8889
8027 8889 17269
8889 8027 17269
5020 420 22751
420 5020 22751
22751 420 5020
18164 5732 13327
5732 13327 18164
13327 5732 18164
28438 21784 28745
21784 28438 28745
28745 21784 28438
10837 537 10149
537 10149 10837
10149 537 10837
29605 3163 16064
3163 16064 29605
16064 3163 29605
14650 8772 13631
13631 8772 14650
8772 13631 14650
15696 4659 7309
4659 7309 15696
7309 4659 15696
25605 12594 20501
20501 12594 25605
12594 20501 25605
14612 2877 3430
3430 2877 14612
2877 3430 14612
14801 10305 23901
23901 10305 14801
10305 14801 23901
18788 7122 10710
7122 10710 18788
10710 7122 18788
1741 11105 27341
11105 1741 27341
27341 1741 11105
8155 17442 25394
17442 8155 25394
25394 8155 17442
1093 2811 14345
14345 1093 2811
2811 1093 14345
20989 7431 14495
14495 7431 20989
7431 14495 20989
13799 4371 18448
18448 4371 13799
4371 13799 18448
20784 3542 26379
3542 20784 26379
26379 3542 20784
24113 25557 28161
25557 24113 28161
28161 24113 25557
17605 9195 20122
20122 9195 17605
9195 17605 20122
16682 9473 22928
22928 9473 16682
9473 16682 22928
29247 13638 20396
13638 20396 29247
20396 13638 29247
20644 8902 22063
8902 20644 22063
22063 8902 20644
2257 19087 20037
19087 2257 20037
20037 2257 19087
5743 16166 26803
26803 5743 16166
16166 5743 26803
8988 964 26250
964 8988 26250
26250 964 8988
13653 981 27718
27718 981 13653
981 13653 27718
10039 1568 3849
3849 1568 10039
1568 3849 10039
22824 2558 26694
26694 2558 22824
2558 22824 26694
29871 13933 17675
17675 13933 29871
13933 17675 29871
3252 10867 27853
10867 3252 27853
27853 3252 10867
16455 75 24190
24190 75 16455
75 16455 24190
28227 8955 19388
19388 8955 28227
8955 19388 28227
7813 23297 25006
23297 7813 25006
25006 7813 23297
28005 5158 7464
7464 5158 28005
5158 7464 28005
20516 27183 27740
27740 20516 27183
27183 20516 27740
1765 1842 23721
1842 1765 23721
23721 1765 1842
18702 15896 21037
21037 15896 18702
15896 18702 21037
12995 24132 28447
28447 12995 24132
24132 12995 28447
16697 25270 25291
25291 16697 25270
25270 16697 25291
3921 3996 9936
3996 3921 9936
9936 3921 3996
22852 7354 21134
21134 7354 22852
7354 21134 22852
13176 3499 29175
29175 3499 13176
3499 13176 29175
830 3036 24605
3036 830 24605
24605 830 3036
25724 5360 16615
16615 5360 25724
5360 16615 25724
11195 1061 20273
20273 1061 11195
1061 11195 20273
6514 14982 15968
14982 6514 15968
15968 6514 14982
13662 8233 26323
8233 13662 26323
26323 8233 13662
11266 15856 16588
16588 11266 15856
15856 11266 16588
26194 6705 27213
27213 6705 26194
6705 26194 27213
22578 12876 29512
29512 12876 22578
12876 22578 29512
11297 20822 28213
28213 11297 20822
20822 11297 28213
22118 17534 21829
17534 21829 22118
21829 17534 22118
29224 19721 29084
19721 29084 29224
29084 19721 29224
13962 25935 27352
25935 13962 27352
27352 13962 25935
19077 20968 28925
20968 19077 28925
28925 19077 20968
29548 7388 12561
12561 7388 29548
7388 12561 29548
28420 20218 21026
20218 21026 28420
21026 20218 28420
6489 1562 8371
8371 1562 6489
1562 6489 8371
11068 2200 23326
2200 11068 23326
23326 2200 11068
2116 13184 29180
13184 2116 29180
29180 2116 13184
6450 3164 12310
12310 3164 6450
3164 6450 12310
6927 1018 18194
18194 1018 6927
1018 6927 18194
8291 9132 19967
9132 8291 19967
19967 8291 9132
16637 4198 9309
4198 9309 16637
9309 4198 16637
27579 19764 22173
19764 22173 27579
22173 19764 27579
3373 5961 13332
5961 3373 13332
13332 3373 5961
2965 4157 10123
4157 2965 10123
10123 2965 4157
24089 14505 24880
24880 14505 24089
14505 24089 24880
18574 892 9797
892 9797 18574
9797 892 18574
970 1023 1211
1023 970 1211
1211 970 1023
12269 4823 15343
4823 12269 15343
15343 4823 12269
28676 1059 28763
28763 1059 28676
1059 28676 28763
4112 9009 11686
11686 4112 9009
9009 4112 11686
21801 10176 18668
10176 18668 21801
18668 10176 21801
12246 1649 18494
1649 12246 18494
18494 1649 12246
13833 6602 7395
6602 7395 13833
7395 6602 13833
1391 12236 14369
12236 1391 14369
14369 1391 12236
507 17103 29189
29189 507 17103
17103 507 29189
2544 898 2062
898 2062 2544
2062 898 2544
9695 395 17120
395 9695 17120
17120 395 9695
9898 430 7066
430 7066 9898
7066 430 9898
15715 10230 19391
19391 10230 15715
10230 15715 19391
2053 13053 16725
16725 2053 13053
13053 2053 16725
12564 24410 24935
24410 12564 24935
24935 12564 24410
16944 2014 10314
10314 2014 16944
2014 10314 16944
4049 19330 21913
21913 4049 19330
19330 4049 21913
11578 14439 27676
14439 11578 27676
27676 11578 14439
15974 7327 8219
7327 8219 15974
8219 7327 15974
4693 10313 16647
10313 4693 16647
16647 4693 10313
11683 8412 18854
18854 8412 11683
8412 11683 18854
25843 23689 23998
23998 23689 25843
23689 23998 25843
7761 2077 4088
4088 2077 7761
2077 4088 7761
23344 291 20752
20752 291 23344
291 20752 23344
27669 570 782
782 570 27669
570 782 27669
8984 6767 26301
6767 8984 26301
26301 6767 8984
12434 19285 23312
19285 12434 23312
23312 12434 19285
715 21507 25640
25640 715 21507
21507 715 25640
12893 17054 17621
17054 12893 17621
17621 12893 17054
16429 9616 29460
9616 16429 29460
29460 9616 16429
1016 1363 13680
1363 1016 13680
13680 1016 1363
28754 4737 26980
26980 4737 28754
4737 26980 28754
28348 8131 9600
8131 9600 28348
9600 8131 28348
14393 9633 24555
9633 14393 24555
24555 9633 14393
6734 1318 25728
25728 1318 6734
1318 6734 25728
17650 4197 29801
29801 4197 17650
4197 17650 29801
27633 7033 25515
7033 25515 27633
25515 7033 27633
5946 5941 13164
13164 5941 5946
5941 5946 13164
7634 4620 25046
4620 7634 25046
25046 4620 7634
9850 7339 20642
7339 9850 20642
20642 7339 9850
16258 836 16173
836 16173 16258
16173 836 16258
21244 34 14404
34 14404 21244
14404 34 21244
23226 15807 24524
15807 23226 24524
24524 15807 23226
17384 19138 22089
19138 17384 22089
22089 17384 19138
9168 2858 4084
4084 2858 9168
2858 4084 9168
18526 17457 25548
25548 17457 18526
17457 18526 25548
11481 10591 25415
25415 10591 11481
10591 11481 25415
9296 1978 6818
6818 1978 9296
1978 6818 9296
4653 6416 19134
19134 4653 6416
6416 4653 19134
29164 18172 23150
18172 23150 29164
23150 18172 29164
17244 8463 29765
8463 17244 29765
29765 8463 17244
18211 7785 15101
15101 7785 18211
7785 15101 18211
21259 10794 27584
10794 21259 27584
27584 10794 21259
26452 10493 27254
10493 26452 27254
27254 10493 26452
28069 8127 24473
24473 8127 28069
8127 24473 28069
11066 25294 27045
27045 11066 25294
25294 11066 27045
6230 13289 23385
23385 6230 13289
13289 6230 23385
7019 629 7608
629 7019 7608
7608 629 7019
28171 6877 14847
6877 14847 28171
14847 6877 28171
17502 15226 28328
28328 15226 17502
15226 17502 28328
573 341 16960
341 573 16960
16960 341 573
13323 20168 21892
21892 13323 20168
20168 13323 21892
7407 2133 18276
2133 7407 18276
18276 2133 7407
19227 2253 11487
2253 11487 19227
11487 2253 19227
3425 5362 6601
5362 3425 6601
6601 3425 5362
6951 22879 28455
22879 6951 28455
28455 6951 22879
23818 6622 7305
6622 7305 23818
7305 6622 23818
18894 20388 21445
20388 18894 21445
21445 18894 20388
26396 11042 16297
11042 16297 26396
16297 11042 26396
22861 6221 29158
6221 22861 29158
29158 6221 22861
26052 16806 17259
17259 16806 26052
16806 17259 26052
16402 14909 29276
14909 16402 29276
29276 14909 16402
10688 6728 14724
14724 6728 10688
6728 10688 14724
28044 3820 21182
21182 3820 28044
3820 21182 28044
19783 12060 19161
19161 12060 19783
12060 19161 19783
19066 9871 22225
9871 19066 22225
22225 9871 19066
7253 10896 17971
10896 7253 17971
17971 7253 10896
4939 6532 26796
6532 4939 26796
26796 4939 6532
8075 15043 16228
15043 8075 16228
16228 8075 15043
9235 27126 27538
27538 9235 27126
27126 9235 27538
10111 778 9939
778 9939 10111
9939 778 10111
28665 7838 26031
7838 26031 28665
26031 7838 28665
12887 1929 10497
10497 1929 12887
1929 10497 12887
13377 4828 7277
4828 7277 13377
7277 4828 13377
24649 5716 12590
12590 5716 24649
5716 12590 24649
3484 16304 20860
20860 3484 16304
16304 3484 20860
18594 11320 25398
25398 11320 18594
11320 18594 25398
15512 22947 25702
25702 15512 22947
22947 15512 25702
10043 20366 22409
20366 10043 22409
22409 10043 20366
16488 13537 18170
18170 13537 16488
13537 16488 18170
9398 11537 16391
11537 9398 16391
16391 9398 11537
7951 12441 12493
12493 7951 12441
12441 7951 12493
14991 6447 18906
18906 6447 14991
6447 14991 18906
22849 14929 22076
22076 14929 22849
14929 22076 22849
9816 2899 10296
2899 9816 10296
10296 2899 9816
1803 113 1512
1512 113 1803
113 1512 1803
17581 813 26080
813 17581 26080
26080 813 17581
20350 611 25275
25275 611 20350
611 20350 25275
18409 4219 16422
4219 16422 18409
16422 4219 18409
7424 19456 21638
