12497 3055 10782
10782 3055 12497
3055 10782 12497
28548 3230 4079
3230 4079 28548
4079 3230 28548
8767 7468 17406
7468 8767 17406
17406 7468 8767
14895 1943 9505
1943 9505 14895
9505 1943 14895
19900 25961 29835
29835 19900 25961
25961 19900 29835
7620 17440 23125
17440 7620 23125
23125 7620 17440
8738 14612 20793
20793 8738 14612
14612 8738 20793
22173 14905 22469
14905 22173 22469
22469 14905 22173
21292 9579 11991
9579 11991 21292
11991 9579 21292
15659 12697 29066
29066 12697 15659
12697 15659 29066
222 9613 22312
9613 222 22312
22312 222 9613
20366 2106 29201
2106 20366 29201
29201 2106 20366
26196 24887 29972
24887 26196 29972
29972 24887 26196
13540 14691 19139
14691 13540 19139
19139 13540 14691
7559 17135 23394
17135 7559 23394
23394 7559 17135
28704 7396 19183
19183 7396 28704
7396 19183 28704
24780 14580 26040
26040 14580 24780
14580 24780 26040
28192 4496 24041
24041 4496 28192
4496 24041 28192
6127 1245 3704
1245 3704 6127
3704 1245 6127
9078 20997 21659
21659 9078 20997
20997 9078 21659
393 10478 18194
10478 393 18194
18194 393 10478
21914 2551 12941
2551 12941 21914
12941 2551 21914
24776 10133 12671
10133 12671 24776
12671 10133 24776
10542 752 4062
4062 752 10542
752 4062 10542
6818 1386 18175
1386 6818 18175
18175 1386 6818
27528 4176 11095
11095 4176 27528
4176 11095 27528
22947 425 21339
425 21339 22947
21339 425 22947
28823 1680 19088
19088 1680 28823
1680 19088 28823
3794 22489 28091
22489 3794 28091
28091 3794 22489
18602 26257 27950
26257 18602 27950
27950 18602 26257
19054 21405 23337
21405 19054 23337
23337 19054 21405
5850 8412 12630
8412 5850 12630
12630 5850 8412
4686 10576 12572
12572 4686 10576
10576 4686 12572
14556 445 28167
28167 445 14556
445 14556 28167
11484 7245 9328
7245 9328 11484
9328 7245 11484
27164 13613 26966
26966 13613 27164
13613 26966 27164
9990 3053 8484
8484 3053 9990
3053 8484 9990
7314 26623 28993
26623 7314 28993
28993 7314 26623
1473 26332 27372
26332 1473 27372
27372 1473 26332
10308 13346 24975
13346 10308 24975
24975 10308 13346
16894 5299 6145
6145 5299 16894
5299 6145 16894
20382 14277 26156
26156 14277 20382
14277 20382 26156
2196 541 16151
16151 541 2196
541 2196 16151
14727 18051 18621
18621 14727 18051
18051 14727 18621
29591 3679 21091
3679 21091 29591
21091 3679 29591
29547 17371 22146
22146 17371 29547
17371 22146 29547
9040 1468 12752
1468 9040 12752
12752 1468 9040
14883 14754 25029
14754 14883 25029
25029 14754 14883
28362 3896 6506
3896 6506 28362
6506 3896 28362
2845 5108 7293
7293 2845 5108
5108 2845 7293
18172 8948 27719
27719 8948 18172
8948 18172 27719
24995 9860 18273
9860 18273 24995
18273 9860 24995
11245 2258 9970
9970 2258 11245
2258 9970 11245
12979 1887 3495
3495 1887 12979
1887 3495 12979
10808 15129 19301
15129 10808 19301
19301 10808 15129
13017 6270 6517
6270 6517 13017
6517 6270 13017
8446 7477 20435
20435 7477 8446
7477 8446 20435
5272 4314 7073
4314 5272 7073
7073 4314 5272
17279 7935 25668
25668 7935 17279
7935 17279 25668
23235 780 25920
780 23235 25920
25920 780 23235
29173 20109 24081
24081 20109 29173
20109 24081 29173
13333 12118 17444
12118 13333 17444
17444 12118 13333
1340 13954 16899
13954 1340 16899
16899 1340 13954
28964 16621 25805
25805 16621 28964
16621 25805 28964
7936 18235 24335
18235 7936 24335
24335 7936 18235
22865 2930 12334
2930 12334 22865
12334 2930 22865
8249 6146 27358
27358 6146 8249
6146 8249 27358
25770 21313 23803
23803 21313 25770
21313 23803 25770
22560 6240 7020
6240 7020 22560
7020 6240 22560
6981 982 1490
982 1490 6981
1490 982 6981
17395 17596 20765
17596 17395 20765
20765 17395 17596
22744 3548 21709
3548 21709 22744
21709 3548 22744
12756 22456 26128
26128 12756 22456
22456 12756 26128
12153 23817 26967
23817 12153 26967
26967 12153 23817
27258 20205 21592
20205 21592 27258
21592 20205 27258
29006 9912 25814
25814 9912 29006
9912 25814 29006
14069 15093 18618
15093 14069 18618
18618 14069 15093
28311 16484 19650
16484 19650 28311
19650 16484 28311
5138 57 28123
28123 57 5138
57 5138 28123
16309 15978 22856
15978 16309 22856
22856 15978 16309
16924 15698 22263
15698 16924 22263
22263 15698 16924
2887 1480 14859
14859 1480 2887
1480 2887 14859
5867 5273 8171
8171 5273 5867
5273 5867 8171
21240 13103 21966
21966 13103 21240
13103 21240 21966
24753 7602 13364
7602 13364 24753
13364 7602 24753
28649 17352 24096
17352 24096 28649
24096 17352 28649
2260 5741 22746
22746 2260 5741
5741 2260 22746
19090 803 19714
19714 803 19090
803 19090 19714
27053 14075 22443
14075 22443 27053
22443 14075 27053
419 8843 20075
20075 419 8843
8843 419 20075
7702 3084 21926
3084 7702 21926
21926 3084 7702
29013 17599 23684
23684 17599 29013
17599 23684 29013
13704 18958 24157
18958 13704 24157
24157 13704 18958
1574 14237 25963
14237 1574 25963
25963 1574 14237
21444 13200 26184
13200 21444 26184
26184 13200 21444
967 1947 4370
1947 967 4370
4370 967 1947
23026 5831 9619
9619 5831 23026
5831 9619 23026
13253 6482 12626
12626 6482 13253
6482 12626 13253
8565 9255 28440
9255 8565 28440
28440 8565 9255
28624 19068 27836
27836 19068 28624
19068 27836 28624
12074 1432 19463
1432 12074 19463
19463 1432 12074
17192 3277 18601
18601 3277 17192
3277 17192 18601
14311 22820 23928
23928 14311 22820
22820 14311 23928
6654 10594 24147
10594 6654 24147
24147 6654 10594
13644 4184 28103
4184 13644 28103
28103 4184 13644
12076 16803 28979
16803 12076 28979
28979 12076 16803
8660 3060 25315
3060 8660 25315
25315 3060 8660
23528 21951 27272
21951 23528 27272
27272 21951 23528
28049 49 4918
49 4918 28049
4918 49 28049
2958 9725 21789
9725 2958 21789
21789 2958 9725
9068 1640 17008
17008 1640 9068
1640 9068 17008
24191 757 9301
9301 757 24191
757 9301 24191
1933 8899 17255
8899 1933 17255
17255 1933 8899
25415 6779 24208
24208 6779 25415
6779 24208 25415
29914 10952 24981
24981 10952 29914
10952 24981 29914
9364 9867 14696
14696 9364 9867
9867 9364 14696
16764 3263 12440
3263 12440 16764
12440 3263 16764
29577 3075 7060
7060 3075 29577
3075 7060 29577
24030 356 9035
356 9035 24030
9035 356 24030
14065 8742 10046
10046 8742 14065
8742 10046 14065
23527 8925 18084
18084 8925 23527
8925 18084 23527
1661 8801 21335
21335 1661 8801
8801 1661 21335
16189 17835 19381
17835 16189 19381
19381 16189 17835
1124 21401 22954
21401 1124 22954
22954 1124 21401
12013 4119 20806
4119 12013 20806
20806 4119 12013
6282 132 25923
132 6282 25923
25923 132 6282
2268 691 26175
691 2268 26175
26175 691 2268
19328 14966 15981
15981 14966 19328
14966 15981 19328
24185 8511 17098
8511 17098 24185
17098 8511 24185
17579 1176 5671
1176 5671 17579
5671 1176 17579
10110 5310 27006
5310 10110 27006
27006 5310 10110
27522 9687 25051
25051 9687 27522
9687 25051 27522
21899 589 16096
589 16096 21899
16096 589 21899
14276 6257 11147
11147 6257 14276
6257 11147 14276
5087 14505 21699
21699 5087 14505
14505 5087 21699
21028 2612 5604
2612 5604 21028
5604 2612 21028
5475 8464 28178
8464 5475 28178
28178 5475 8464
27634 6511 10397
10397 6511 27634
6511 10397 27634
10051 555 10625
10625 555 10051
555 10051 10625
13305 3975 6427
6427 3975 13305
3975 6427 13305
27824 2528 3433
2528 3433 27824
3433 2528 27824
21874 11044 28749
11044 21874 28749
28749 11044 21874
1040 14741 28762
28762 1040 14741
14741 1040 28762
2466 732 19590
732 2466 19590
19590 732 2466
12089 15790 19293
19293 12089 15790
15790 12089 19293
26221 23796 29860
23796 26221 29860
29860 23796 26221
4885 3884 28975
28975 3884 4885
3884 4885 28975
29476 2116 18594
18594 2116 29476
2116 18594 29476
956 7925 12485
12485 956 7925
7925 956 12485
22060 7241 24200
7241 22060 24200
24200 7241 22060
25201 12643 29917
29917 12643 25201
12643 25201 29917
18157 6562 10085
6562 10085 18157
10085 6562 18157
5719 12891 14642
14642 5719 12891
12891 5719 14642
17143 4740 4999
4740 4999 17143
4999 4740 17143
24357 2211 14915
14915 2211 24357
2211 14915 24357
28459 398 2037
2037 398 28459
398 2037 28459
12170 5961 12829
5961 12170 12829
12829 5961 12170
13040 3187 16643
3187 13040 16643
16643 3187 13040
16 19479 29840
29840 16 19479
19479 16 29840
18675 12371 23157
23157 12371 18675
12371 18675 23157
1652 6769 26713
26713 1652 6769
6769 1652 26713
22991 7951 24740
24740 7951 22991
7951 22991 24740
20754 7394 20318
20318 7394 20754
7394 20318 20754
8707 6674 29925
6674 8707 29925
29925 6674 8707
10728 25915 25948
25915 10728 25948
25948 10728 25915
19203 22924 23045
23045 19203 22924
22924 19203 23045
4801 1369 5851
1369 4801 5851
5851 1369 4801
25534 6910 10826
10826 6910 25534
6910 10826 25534
1916 13064 29503
13064 1916 29503
29503 1916 13064
22574 13932 25610
13932 22574 25610
25610 13932 22574
3507 5834 9312
5834 3507 9312
9312 3507 5834
28615 12058 28001
12058 28001 28615
28001 12058 28615
24282 10342 19511
19511 10342 24282
10342 19511 24282
5321 5918 7456
7456 5321 5918
5918 5321 7456
5903 17846 20737
20737 5903 17846
17846 5903 20737
25523 7623 26096
7623 25523 26096
26096 7623 25523
1527 16934 28767
16934 1527 28767
28767 1527 16934
26921 17955 20516
17955 20516 26921
20516 17955 26921
23488 21582 26292
26292 21582 23488
21582 23488 26292
4769 14239 22332
14239 4769 22332
22332 4769 14239
29388 3643 13472
3643 13472 29388
13472 3643 29388
25843 18511 21884
18511 21884 25843
21884 18511 25843
17864 12040 21393
12040 17864 21393
21393 12040 17864
15015 1172 11981
1172 11981 15015
11981 1172 15015
4465 3179 21725
3179 4465 21725
21725 3179 4465
23092 22676 22736
22736 22676 23092
22676 22736 23092
24038 12473 13419
13419 12473 24038
12473 13419 24038
10723 1520 18145
18145 1520 10723
1520 10723 18145
2474 1717 21925
21925 1717 2474
1717 2474 21925
4229 9686 24724
24724 4229 9686
9686 4229 24724
4335 5662 19716
19716 4335 5662
5662 4335 19716
22140 2712 12272
12272 2712 22140
2712 12272 22140
1803 1660 1861
1861 1660 1803
1660 1803 1861
29522 17303 21047
21047 17303 29522
17303 21047 29522
175 6102 15134
6102 175 15134
15134 175 6102
8607 23905 28900
23905 8607 28900
28900 8607 23905
14500 7999 29780
29780 7999 14500
7999 14500 29780
28885 21201 26137
26137 21201 28885
21201 26137 28885
2504 14697 26750
26750 2504 14697
14697 2504 26750
10062 15485 17274
17274 10062 15485
15485 10062 17274
4583 10813 29120
29120 4583 10813
10813 4583 29120
9408 8326 29379
29379 8326 9408
8326 9408 29379
5249 2025 25957
25957 2025 5249
2025 5249 25957
14410 15189 22779
22779 14410 15189
15189 14410 22779
20042 551 22286
22286 551 20042
551 20042 22286
5025 8579 25111
8579 5025 25111
25111 5025 8579
1291 25236 28337
28337 1291 25236
25236 1291 28337
21556 4283 9399
9399 4283 21556
4283 9399 21556
8807 316 20698
316 8807 20698
20698 316 8807
26131 4205 24237
4205 24237 26131
24237 4205 26131
18512 11234 29322
11234 18512 29322
29322 11234 18512
8308 6855 7141
7141 6855 8308
6855 7141 8308
14190 14657 28748
28748 14190 14657
14657 14190 28748
19206 11615 26309
26309 11615 19206
11615 19206 26309
21738 5910 7571
7571 5910 21738
5910 7571 21738
9745 15021 24067
15021 9745 24067
24067 9745 15021
2510 12732 17376
12732 2510 17376
17376 2510 12732
25246 17586 22739
22739 17586 25246
17586 22739 25246
27262 25847 26774
26774 25847 27262
25847 26774 27262
3863 17920 18812
18812 3863 17920
17920 3863 18812
23913 6605 20882
6605 20882 23913
20882 6605 23913
1926 13083 18079
13083 1926 18079
18079 1926 13083
7720 12419 26898
12419 7720 26898
26898 7720 12419
20079 599 26162
26162 599 20079
599 20079 26162
29323 18465 20875
18465 20875 29323
20875 18465 29323
24959 21603 24226
24226 21603 24959
21603 24226 24959
16972 24971 29555
29555 16972 24971
24971 16972 29555
25547 11985 28359
11985 25547 28359
28359 11985 25547
13294 13776 23259
13776 13294 23259
23259 13294 13776
28298 7266 18473
7266 18473 28298
18473 7266 28298
382 6783 18986
18986 382 6783
6783 382 18986
25027 180 7581
180 7581 25027
7581 180 25027
2138 13420 15049
13420 2138 15049
15049 2138 13420
5050 5085 28179
5085 5050 28179
28179 5050 5085
2514 13646 18101
13646 2514 18101
18101 2514 13646
21246 3477 18892
18892 3477 21246
3477 18892 21246
21396 1194 11541
1194 11541 21396
11541 1194 21396
1000 14290 24835
24835 1000 14290
14290 1000 24835
27391 8173 26218
26218 8173 27391
8173 26218 27391
11388 14590 14994
14590 11388 14994
14994 11388 14590
14004 11486 25711
25711 11486 14004
11486 14004 25711
13100 19053 20066
19053 13100 20066
20066 13100 19053
21092 4419 21507
21507 4419 21092
4419 21092 21507
15996 3046 18967
3046 15996 18967
18967 3046 15996
24760 11686 15022
11686 15022 24760
15022 11686 24760
18868 4753 20588
20588 4753 18868
4753 18868 20588
15826 1167 29580
1167 15826 29580
29580 1167 15826
17691 1489 12460
12460 1489 17691
1489 12460 17691
26434 1850 20267
1850 20267 26434
20267 1850 26434
22471 17456 21751
21751 17456 22471
17456 21751 22471
16788 5270 19733
5270 16788 19733
19733 5270 16788
15721 116 3922
116 3922 15721
3922 116 15721
2559 5730 29404
29404 2559 5730
5730 2559 29404
24749 7320 26347
7320 24749 26347
26347 7320 24749
9441 5449 21784
5449 9441 21784
21784 5449 9441
24493 7003 25255
7003 24493 25255
25255 7003 24493
18184 5622 29544
5622 18184 29544
29544 5622 18184
4253 6050 11780
11780 4253 6050
6050 4253 11780
19694 1380 27452
27452 1380 19694
1380 19694 27452
22837 7926 18953
18953 7926 22837
7926 18953 22837
22996 2145 24809
24809 2145 22996
2145 22996 24809
7085 367 12275
367 7085 12275
12275 367 7085
18589 9176 11599
9176 11599 18589
11599 9176 18589
3102 11870 16757
16757 3102 11870
11870 3102 16757
27808 4657 6797
4657 6797 27808
6797 4657 27808
22807 2761 7013
2761 7013 22807
7013 2761 22807
7261 8489 20467
20467 7261 8489
8489 7261 20467
14764 14387 22679
14387 14764 22679
22679 14387 14764
22070 2582 5460
2582 5460 22070
5460 2582 22070
18818 4575 14952
14952 4575 18818
4575 14952 18818
21869 13780 24414
24414 13780 21869
13780 21869 24414
4712 10165 14519
10165 4712 14519
14519 4712 10165
9282 8250 23178
23178 8250 9282
8250 9282 23178
6644 1802 17502
17502 1802 6644
1802 6644 17502
2625 14406 26315
14406 2625 26315
26315 2625 14406
11248 5170 27702
5170 11248 27702
27702 5170 11248
4081 6378 17280
17280 4081 6378
6378 4081 17280
28701 11846 18807
11846 18807 28701
18807 11846 28701
20872 2477 9815
2477 9815 20872
9815 2477 20872
26647 8228 14894
8228 14894 26647
14894 8228 26647
17481 21802 27363
21802 17481 27363
27363 17481 21802
27371 17073 17342
17342 17073 27371
17073 17342 27371
14598 19978 25785
25785 14598 19978
19978 14598 25785
20990 12446 20853
20853 12446 20990
12446 20853 20990
13727 5846 9827
9827 5846 13727
5846 9827 13727
6873 16411 18028
18028 6873 16411
16411 6873 18028
28189 14953 18577
14953 18577 28189
18577 14953 28189
16397 17392 26645
26645 16397 17392
17392 16397 26645
25599 17024 22328
17024 22328 25599
22328 17024 25599
18126 8623 9289
8623 9289 18126
9289 8623 18126
11583 27151 27342
27151 11583 27342
27342 11583 27151
4200 9016 29110
29110 4200 9016
9016 4200 29110
10710 2978 14433
14433 2978 10710
2978 10710 14433
11447 10413 19010
19010 10413 11447
10413 11447 19010
29342 26057 27730
26057 27730 29342
27730 26057 29342
27660 9964 25092
25092 9964 27660
9964 25092 27660
16134 26479 26798
26479 16134 26798
26798 16134 26479
9837 21442 26833
26833 9837 21442
21442 9837 26833
5945 15280 21535
15280 5945 21535
21535 5945 15280
21238 9527 25979
25979 9527 21238
9527 21238 25979
26274 3826 25619
3826 25619 26274
25619 3826 26274
127 15964 20579
20579 127 15964
15964 127 20579
11769 22351 23315
22351 11769 23315
23315 11769 22351
190 1333 25157
1333 190 25157
25157 190 1333
1010 4683 19554
4683 1010 19554
19554 1010 4683
17145 20035 20556
20556 17145 20035
20035 17145 20556
10454 16142 26111
16142 10454 26111
26111 10454 16142
15107 9918 29100
9918 15107 29100
29100 9918 15107
26621 11316 20041
11316 20041 26621
20041 11316 26621
21717 8572 9526
9526 8572 21717
8572 9526 21717
26906 684 10886
10886 684 26906
684 10886 26906
7741 8957 27423
27423 7741 8957
8957 7741 27423
19509 5665 12791
5665 12791 19509
12791 5665 19509
24205 24747 28394
24747 24205 28394
28394 24205 24747
17079 7658 13798
13798 7658 17079
7658 13798 17079
21851 5031 16408
5031 16408 21851
16408 5031 21851
12173 8817 29401
8817 12173 29401
29401 8817 12173
6232 1196 8695
1196 6232 8695
8695 1196 6232
23184 7673 19777
19777 7673 23184
7673 19777 23184
13426 12779 29071
29071 12779 13426
12779 13426 29071
29587 10736 19253
19253 10736 29587
10736 19253 29587
15970 6268 16042
6268 15970 16042
16042 6268 15970
3934 4018 21346
4018 3934 21346
21346 3934 4018
11352 5419 22120
22120 5419 11352
5419 11352 22120
27904 4630 7966
4630 7966 27904
7966 4630 27904
8551 2088 3210
3210 2088 8551
2088 3210 8551
21893 13534 15371
13534 15371 21893
15371 13534 21893
21609 14343 29708
14343 21609 29708
29708 14343 21609
28529 6778 20294
20294 6778 28529
6778 20294 28529
24904 13014 26042
26042 13014 24904
13014 24904 26042
22698 6912 22534
22534 6912 22698
6912 22534 22698
157 17360 23107
23107 157 17360
17360 157 23107
18306 9374 18517
18517 9374 18306
9374 18306 18517
9024 8342 13163
8342 9024 13163
13163 8342 9024
18054 327 26318
327 18054 26318
26318 327 18054
5276 5545 28005
28005 5276 5545
5545 5276 28005
7367 22218 25958
22218 7367 25958
25958 7367 22218
21111 8534 25643
8534 21111 25643
25643 8534 21111
7388 6297 11607
6297 7388 11607
11607 6297 7388
25620 21580 23035
21580 23035 25620
23035 21580 25620
9053 2108 17036
17036 2108 9053
2108 9053 17036
14033 7319 24963
7319 14033 24963
24963 7319 14033
9080 6530 10954
10954 6530 9080
6530 9080 10954
21881 3616 26842
3616 21881 26842
26842 3616 21881
1719 4588 18201
18201 1719 4588
4588 1719 18201
10683 9756 12281
12281 9756 10683
9756 10683 12281
6307 12239 13070
13070 6307 12239
12239 6307 13070
29714 4620 4979
4979 4620 29714
4620 4979 29714
10440 6810 10077
6810 10077 10440
10077 6810 10440
11668 13638 28769
13638 11668 28769
28769 11668 13638
9594 25263 29899
25263 9594 29899
29899 9594 25263
9737 5456 14262
14262 5456 9737
5456 9737 14262
20691 15695 28943
28943 15695 20691
15695 20691 28943
11314 11494 23621
11494 11314 23621
23621 11314 11494
16684 5602 19713
5602 16684 19713
19713 5602 16684
14492 12860 18613
12860 14492 18613
18613 12860 14492
14312 2469 21425
21425 2469 14312
2469 14312 21425
29397 9785 10372
10372 9785 29397
9785 10372 29397
19813 4334 29078
29078 4334 19813
4334 19813 29078
9790 13283 29187
29187 9790 13283
13283 9790 29187
10597 2594 3949
3949 2594 10597
2594 3949 10597
9044 12790 22929
22929 9044 12790
12790 9044 22929
3615 10419 15828
10419 3615 15828
15828 3615 10419
7867 24678 25828
25828 7867 24678
24678 7867 25828
17085 8508 10168
10168 8508 17085
8508 10168 17085
15961 758 23520
23520 758 15961
758 15961 23520
10741 1410 21498
1410 10741 21498
21498 1410 10741
25328 27121 27591
27121 25328 27591
27591 25328 27121
11536 14355 21222
14355 11536 21222
21222 11536 14355
10757 17998 29694
29694 10757 17998
17998 10757 29694
10524 3245 20614
3245 10524 20614
20614 3245 10524
13315 3782 6969
6969 3782 13315
3782 6969 13315
22605 2307 21620
2307 21620 22605
21620 2307 22605
29535 16402 22783
16402 22783 29535
22783 16402 29535
588 7915 15982
15982 588 7915
7915 588 15982
10445 2418 16330
16330 2418 10445
2418 10445 16330
18851 24754 28688
24754 18851 28688
28688 18851 24754
16707 22509 28798
28798 16707 22509
22509 16707 28798
12177 3965 9361
9361 3965 12177
3965 9361 12177
29949 11982 25231
25231 11982 29949
11982 25231 29949
9681 785 5896
5896 785 9681
785 5896 9681
10851 4356 14102
14102 4356 10851
4356 10851 14102
15598 5810 15111
15111 5810 15598
5810 15111 15598
13542 16887 17828
16887 13542 17828
17828 13542 16887
17329 11935 28854
28854 11935 17329
11935 17329 28854
9081 14226 14381
14381 9081 14226
14226 9081 14381
5700 9401 11228
9401 5700 11228
11228 5700 9401
1976 14517 27203
27203 1976 14517
14517 1976 27203
7889 27107 28157
28157 7889 27107
27107 7889 28157
9558 202 12986
12986 202 9558
202 9558 12986
9290 20125 21369
20125 9290 21369
21369 9290 20125
836 5440 16850
5440 836 16850
16850 836 5440
27212 6968 11956
11956 6968 27212
6968 11956 27212
9772 20709 24552
24552 9772 20709
20709 9772 24552
29447 1608 26984
26984 1608 29447
1608 26984 29447
17292 2039 29559
2039 17292 29559
29559 2039 17292
14751 6626 19215
19215 6626 14751
6626 14751 19215
4591 4421 9628
9628 4421 4591
4421 4591 9628
21583 224 11149
224 11149 21583
11149 224 21583
26133 18009 19488
18009 19488 26133
19488 18009 26133
16346 19673 25712
25712 16346 19673
19673 16346 25712
3666 5633 21855
21855 3666 5633
5633 3666 21855
1965 18799 24819
24819 1965 18799
18799 1965 24819
15505 2649 11144
2649 11144 15505
11144 2649 15505
14157 16089 21824
21824 14157 16089
16089 14157 21824
8701 21804 22302
21804 8701 22302
22302 8701 21804
9435 9679 20015
9679 9435 20015
20015 9435 9679
19732 9464 16670
9464 16670 19732
16670 9464 19732
22417 1837 12494
1837 12494 22417
12494 1837 22417
4713 16875 22571
22571 4713 16875
16875 4713 22571
19814 18979 25908
25908 18979 19814
18979 19814 25908
26816 25695 25800
25695 25800 26816
25800 25695 26816
5820 8680 15848
15848 5820 8680
8680 5820 15848
2620 22480 27922
27922 2620 22480
22480 2620 27922
9337 9448 9984
9448 9337 9984
9984 9337 9448
7608 5676 9249
5676 7608 9249
9249 5676 7608
10846 2530 21481
21481 2530 10846
2530 10846 21481
6445 10415 18856
10415 6445 18856
18856 6445 10415
1790 12956 17205
17205 1790 12956
12956 1790 17205
20899 3180 25380
3180 20899 25380
25380 3180 20899
19801 3020 7736
3020 7736 19801
7736 3020 19801
6868 16671 26298
26298 6868 16671
16671 6868 26298
5017 10599 18187
10599 5017 18187
18187 5017 10599
16973 15080 22936
15080 16973 22936
22936 15080 16973
4439 1618 27454
27454 1618 4439
1618 4439 27454
25487 3815 18127
18127 3815 25487
3815 18127 25487
26617 371 26571
26571 371 26617
371 26571 26617
400 10998 27176
10998 400 27176
27176 400 10998
19292 11975 28468
11975 19292 28468
28468 11975 19292
23169 884 22216
884 22216 23169
22216 884 23169
16769 3739 25483
3739 16769 25483
25483 3739 16769
16612 17056 24966
17056 16612 24966
24966 16612 17056
10692 6879 8987
6879 8987 10692
8987 6879 10692
6616 4395 5091
5091 4395 6616
4395 5091 6616
251 21447 26751
21447 251 26751
26751 251 21447
10680 6935 24625
6935 10680 24625
24625 6935 10680
11624 4826 19213
4826 11624 19213
19213 4826 11624
6890 12321 16561
12321 6890 16561
16561 6890 12321
953 3996 18442
18442 953 3996
3996 953 18442
17630 9942 24838
24838 9942 17630
9942 17630 24838
18726 334 10662
10662 334 18726
334 10662 18726
4695 195 8543
8543 195 4695
195 4695 8543
13961 3004 20694
3004 13961 20694
20694 3004 13961
23921 1148 14964
14964 1148 23921
1148 14964 23921
17259 19095 27417
19095 17259 27417
27417 17259 19095
8562 15159 17053
17053 8562 15159
15159 8562 17053
22326 19199 21493
21493 19199 22326
19199 21493 22326
19966 536 12221
12221 536 19966
536 12221 19966
15226 5451 9834
9834 5451 15226
5451 9834 15226
22388 467 19190
19190 467 22388
467 19190 22388
10994 15038 15813
15038 10994 15813
15813 10994 15038
20148 15610 24777
24777 15610 20148
15610 20148 24777
9453 6425 21904
21904 6425 9453
6425 9453 21904
23993 18414 28416
18414 23993 28416
28416 18414 23993
7247 7533 23464
7533 7247 23464
23464 7247 7533
25707 7850 21617
7850 21617 25707
21617 7850 25707
5566 6931 16550
16550 5566 6931
6931 5566 16550
3833 10407 21839
21839 3833 10407
10407 3833 21839
20469 1290 28386
1290 20469 28386
28386 1290 20469
10750 866 15155
866 10750 15155
15155 866 10750
29824 12806 20481
12806 20481 29824
20481 12806 29824
22619 87 16916
16916 87 22619
87 16916 22619
10097 12975 15839
15839 10097 12975
12975 10097 15839
18624 3736 4587
4587 3736 18624
3736 4587 18624
4662 6464 8898
8898 4662 6464
6464 4662 8898
23769 380 17888
17888 380 23769
380 17888 23769
7784 17104 27854
17104 7784 27854
27854 7784 17104
3437 20207 28237
20207 3437 28237
28237 3437 20207
17909 5515 10390
5515 10390 17909
10390 5515 17909
12585 6944 17251
6944 12585 17251
17251 6944 12585
23428 16177 25627
16177 23428 25627
25627 16177 23428
8616 559 4057
4057 559 8616
559 4057 8616
22622 580 23862
580 22622 23862
23862 580 22622
16120 13493 18754
13493 16120 18754
18754 13493 16120
8491 2423 11716
11716 2423 8491
2423 8491 11716
949 11478 25603
25603 949 11478
11478 949 25603
3278 11282 12241
11282 3278 12241
12241 3278 11282
6112 971 13931
13931 971 6112
971 6112 13931
25639 6615 21566
6615 21566 25639
21566 6615 25639
11407 16976 28639
28639 11407 16976
16976 11407 28639
17733 5136 10993
5136 10993 17733
10993 5136 17733
14256 2049 16868
2049 14256 16868
16868 2049 14256
1867 16421 29561
16421 1867 29561
29561 1867 16421
23754 6637 21845
21845 6637 23754
6637 21845 23754
19760 6139 23682
23682 6139 19760
6139 19760 23682
24911 5718 7302
7302 5718 24911
5718 7302 24911
20363 13367 22223
22223 13367 20363
13367 20363 22223
24700 14855 22354
14855 22354 24700
22354 14855 24700
14588 16529 26432
16529 14588 26432
26432 14588 16529
29221 22276 28182
22276 28182 29221
28182 22276 29221
22164 6423 22021
22021 6423 22164
6423 22021 22164
26204 26059 27859
26059 26204 27859
27859 26059 26204
516 10122 13607
13607 516 10122
10122 516 13607
22126 266 19726
19726 266 22126
266 19726 22126
28674 15739 27115
15739 27115 28674
27115 15739 28674
3905 10982 20967
20967 3905 10982
10982 3905 20967
18940 11188 27501
11188 18940 27501
27501 11188 18940
21579 24115 24261
24115 21579 24261
24261 21579 24115
2224 16600 20508
16600 2224 20508
20508 2224 16600
2961 1477 13046
1477 2961 13046
13046 1477 2961
22963 597 10656
10656 597 22963
597 10656 22963
25221 4674 13078
13078 4674 25221
4674 13078 25221
29507 17830 25595
17830 25595 29507
25595 17830 29507
22978 4577 18916
18916 4577 22978
4577 18916 22978
12997 5367 28032
28032 5367 12997
5367 12997 28032
28039 16889 17876
16889 17876 28039
17876 16889 28039
11674 5390 25542
25542 5390 11674
5390 11674 25542
2523 18472 21871
21871 2523 18472
18472 2523 21871
9977 1636 13091
1636 9977 13091
13091 1636 9977
6351 3469 15123
3469 6351 15123
15123 3469 6351
17900 20637 25403
20637 17900 25403
25403 17900 20637
6064 620 6759
620 6064 6759
6759 620 6064
25302 4841 22493
4841 22493 25302
22493 4841 25302
28822 4287 25738
4287 25738 28822
25738 4287 28822
20139 24311 28379
24311 20139 28379
28379 20139 24311
27327 18342 19680
18342 19680 27327
19680 18342 27327
12124 7279 7418
7279 7418 12124
7418 7279 12124
18824 10996 23279
23279 10996 18824
10996 18824 23279
16048 8688 18016
8688 16048 18016
18016 8688 16048
10074 10059 15632
15632 10059 10074
10059 10074 15632
12414 15182 21413
15182 12414 21413
21413 12414 15182
21606 12145 17396
17396 12145 21606
12145 17396 21606
11229 8376 9950
8376 9950 11229
9950 8376 11229
28654 19560 27305
27305 19560 28654
19560 27305 28654
23393 3238 26324
3238 23393 26324
26324 3238 23393
15966 14337 19501
14337 15966 19501
19501 14337 15966
9963 6850 11709
6850 9963 11709
11709 6850 9963
17780 6476 10603
6476 10603 17780
10603 6476 17780
6618 19608 20710
20710 6618 19608
19608 6618 20710
14742 3249 7629
7629 3249 14742
3249 7629 14742
19935 17514 23743
23743 17514 19935
17514 19935 23743
17383 14651 24655
24655 14651 17383
14651 17383 24655
6693 15737 17320
17320 6693 15737
15737 6693 17320
17482 16756 18587
18587 16756 17482
16756 17482 18587
8930 21023 27843
27843 8930 21023
21023 8930 27843
15453 12465 24329
12465 15453 24329
24329 12465 15453
292 10560 22672
10560 292 22672
22672 292 10560
26165 15799 24480
24480 15799 26165
15799 24480 26165
16340 24366 29022
24366 16340 29022
29022 16340 24366
20902 3034 25358
25358 3034 20902
3034 20902 25358
20420 1065 24385
24385 1065 20420
1065 20420 24385
10749 2028 24774
24774 2028 10749
2028 10749 24774
26426 19398 26670
26670 19398 26426
19398 26426 26670
20491 674 29666
674 20491 29666
29666 674 20491
17562 18081 26900
18081 17562 26900
26900 17562 18081
21936 623 20503
623 20503 21936
20503 623 21936
15504 2980 23113
23113 2980 15504
2980 15504 23113
11503 14731 16108
14731 11503 16108
16108 11503 14731
20466 20512 24598
20512 20466 24598
24598 20466 20512
23879 8486 18114
18114 8486 23879
8486 18114 23879
24569 2157 10151
10151 2157 24569
2157 10151 24569
10328 771 21483
771 10328 21483
21483 771 10328
14456 3712 28526
28526 3712 14456
3712 14456 28526
28227 8499 12887
12887 8499 28227
8499 12887 28227
7958 6310 28829
6310 7958 28829
28829 6310 7958
11698 4046 17022
17022 4046 11698
4046 11698 17022
23240 4402 9033
4402 9033 23240
9033 4402 23240
26355 20394 25551
20394 25551 26355
25551 20394 26355
25147 6430 25090
6430 25090 25147
25090 6430 25147
13225 4582 5920
4582 5920 13225
5920 4582 13225
22971 14464 21071
14464 21071 22971
21071 14464 22971
13458 18831 25375
18831 13458 25375
25375 13458 18831
28124 14757 20712
20712 14757 28124
14757 20712 28124
6900 238 6571
6571 238 6900
238 6571 6900
708 4923 8341
4923 708 8341
8341 708 4923
4776 1012 26090
1012 4776 26090
26090 1012 4776
22177 11226 28061
28061 11226 22177
11226 22177 28061
28328 19212 23926
23926 19212 28328
19212 23926 28328
11158 19155 28918
28918 11158 19155
19155 11158 28918
7888 12139 20315
20315 7888 12139
12139 7888 20315
14625 5972 26164
5972 14625 26164
26164 5972 14625
24607 13154 17536
17536 13154 24607
13154 17536 24607
11360 20684 23385
23385 11360 20684
20684 11360 23385
3470 293 8036
8036 293 3470
293 3470 8036
24872 7706 11481
7706 11481 24872
11481 7706 24872
20826 3054 7428
3054 7428 20826
7428 3054 20826
17707 14412 24750
14412 17707 24750
24750 14412 17707
4182 17693 29020
17693 4182 29020
29020 4182 17693
27940 50 2020
50 2020 27940
2020 50 27940
24082 16290 23503
23503 16290 24082
16290 23503 24082
10021 8756 10518
10518 8756 10021
8756 10021 10518
18433 1360 14545
14545 1360 18433
1360 14545 18433
3750 3196 15748
3196 3750 15748
15748 3196 3750
19925 8314 24965
24965 8314 19925
8314 19925 24965
28777 11737 19766
11737 19766 28777
19766 11737 28777
6679 16496 23748
23748 6679 16496
16496 6679 23748
4884 9392 26403
26403 4884 9392
9392 4884 26403
29143 7836 9743
9743 7836 29143
7836 9743 29143
14445 6566 8185
8185 6566 14445
6566 8185 14445
12308 2725 14459
2725 12308 14459
14459 2725 12308
29394 3888 11215
3888 11215 29394
11215 3888 29394
20471 21909 29275
29275 20471 21909
21909 20471 29275
13835 11972 29046
11972 13835 29046
29046 11972 13835
1190 11024 29696
29696 1190 11024
11024 1190 29696
24811 5294 22884
22884 5294 24811
5294 22884 24811
7733 8142 22957
8142 7733 22957
22957 7733 8142
20985 3756 14313
3756 14313 20985
14313 3756 20985
8323 5317 12403
12403 5317 8323
5317 8323 12403
21888 2823 17328
17328 2823 21888
2823 17328 21888
21510 20373 26203
20373 21510 26203
26203 20373 21510
5796 20910 29650
29650 5796 20910
20910 5796 29650
15057 10119 17490
17490 10119 15057
10119 15057 17490
24466 1528 5916
5916 1528 24466
1528 5916 24466
18391 6252 23786
23786 6252 18391
6252 18391 23786
26452 8823 18917
8823 18917 26452
18917 8823 26452
2534 4805 28560
4805 2534 28560
28560 2534 4805
10161 4293 27539
27539 4293 10161
4293 10161 27539
29477 9735 19586
9735 19586 29477
19586 9735 29477
2904 29164 29474
29164 2904 29474
29474 2904 29164
20928 3136 8500
3136 8500 20928
8500 3136 20928
29062 14902 17678
17678 14902 29062
14902 17678 29062
913 5302 17083
5302 913 17083
17083 913 5302
6572 24997 29799
29799 6572 24997
24997 6572 29799
13839 3757 19006
3757 13839 19006
19006 3757 13839
20820 22211 25632
25632 20820 22211
22211 20820 25632
26320 15474 16453
16453 15474 26320
15474 16453 26320
17144 8771 23806
23806 8771 17144
8771 17144 23806
29113 9108 9967
9967 9108 29113
9108 9967 29113
5799 16241 25317
16241 5799 25317
25317 5799 16241
6315 12896 26943
26943 6315 12896
12896 6315 26943
13539 2471 6546
6546 2471 13539
2471 6546 13539
5525 15253 18764
18764 5525 15253
15253 5525 18764
14772 333 11634
333 11634 14772
11634 333 14772
6284 13528 24400
24400 6284 13528
13528 6284 24400
29579 16132 20351
20351 16132 29579
16132 20351 29579
26415 19796 26916
19796 26415 26916
26916 19796 26415
19869 2568 12486
2568 12486 19869
12486 2568 19869
22089 7157 23482
23482 7157 22089
7157 22089 23482
10706 2137 24190
2137 10706 24190
24190 2137 10706
24969 8371 9586
8371 9586 24969
9586 8371 24969
29793 15905 19598
19598 15905 29793
15905 19598 29793
18120 12304 25985
12304 18120 25985
25985 12304 18120
27073 12312 19319
12312 19319 27073
19319 12312 27073
11803 12878 24723
12878 11803 24723
24723 11803 12878
19023 12480 27482
27482 12480 19023
12480 19023 27482
26338 5822 14735
14735 5822 26338
5822 14735 26338
16605 16232 17245
17245 16232 16605
16232 16605 17245
19352 5159 22550
5159 19352 22550
22550 5159 19352
4127 15415 24184
15415 4127 24184
24184 4127 15415
10640 17433 25998
17433 10640 25998
25998 10640 17433
12538 5693 21813
5693 12538 21813
21813 5693 12538
1064 5062 13143
5062 1064 13143
13143 1064 5062
12252 7554 9137
9137 7554 12252
7554 9137 12252
6126 8324 19175
8324 6126 19175
19175 6126 8324
11974 18614 19508
19508 11974 18614
18614 11974 19508
17984 2433 2807
2807 2433 17984
2433 2807 17984
24841 3361 6780
3361 6780 24841
6780 3361 24841
17015 21642 23646
21642 17015 23646
23646 17015 21642
29852 16025 28755
28755 16025 29852
16025 28755 29852
15689 9309 13965
13965 9309 15689
9309 13965 15689
28617 4617 16065
4617 16065 28617
16065 4617 28617
523 9047 27763
9047 523 27763
27763 523 9047
23470 3467 17379
17379 3467 23470
3467 17379 23470
27167 4718 23513
23513 4718 27167
4718 23513 27167
4121 22732 25313
22732 4121 25313
25313 4121 22732
154 23658 29134
29134 154 23658
23658 154 29134
22633 2003 14016
2003 14016 22633
14016 2003 22633
14963 18955 22470
22470 14963 18955
18955 14963 22470
21856 12750 14557
14557 12750 21856
12750 14557 21856
28520 13124 21216
13124 21216 28520
21216 13124 28520
27673 10570 11617
10570 11617 27673
11617 10570 27673
15018 10887 11796
11796 10887 15018
10887 11796 15018
13554 2051 7709
2051 7709 13554
7709 2051 13554
16751 10228 26379
10228 16751 26379
26379 10228 16751
22775 5491 12184
5491 12184 22775
12184 5491 22775
13018 2271 23161
23161 2271 13018
2271 13018 23161
8750 19606 24778
24778 8750 19606
19606 8750 24778
8177 8285 27974
27974 8177 8285
8285 8177 27974
28033 2244 7048
7048 2244 28033
2244 7048 28033
837 5706 13161
13161 837 5706
5706 837 13161
29909 14685 28339
28339 14685 29909
14685 28339 29909
18203 10809 23214
10809 18203 23214
23214 10809 18203
28255 5909 9917
9917 5909 28255
5909 9917 28255
10814 2639 6119
2639 6119 10814
6119 2639 10814
5776 13135 26754
13135 5776 26754
26754 5776 13135
5863 17650 28865
17650 5863 28865
28865 5863 17650
22468 19615 29064
29064 19615 22468
19615 22468 29064
19297 15304 22062
15304 19297 22062
22062 15304 19297
2376 5180 17945
17945 2376 5180
5180 2376 17945
7074 14232 23404
23404 7074 14232
14232 7074 23404
6835 8021 15467
8021 6835 15467
15467 6835 8021
11632 7688 9377
9377 7688 11632
7688 9377 11632
29528 7487 12063
7487 12063 29528
12063 7487 29528
4827 1725 13234
13234 1725 4827
1725 4827 13234
12603 10459 18458
18458 10459 12603
10459 12603 18458
28911 3318 25206
3318 25206 28911
25206 3318 28911
2093 10331 14616
10331 2093 14616
14616 2093 10331
26922 1714 26101
26101 1714 26922
1714 26101 26922
5533 4598 9360
4598 5533 9360
9360 4598 5533
2064 5260 9240
9240 2064 5260
5260 2064 9240
7614 3380 17723
17723 3380 7614
3380 7614 17723
27433 4628 14983
14983 4628 27433
4628 14983 27433
21112 212 11580
212 11580 21112
11580 212 21112
19958 8327 24249
24249 8327 19958
8327 19958 24249
18838 1964 20061
1964 18838 20061
20061 1964 18838
5383 13113 26895
26895 5383 13113
13113 5383 26895
21448 3132 24457
24457 3132 21448
3132 21448 24457
12261 12464 24846
24846 12261 12464
12464 12261 24846
12935 10037 18163
10037 12935 18163
18163 10037 12935
13162 13596 29635
13596 13162 29635
29635 13162 13596
2856 15193 24194
15193 2856 24194
24194 2856 15193
17315 9654 21164
9654 17315 21164
21164 9654 17315
29170 5254 10196
10196 5254 29170
5254 10196 29170
7398 378 28060
378 7398 28060
28060 378 7398
18318 1694 28010
28010 1694 18318
1694 18318 28010
22458 2063 18170
18170 2063 22458
2063 18170 22458
23289 7225 24839
7225 23289 24839
24839 7225 23289
20411 12341 25693
12341 20411 25693
25693 12341 20411
9000 9713 18387
9713 9000 18387
18387 9000 9713
23670 4742 24246
24246 4742 23670
4742 23670 24246
28023 7004 14626
14626 7004 28023
7004 14626 28023
20946 10985 23389
10985 20946 23389
23389 10985 20946
3954 11533 15675
15675 3954 11533
11533 3954 15675
8169 14111 20730
20730 8169 14111
14111 8169 20730
5388 3064 13879
3064 5388 13879
13879 3064 5388
816 7928 13181
13181 816 7928
7928 816 13181
355 794 21025
21025 355 794
794 355 21025
6158 16514 21241
21241 6158 16514
16514 6158 21241
18773 15211 17841
17841 15211 18773
15211 17841 18773
19738 4688 10081
10081 4688 19738
4688 10081 19738
12982 10123 12133
10123 12133 12982
12133 10123 12982
17943 12180 17849
17849 12180 17943
12180 17849 17943
21902 29124 29920
29124 21902 29920
29920 21902 29124
4354 24037 25321
24037 4354 25321
25321 4354 24037
7595 22428 26585
26585 7595 22428
22428 7595 26585
14777 6187 28003
28003 6187 14777
6187 14777 28003
607 705 24958
705 607 24958
24958 607 705
20862 6481 24288
6481 20862 24288
24288 6481 20862
4922 15794 22554
15794 4922 22554
22554 4922 15794
24666 21479 22400
21479 22400 24666
22400 21479 24666
10905 4854 17434
4854 10905 17434
17434 4854 10905
15843 14906 18931
14906 15843 18931
18931 14906 15843
12881 15451 24321
24321 12881 15451
15451 12881 24321
12824 3439 12447
3439 12447 12824
12447 3439 12824
17632 8312 13156
8312 13156 17632
13156 8312 17632
1533 1511 25021
1511 1533 25021
25021 1511 1533
26297 12803 29934
12803 26297 29934
29934 12803 26297
5888 1261 17168
17168 1261 5888
1261 5888 17168
16637 17868 18702
18702 16637 17868
17868 16637 18702
8657 14430 22723
14430 8657 22723
22723 8657 14430
11428 7256 20395
20395 7256 11428
7256 11428 20395
24711 4754 28667
28667 4754 24711
4754 24711 28667
18804 10026 24859
10026 18804 24859
24859 10026 18804
11775 1170 28600
28600 1170 11775
1170 11775 28600
27888 24265 28384
24265 27888 28384
28384 24265 27888
10307 15493 27901
27901 10307 15493
15493 10307 27901
23391 1977 14759
14759 1977 23391
1977 14759 23391
4206 3937 17173
17173 3937 4206
3937 4206 17173
23851 20792 21910
21910 20792 23851
20792 21910 23851
13422 4157 23792
4157 13422 23792
23792 4157 13422
13650 11027 14582
14582 11027 13650
11027 13650 14582
13482 13762 20419
13762 13482 20419
20419 13482 13762
19818 20494 23775
20494 19818 23775
23775 19818 20494
9451 119 29292
29292 119 9451
119 9451 29292
24317 2458 14934
14934 2458 24317
2458 14934 24317
21144 16555 23082
16555 21144 23082
23082 16555 21144
27999 993 24676
993 24676 27999
24676 993 27999
3629 5227 19144
5227 3629 19144
19144 3629 5227
23627 55 28601
28601 55 23627
55 23627 28601
15244 10670 15174
15174 10670 15244
10670 15174 15244
14982 14614 20524
20524 14614 14982
14614 14982 20524
10387 16259 29358
16259 10387 29358
29358 10387 16259
13672 13101 29415
29415 13101 13672
13101 13672 29415
16761 9700 15924
9700 15924 16761
15924 9700 16761
16942 11455 13197
11455 13197 16942
13197 11455 16942
10745 14842 22271
22271 10745 14842
14842 10745 22271
9968 542 7160
542 7160 9968
7160 542 9968
8733 12617 25642
12617 8733 25642
25642 8733 12617
2515 4024 28069
4024 2515 28069
28069 2515 4024
1226 21634 24823
24823 1226 21634
21634 1226 24823
23358 3879 12498
3879 12498 23358
12498 3879 23358
28839 12054 21972
21972 12054 28839
12054 21972 28839
27086 917 13337
13337 917 27086
917 13337 27086
23637 11034 21352
21352 11034 23637
11034 21352 23637
28456 8152 26615
26615 8152 28456
8152 26615 28456
27051 15727 16131
16131 15727 27051
15727 16131 27051
11196 231 21436
231 11196 21436
21436 231 11196
18532 3812 15715
3812 15715 18532
15715 3812 18532
18727 23228 28200
28200 18727 23228
23228 18727 28200
3043 3370 21017
3370 3043 21017
21017 3043 3370
27830 16046 21319
21319 16046 27830
16046 21319 27830
13082 3692 11035
11035 3692 13082
3692 11035 13082
11937 9055 16946
9055 11937 16946
16946 9055 11937
3455 19318 29405
29405 3455 19318
19318 3455 29405
6543 5190 6803
5190 6543 6803
6803 5190 6543
20502 9517 27749
27749 9517 20502
9517 20502 27749
6486 11327 29982
11327 6486 29982
29982 6486 11327
16885 6685 15328
15328 6685 16885
6685 15328 16885
347 17290 19180
17290 347 19180
19180 347 17290
9445 9141 27393
