2625 7654 8261
8261 2625 7654
7654 2625 8261
3222 3989 7642
7642 3222 3989
3989 3222 7642
14993 9402 13190
9402 13190 14993
13190 9402 14993
12578 17 7130
7130 17 12578
17 7130 12578
14947 4604 8021
4604 8021 14947
8021 4604 14947
4230 5654 14582
5654 4230 14582
14582 4230 5654
5749 1642 9916
1642 5749 9916
9916 1642 5749
10775 3720 7680
7680 3720 10775
3720 7680 10775
9514 6844 13991
6844 9514 13991
13991 6844 9514
8466 1544 10479
1544 8466 10479
10479 1544 8466
3252 347 10266
10266 347 3252
347 3252 10266
9109 10984 14037
10984 9109 14037
14037 9109 10984
11872 2940 12273
12273 2940 11872
2940 11872 12273
9799 9309 14369
9309 9799 14369
14369 9309 9799
14079 538 9193
538 9193 14079
9193 538 14079
13853 9043 10113
9043 10113 13853
10113 9043 13853
12630 3499 8551
3499 8551 12630
8551 3499 12630
10541 695 8549
695 8549 10541
8549 695 10541
2103 5001 13180
5001 2103 13180
13180 2103 5001
9677 539 4283
4283 539 9677
539 4283 9677
7801 1480 5867
5867 1480 7801
1480 5867 7801
7351 6711 8756
8756 6711 7351
6711 7351 8756
14479 12024 13091
12024 13091 14479
13091 12024 14479
10583 596 1460
596 1460 10583
1460 596 10583
7645 5416 6744
5416 6744 7645
6744 5416 7645
10319 2539 6533
2539 6533 10319
6533 2539 10319
8272 3718 14982
14982 3718 8272
3718 8272 14982
359 1207 1891
1891 359 1207
1207 359 1891
2251 679 3604
679 2251 3604
3604 679 2251
11920 4561 9979
9979 4561 11920
4561 9979 11920
12951 3073 8536
8536 3073 12951
3073 8536 12951
4395 1752 2741
2741 1752 4395
1752 2741 4395
2255 1559 2091
1559 2091 2255
2091 1559 2255
10120 5927 8728
5927 8728 10120
8728 5927 10120
13922 4578 12010
4578 12010 13922
12010 4578 13922
8747 3775 4774
4774 3775 8747
3775 4774 8747
10694 5507 14211
14211 5507 10694
5507 10694 14211
1462 7175 8339
7175 1462 8339
8339 1462 7175
373 9230 9891
9891 373 9230
9230 373 9891
13564 1770 7709
1770 7709 13564
7709 1770 13564
1186 4231 12986
12986 1186 4231
4231 1186 12986
9184 11812 12795
11812 9184 12795
12795 9184 11812
10805 4079 7752
7752 4079 10805
4079 7752 10805
13102 5161 14925
14925 5161 13102
5161 13102 14925
656 3330 13816
13816 656 3330
3330 656 13816
725 11248 12504
12504 725 11248
11248 725 12504
7983 662 8162
662 7983 8162
8162 662 7983
954 2493 8777
8777 954 2493
2493 954 8777
13720 8638 8950
8950 8638 13720
8638 8950 13720
12945 5245 9343
9343 5245 12945
5245 9343 12945
1278 7029 11906
11906 1278 7029
7029 1278 11906
2039 10554 11862
11862 2039 10554
10554 2039 11862
5347 8845 10218
8845 5347 10218
10218 5347 8845
8695 6025 10725
6025 8695 10725
10725 6025 8695
14681 5087 6270
5087 6270 14681
6270 5087 14681
11286 7008 10869
7008 10869 11286
10869 7008 11286
6940 4556 5657
5657 4556 6940
4556 5657 6940
10619 583 6314
6314 583 10619
583 6314 10619
4507 6997 9018
6997 4507 9018
9018 4507 6997
2652 120 5386
120 2652 5386
5386 120 2652
11732 1727 4572
1727 4572 11732
4572 1727 11732
2288 5951 14005
14005 2288 5951
5951 2288 14005
3936 8930 12842
12842 3936 8930
8930 3936 12842
12009 631 10845
10845 631 12009
631 10845 12009
11258 6947 14732
14732 6947 11258
6947 11258 14732
9079 533 12940
533 9079 12940
12940 533 9079
4911 7381 8028
8028 4911 7381
7381 4911 8028
427 4690 10457
4690 427 10457
10457 427 4690
5321 1656 7264
7264 1656 5321
1656 5321 7264
12441 7556 8298
8298 7556 12441
7556 8298 12441
11514 24 13786
13786 24 11514
24 11514 13786
3618 956 1154
956 1154 3618
1154 956 3618
14728 1478 13391
13391 1478 14728
1478 13391 14728
2616 2466 9378
2466 2616 9378
9378 2466 2616
3375 207 6305
6305 207 3375
207 3375 6305
1116 8181 8947
8181 1116 8947
8947 1116 8181
14461 1247 6599
6599 1247 14461
1247 6599 14461
9303 9468 12632
9468 9303 12632
12632 9303 9468
9863 1856 13350
13350 1856 9863
1856 9863 13350
301 7273 11546
11546 301 7273
7273 301 11546
12593 11808 13721
13721 11808 12593
11808 12593 13721
2044 4997 10938
4997 2044 10938
10938 2044 4997
4432 2004 10011
2004 4432 10011
10011 2004 4432
8992 4215 9444
4215 8992 9444
9444 4215 8992
11976 3794 7317
3794 7317 11976
7317 3794 11976
7346 117 1410
117 1410 7346
1410 117 7346
378 1526 8317
1526 378 8317
8317 378 1526
12410 317 14132
14132 317 12410
317 12410 14132
10545 8342 11615
11615 8342 10545
8342 10545 11615
4150 3509 11636
3509 4150 11636
11636 3509 4150
9478 617 1653
1653 617 9478
617 1653 9478
12821 7377 10871
7377 10871 12821
10871 7377 12821
4638 6136 12765
12765 4638 6136
6136 4638 12765
7416 2558 8842
8842 2558 7416
2558 7416 8842
1174 1457 9854
9854 1174 1457
1457 1174 9854
11792 5697 9354
9354 5697 11792
5697 9354 11792
10401 6006 8050
6006 8050 10401
8050 6006 10401
490 6635 12352
12352 490 6635
6635 490 12352
10950 2311 3979
2311 3979 10950
3979 2311 10950
9448 6489 12519
12519 6489 9448
6489 9448 12519
7693 2495 9554
9554 2495 7693
2495 7693 9554
7585 1143 14556
1143 7585 14556
14556 1143 7585
11096 1499 13821
13821 1499 11096
1499 11096 13821
10203 4270 10649
4270 10203 10649
10649 4270 10203
5804 8816 12012
12012 5804 8816
8816 5804 12012
2576 6251 12006
6251 2576 12006
12006 2576 6251
7262 4036 5869
4036 5869 7262
5869 4036 7262
129 1342 13412
1342 129 13412
13412 129 1342
1001 291 9452
291 1001 9452
9452 291 1001
6031 1757 2345
2345 1757 6031
1757 2345 6031
14836 10214 13090
10214 13090 14836
13090 10214 14836
9363 7509 14038
7509 9363 14038
14038 7509 9363
9474 9219 14834
9219 9474 14834
14834 9219 9474
5183 883 7520
7520 883 5183
883 5183 7520
12085 1584 9866
1584 9866 12085
9866 1584 12085
10804 687 10515
687 10515 10804
10515 687 10804
6407 362 6810
6810 362 6407
362 6407 6810
6932 6882 13706
6882 6932 13706
13706 6882 6932
10735 5595 12186
12186 5595 10735
5595 10735 12186
9246 750 1634
1634 750 9246
750 1634 9246
10163 5990 14159
5990 10163 14159
14159 5990 10163
4627 4305 6055
6055 4305 4627
4305 4627 6055
11972 413 731
413 731 11972
731 413 11972
4674 1681 2779
2779 1681 4674
1681 2779 4674
7463 9071 13787
13787 7463 9071
9071 7463 13787
7456 11383 11464
11464 7456 11383
11383 7456 11464
10015 809 12686
12686 809 10015
809 10015 12686
4961 4810 10862
4810 4961 10862
10862 4810 4961
14844 2654 4053
2654 4053 14844
4053 2654 14844
9997 12966 13769
12966 9997 13769
13769 9997 12966
79 280 2272
2272 79 280
280 79 2272
10838 5153 7951
7951 5153 10838
5153 7951 10838
9749 5720 14454
14454 5720 9749
5720 9749 14454
1063 2459 5852
5852 1063 2459
2459 1063 5852
13238 3577 4113
4113 3577 13238
3577 4113 13238
10675 10580 12997
12997 10580 10675
10580 10675 12997
233 2192 3596
2192 233 3596
3596 233 2192
10474 908 14076
908 10474 14076
14076 908 10474
11236 2053 11733
11733 2053 11236
2053 11236 11733
12452 2715 7119
2715 7119 12452
7119 2715 12452
4972 5477 9236
5477 4972 9236
9236 4972 5477
11961 11029 13684
11029 11961 13684
13684 11029 11961
1962 7369 14694
14694 1962 7369
7369 1962 14694
3377 5850 8480
8480 3377 5850
5850 3377 8480
10086 1054 10206
1054 10086 10206
10206 1054 10086
3510 5809 9501
9501 3510 5809
5809 3510 9501
9082 1773 9609
9609 1773 9082
1773 9082 9609
14975 5826 12138
12138 5826 14975
5826 12138 14975
5900 2338 10404
10404 2338 5900
2338 5900 10404
11484 10958 14654
14654 10958 11484
10958 11484 14654
5029 6155 7373
7373 5029 6155
6155 5029 7373
5664 733 10204
733 5664 10204
10204 733 5664
4846 187 5165
187 4846 5165
5165 187 4846
1764 10048 12264
10048 1764 12264
12264 1764 10048
5473 7419 9421
9421 5473 7419
7419 5473 9421
3610 9484 12259
9484 3610 12259
12259 3610 9484
8991 2235 6811
6811 2235 8991
2235 6811 8991
5802 1913 7385
7385 1913 5802
1913 5802 7385
5966 7434 10456
10456 5966 7434
7434 5966 10456
10108 2262 12775
12775 2262 10108
2262 10108 12775
5157 4378 12790
12790 4378 5157
4378 5157 12790
8267 1626 3071
3071 1626 8267
1626 3071 8267
627 7855 14377
14377 627 7855
7855 627 14377
9814 1025 13509
13509 1025 9814
1025 9814 13509
12540 379 10262
379 10262 12540
10262 379 12540
1672 2677 8420
8420 1672 2677
2677 1672 8420
13485 6734 9430
9430 6734 13485
6734 9430 13485
6350 2074 13854
2074 6350 13854
13854 2074 6350
3960 2869 13250
13250 2869 3960
2869 3960 13250
8114 6963 12225
6963 8114 12225
12225 6963 8114
12481 6060 14274
14274 6060 12481
6060 12481 14274
11778 8786 14602
8786 11778 14602
14602 8786 11778
45 10522 11520
11520 45 10522
10522 45 11520
1268 3435 14586
14586 1268 3435
3435 1268 14586
14286 2123 10066
10066 2123 14286
2123 10066 14286
11100 2519 7034
2519 7034 11100
7034 2519 11100
1692 4770 13986
13986 1692 4770
4770 1692 13986
3468 9197 14537
14537 3468 9197
9197 3468 14537
13089 4314 11408
4314 11408 13089
11408 4314 13089
4341 9033 14103
14103 4341 9033
9033 4341 14103
6582 321 1900
1900 321 6582
321 1900 6582
12244 1696 7805
7805 1696 12244
1696 7805 12244
5291 1224 8391
8391 1224 5291
1224 5291 8391
12486 11613 13927
13927 11613 12486
11613 12486 13927
5410 1967 12869
12869 1967 5410
1967 5410 12869
10080 2012 8938
8938 2012 10080
2012 8938 10080
4332 34 13667
34 4332 13667
13667 34 4332
3367 7126 9349
7126 3367 9349
9349 3367 7126
2923 5182 13159
5182 2923 13159
13159 2923 5182
8093 8027 13284
8027 8093 13284
13284 8027 8093
14750 8379 9962
8379 9962 14750
9962 8379 14750
10174 209 4683
209 4683 10174
4683 209 10174
14390 5495 7303
7303 5495 14390
5495 7303 14390
6570 8836 9957
8836 6570 9957
9957 6570 8836
12547 1908 9446
1908 9446 12547
9446 1908 12547
13778 2581 12523
12523 2581 13778
2581 12523 13778
8179 6394 8527
8527 6394 8179
6394 8179 8527
8433 4704 9639
9639 4704 8433
4704 8433 9639
14721 7889 9785
9785 7889 14721
7889 9785 14721
13023 1292 8951
8951 1292 13023
1292 8951 13023
9563 3007 4881
4881 3007 9563
3007 4881 9563
58 10810 13865
13865 58 10810
10810 58 13865
6579 6573 14262
14262 6573 6579
6573 6579 14262
2745 3902 10749
3902 2745 10749
10749 2745 3902
5810 2803 8413
2803 5810 8413
8413 2803 5810
8632 10603 13848
10603 8632 13848
13848 8632 10603
8000 9798 13775
13775 8000 9798
9798 8000 13775
12677 4208 7441
7441 4208 12677
4208 7441 12677
3126 9892 11318
11318 3126 9892
9892 3126 11318
1728 10248 10624
10624 1728 10248
10248 1728 10624
11061 10447 13844
13844 10447 11061
10447 11061 13844
712 10462 12682
10462 712 12682
12682 712 10462
2209 1582 13995
13995 1582 2209
1582 2209 13995
11936 131 4396
4396 131 11936
131 4396 11936
5980 5129 11861
5129 5980 11861
11861 5129 5980
14711 9098 12274
12274 9098 14711
9098 12274 14711
12810 2483 14301
14301 2483 12810
2483 12810 14301
10093 6933 9093
6933 9093 10093
9093 6933 10093
12749 4521 8332
8332 4521 12749
4521 8332 12749
13314 3654 4126
3654 4126 13314
4126 3654 13314
10572 6645 11342
6645 10572 11342
11342 6645 10572
10277 7152 12308
12308 7152 10277
7152 10277 12308
1837 3680 7738
3680 1837 7738
7738 1837 3680
8755 2319 4885
2319 4885 8755
4885 2319 8755
2179 11591 12903
11591 2179 12903
12903 2179 11591
2225 2767 10062
2767 2225 10062
10062 2225 2767
14275 982 5158
982 5158 14275
5158 982 14275
14939 6017 9298
9298 6017 14939
6017 9298 14939
14095 568 1046
1046 568 14095
568 1046 14095
10376 10552 11530
11530 10376 10552
10552 10376 11530
2552 3077 8205
3077 2552 8205
8205 2552 3077
11498 4526 13595
13595 4526 11498
4526 11498 13595
7139 11105 14429
14429 7139 11105
11105 7139 14429
8044 253 9127
9127 253 8044
253 8044 9127
11795 179 10729
10729 179 11795
179 10729 11795
9042 510 12599
510 9042 12599
12599 510 9042
13810 4438 5633
5633 4438 13810
4438 5633 13810
4893 4194 6422
6422 4194 4893
4194 4893 6422
14067 11171 12993
11171 12993 14067
12993 11171 14067
5145 6472 9735
6472 5145 9735
9735 5145 6472
5592 2916 3342
3342 2916 5592
2916 3342 5592
921 8038 9626
8038 921 9626
9626 921 8038
11203 3855 13567
13567 3855 11203
3855 11203 13567
2915 3119 10499
10499 2915 3119
3119 2915 10499
4320 56 8175
56 4320 8175
8175 56 4320
9510 11472 12122
12122 9510 11472
11472 9510 12122
10433 6583 10679
6583 10433 10679
10679 6583 10433
9241 5133 10329
5133 9241 10329
10329 5133 9241
7343 5242 9933
9933 5242 7343
5242 7343 9933
3282 8496 12998
8496 3282 12998
12998 3282 8496
3063 1633 13514
13514 1633 3063
1633 3063 13514
12336 8811 12026
12026 8811 12336
8811 12026 12336
776 5996 12456
12456 776 5996
5996 776 12456
6794 13624 14260
14260 6794 13624
13624 6794 14260
12958 9671 14266
9671 12958 14266
14266 9671 12958
671 4032 5624
5624 671 4032
4032 671 5624
12283 1271 5082
1271 5082 12283
5082 1271 12283
2941 2526 9328
9328 2526 2941
2526 2941 9328
10196 713 14181
14181 713 10196
713 10196 14181
8302 8434 13057
13057 8302 8434
8434 8302 13057
11621 1772 12110
12110 1772 11621
1772 11621 12110
2339 567 2230
2230 567 2339
567 2230 2339
13241 2009 7484
7484 2009 13241
2009 7484 13241
5964 1840 4025
1840 4025 5964
4025 1840 5964
2382 7442 11323
7442 2382 11323
11323 2382 7442
3515 4661 12860
12860 3515 4661
4661 3515 12860
841 1216 9525
9525 841 1216
1216 841 9525
4919 6154 11452
11452 4919 6154
6154 4919 11452
8073 8656 11504
8656 8073 11504
11504 8073 8656
11599 4077 5695
5695 4077 11599
4077 5695 11599
3074 14428 14514
14514 3074 14428
14428 3074 14514
10948 3843 4532
3843 4532 10948
4532 3843 10948
5249 9896 14802
14802 5249 9896
9896 5249 14802
3638 507 14330
507 3638 14330
14330 507 3638
14521 12087 14931
14931 12087 14521
12087 14521 14931
1982 2572 12502
12502 1982 2572
2572 1982 12502
2794 12915 14236
14236 2794 12915
12915 2794 14236
6991 912 7602
912 6991 7602
7602 912 6991
439 11503 13511
13511 439 11503
11503 439 13511
7182 43 11639
43 7182 11639
11639 43 7182
9931 9793 13845
13845 9793 9931
9793 9931 13845
5063 7158 14343
14343 5063 7158
7158 5063 14343
8856 10207 12252
10207 8856 12252
12252 8856 10207
6931 9015 11766
11766 6931 9015
9015 6931 11766
9247 9014 13631
9014 9247 13631
13631 9014 9247
4573 6227 7933
7933 4573 6227
6227 4573 7933
974 2287 4783
2287 974 4783
4783 974 2287
3920 2261 2599
2261 2599 3920
2599 2261 3920
10957 13464 14264
13464 10957 14264
14264 10957 13464
13847 12724 13587
13587 12724 13847
12724 13587 13847
3307 7116 13170
13170 3307 7116
7116 3307 13170
14736 11115 14555
14555 11115 14736
11115 14555 14736
7647 4904 10733
4904 7647 10733
10733 4904 7647
11954 4372 4724
4372 4724 11954
4724 4372 11954
2065 12118 13505
13505 2065 12118
12118 2065 13505
11914 2611 5411
2611 5411 11914
5411 2611 11914
4216 632 1916
632 1916 4216
1916 632 4216
1824 2411 13291
2411 1824 13291
13291 1824 2411
1554 2821 10966
2821 1554 10966
10966 1554 2821
3144 11886 13274
11886 3144 13274
13274 3144 11886
13532 3850 9690
3850 9690 13532
9690 3850 13532
423 8184 12482
12482 423 8184
8184 423 12482
1483 10370 14683
14683 1483 10370
10370 1483 14683
7432 4930 13746
13746 4930 7432
4930 7432 13746
7393 8381 13305
8381 7393 13305
13305 7393 8381
12060 1430 9848
1430 9848 12060
9848 1430 12060
9993 3340 7759
7759 3340 9993
3340 7759 9993
14152 2831 10413
2831 10413 14152
10413 2831 14152
10702 1493 5156
5156 1493 10702
1493 5156 10702
895 710 6326
710 895 6326
6326 710 895
7810 10189 14855
14855 7810 10189
10189 7810 14855
13353 4363 4727
4727 4363 13353
4363 4727 13353
7458 1093 4277
4277 1093 7458
1093 4277 7458
3359 1280 9125
1280 3359 9125
9125 1280 3359
7711 8679 8837
8837 7711 8679
8679 7711 8837
9336 3240 11380
3240 9336 11380
11380 3240 9336
6613 10914 13633
13633 6613 10914
10914 6613 13633
11934 1615 12329
1615 11934 12329
12329 1615 11934
14148 3628 8999
8999 3628 14148
3628 8999 14148
1952 7221 11255
11255 1952 7221
7221 1952 11255
2232 14491 14636
14636 2232 14491
14491 2232 14636
6406 8888 13372
8888 6406 13372
13372 6406 8888
1790 12443 13763
13763 1790 12443
12443 1790 13763
11848 11801 14945
11801 11848 14945
14945 11801 11848
3571 264 10254
264 3571 10254
10254 264 3571
4445 1487 9780
9780 1487 4445
1487 4445 9780
1775 10710 13042
13042 1775 10710
10710 1775 13042
546 5668 10722
10722 546 5668
5668 546 10722
4057 3184 11997
3184 4057 11997
11997 3184 4057
5956 9519 14129
9519 5956 14129
14129 5956 9519
5960 6266 10198
10198 5960 6266
6266 5960 10198
10042 3950 8633
8633 3950 10042
3950 8633 10042
2541 5211 6748
6748 2541 5211
5211 2541 6748
4563 7778 12806
7778 4563 12806
12806 4563 7778
11202 2369 14548
14548 2369 11202
2369 11202 14548
2939 11647 11668
11647 2939 11668
11668 2939 11647
5754 1556 5541
1556 5541 5754
5541 1556 5754
1112 6174 9831
6174 1112 9831
9831 1112 6174
4013 4562 8914
8914 4013 4562
4562 4013 8914
10179 7830 8942
7830 8942 10179
8942 7830 10179
3724 1785 13732
1785 3724 13732
13732 1785 3724
13989 1285 14617
14617 1285 13989
1285 13989 14617
12769 12522 14942
12522 12769 14942
14942 12522 12769
9528 838 14978
14978 838 9528
838 9528 14978
14722 5667 13067
5667 13067 14722
13067 5667 14722
12621 13122 13524
13524 12621 13122
13122 12621 13524
11438 2085 8017
8017 2085 11438
2085 8017 11438
11642 6673 8258
8258 6673 11642
6673 8258 11642
4790 6720 14755
14755 4790 6720
6720 4790 14755
8734 5772 6983
6983 5772 8734
5772 6983 8734
4015 802 10287
802 4015 10287
10287 802 4015
13355 2194 4773
2194 4773 13355
4773 2194 13355
1643 3168 3294
3294 1643 3168
3168 1643 3294
8084 3630 6788
3630 6788 8084
6788 3630 8084
9610 1930 7092
7092 1930 9610
1930 7092 9610
5790 3985 9436
3985 5790 9436
9436 3985 5790
2671 2755 3303
3303 2671 2755
2755 2671 3303
10235 1196 6957
1196 6957 10235
6957 1196 10235
7735 3899 12784
3899 7735 12784
12784 3899 7735
5551 1165 5359
1165 5359 5551
5359 1165 5551
3429 6501 13940
13940 3429 6501
6501 3429 13940
9647 3790 14273
14273 3790 9647
3790 9647 14273
13050 13668 14829
13668 13050 14829
14829 13050 13668
13675 3186 9513
9513 3186 13675
3186 9513 13675
3772 595 13449
13449 595 3772
595 3772 13449
14054 4682 10676
4682 10676 14054
10676 4682 14054
8583 4017 12839
12839 4017 8583
4017 8583 12839
13422 6627 6633
6633 6627 13422
6627 6633 13422
5374 11915 12923
12923 5374 11915
11915 5374 12923
525 6581 7879
6581 525 7879
7879 525 6581
3616 2802 10237
10237 2802 3616
2802 3616 10237
1868 7384 10839
7384 1868 10839
10839 1868 7384
3762 334 13508
334 3762 13508
13508 334 3762
9399 7904 11129
7904 9399 11129
11129 7904 9399
3442 3122 4427
4427 3122 3442
3122 3442 4427
3024 1409 11070
11070 1409 3024
1409 3024 11070
7961 3380 6671
3380 6671 7961
6671 3380 7961
11740 3621 4866
3621 4866 11740
4866 3621 11740
12935 5307 13585
13585 5307 12935
5307 12935 13585
5999 6969 9772
6969 5999 9772
9772 5999 6969
13686 9533 12052
12052 9533 13686
9533 12052 13686
10115 1423 11014
1423 10115 11014
11014 1423 10115
3647 7258 12218
7258 3647 12218
12218 3647 7258
1750 12180 13993
12180 1750 13993
13993 1750 12180
127 1848 11635
1848 127 11635
11635 127 1848
8349 6203 12909
6203 8349 12909
12909 6203 8349
5126 11973 14532
11973 5126 14532
14532 5126 11973
1080 7417 13382
13382 1080 7417
7417 1080 13382
4407 3480 11597
3480 4407 11597
11597 3480 4407
2936 9741 13012
9741 2936 13012
13012 2936 9741
2775 3776 6860
6860 2775 3776
3776 2775 6860
11566 1359 1771
1359 1771 11566
1771 1359 11566
4700 5600 10539
10539 4700 5600
5600 4700 10539
13418 3701 12703
3701 12703 13418
12703 3701 13418
8580 488 1282
488 1282 8580
1282 488 8580
7513 2240 9983
9983 2240 7513
2240 7513 9983
14327 3986 10955
3986 10955 14327
10955 3986 14327
6743 10414 13380
10414 6743 13380
13380 6743 10414
4675 144 7248
144 4675 7248
7248 144 4675
12580 1923 2428
1923 2428 12580
2428 1923 12580
1855 13652 13953
13652 1855 13953
13953 1855 13652
7896 3243 8909
8909 3243 7896
3243 7896 8909
13561 7621 9032
9032 7621 13561
7621 9032 13561
6349 9369 13913
13913 6349 9369
9369 6349 13913
2017 9903 11295
11295 2017 9903
9903 2017 11295
6928 10382 12300
12300 6928 10382
10382 6928 12300
14378 9524 10061
9524 10061 14378
10061 9524 14378
13812 8637 12950
8637 12950 13812
12950 8637 13812
4420 9039 14774
14774 4420 9039
9039 4420 14774
9924 4298 6955
4298 6955 9924
6955 4298 9924
9718 5813 7580
5813 7580 9718
7580 5813 9718
3833 3000 9262
3000 3833 9262
9262 3000 3833
11721 6441 11147
11147 6441 11721
6441 11147 11721
3903 6163 7147
7147 3903 6163
6163 3903 7147
2574 6632 7517
7517 2574 6632
6632 2574 7517
2094 6192 11423
6192 2094 11423
11423 2094 6192
3476 694 2740
2740 694 3476
694 2740 3476
9618 5669 8286
8286 5669 9618
5669 8286 9618
6693 2824 12730
12730 2824 6693
2824 6693 12730
6590 9103 14091
9103 6590 14091
14091 6590 9103
2379 766 13376
766 2379 13376
13376 766 2379
9655 3854 5897
5897 3854 9655
3854 5897 9655
14478 7657 13779
7657 13779 14478
13779 7657 14478
10068 8445 10689
8445 10068 10689
10689 8445 10068
10013 8684 8977
8977 8684 10013
8684 8977 10013
9926 12619 14402
12619 9926 14402
14402 9926 12619
1711 3234 7069
7069 1711 3234
3234 1711 7069
11903 7715 8474
8474 7715 11903
7715 8474 11903
14169 2965 13435
13435 2965 14169
2965 13435 14169
9017 4440 5607
5607 4440 9017
4440 5607 9017
14133 1371 5921
1371 5921 14133
5921 1371 14133
1402 754 11418
754 1402 11418
11418 754 1402
8245 4076 12546
4076 8245 12546
12546 4076 8245
6135 5047 13610
13610 5047 6135
5047 6135 13610
10594 62 7070
62 7070 10594
7070 62 10594
12517 1204 14553
14553 1204 12517
1204 12517 14553
7337 7390 12496
12496 7337 7390
7390 7337 12496
2313 4050 10243
10243 2313 4050
4050 2313 10243
1 3123 3598
3598 1 3123
3123 1 3598
2361 106 7497
7497 106 2361
106 2361 7497
9423 4765 13478
4765 9423 13478
13478 4765 9423
12419 4864 11783
11783 4864 12419
4864 11783 12419
12548 6562 12902
12902 6562 12548
6562 12548 12902
8548 4144 14473
14473 4144 8548
4144 8548 14473
12660 3331 11678
3331 11678 12660
11678 3331 12660
12063 1813 3113
1813 3113 12063
3113 1813 12063
8939 835 5100
835 5100 8939
5100 835 8939
10586 2842 5492
2842 5492 10586
5492 2842 10586
12039 2368 6795
6795 2368 12039
2368 6795 12039
14276 169 11865
11865 169 14276
169 11865 14276
13028 1181 2479
1181 2479 13028
2479 1181 13028
11178 1068 5247
5247 1068 11178
1068 5247 11178
10772 5853 12144
12144 5853 10772
5853 10772 12144
6527 4551 6889
6889 4551 6527
4551 6527 6889
1645 1573 8735
1573 1645 8735
8735 1573 1645
6119 11676 13373
13373 6119 11676
11676 6119 13373
5577 5304 11713
11713 5304 5577
5304 5577 11713
10304 560 3292
3292 560 10304
560 3292 10304
1037 10888 10959
10888 1037 10959
10959 1037 10888
7060 215 930
930 215 7060
215 930 7060
13429 4347 8059
4347 8059 13429
8059 4347 13429
12446 265 10347
265 10347 12446
10347 265 12446
14543 3953 4279
4279 3953 14543
3953 4279 14543
7712 7081 14008
14008 7081 7712
7081 7712 14008
9868 1310 6310
1310 6310 9868
6310 1310 9868
11580 1675 4713
1675 4713 11580
4713 1675 11580
11790 4912 7088
4912 7088 11790
7088 4912 11790
7931 149 10361
149 7931 10361
10361 149 7931
14482 4720 14517
14517 4720 14482
4720 14482 14517
12440 12753 14042
14042 12440 12753
12753 12440 14042
8110 476 3220
476 3220 8110
3220 476 8110
3894 1467 6162
1467 3894 6162
6162 1467 3894
11330 3143 9427
9427 3143 11330
3143 9427 11330
3811 2921 9360
9360 2921 3811
2921 3811 9360
5135 9288 13402
9288 5135 13402
13402 5135 9288
2931 3600 11401
3600 2931 11401
11401 2931 3600
10791 1291 6145
6145 1291 10791
1291 6145 10791
2534 9405 14405
9405 2534 14405
14405 2534 9405
5043 2107 6244
2107 5043 6244
6244 2107 5043
6076 1746 9547
1746 6076 9547
9547 1746 6076
13297 1858 2682
1858 2682 13297
2682 1858 13297
7994 7876 11513
7876 7994 11513
11513 7876 7994
1474 2938 12577
12577 1474 2938
2938 1474 12577
2561 5693 8890
5693 2561 8890
8890 2561 5693
4117 10843 12931
10843 4117 12931
12931 4117 10843
3503 10160 14948
14948 3503 10160
10160 3503 14948
9930 13471 13931
13471 9930 13931
13931 9930 13471
10964 295 4668
295 4668 10964
4668 295 10964
13124 2245 7495
7495 2245 13124
2245 7495 13124
5203 10089 11927
11927 5203 10089
10089 5203 11927
12811 2907 4984
2907 4984 12811
4984 2907 12811
7466 9551 14015
9551 7466 14015
14015 7466 9551
6026 180 14965
180 6026 14965
14965 180 6026
327 3305 6767
6767 327 3305
3305 327 6767
8222 1162 13823
1162 8222 13823
13823 1162 8222
7956 9886 11056
11056 7956 9886
9886 7956 11056
5018 9674 12071
12071 5018 9674
9674 5018 12071
8100 4848 12871
4848 8100 12871
12871 4848 8100
13054 12284 13935
13935 12284 13054
12284 13054 13935
3040 4497 13466
4497 3040 13466
13466 3040 4497
5140 4926 14520
14520 4926 5140
4926 5140 14520
2120 854 5436
854 2120 5436
5436 854 2120
14951 7770 11390
11390 7770 14951
7770 11390 14951
11637 8657 11391
11391 8657 11637
8657 11391 11637
12641 320 12570
12570 320 12641
320 12570 12641
13555 12995 13403
13403 12995 13555
12995 13403 13555
3447 1395 10258
10258 1395 3447
1395 3447 10258
5445 1018 8759
8759 1018 5445
1018 5445 8759
6868 6954 7078
6954 6868 7078
7078 6868 6954
12223 532 2348
532 2348 12223
2348 532 12223
1440 5994 9081
9081 1440 5994
5994 1440 9081
5835 6762 14798
14798 5835 6762
6762 5835 14798
10550 7558 14109
7558 10550 14109
14109 7558 10550
13908 7103 13446
13446 7103 13908
7103 13446 13908
12461 11460 11547
11460 11547 12461
11547 11460 12461
190 10922 14748
10922 190 14748
14748 190 10922
5336 3829 7360
7360 3829 5336
3829 5336 7360
4869 3738 12377
12377 3738 4869
3738 4869 12377
11228 11225 13776
13776 11225 11228
11225 11228 13776
1364 132 2693
132 1364 2693
2693 132 1364
286 4924 5636
4924 286 5636
5636 286 4924
13658 7914 8642
7914 8642 13658
8642 7914 13658
5490 1827 2727
1827 2727 5490
2727 1827 5490
14263 1142 3907
1142 3907 14263
3907 1142 14263
4542 2383 6737
6737 2383 4542
2383 4542 6737
8077 1338 9182
1338 8077 9182
9182 1338 8077
2826 11757 14188
11757 2826 14188
14188 2826 11757
9986 6962 7812
6962 7812 9986
7812 6962 9986
743 3 3281
3281 3 743
3 743 3281
148 4035 10043
10043 148 4035
4035 148 10043
3251 4027 5491
4027 3251 5491
5491 3251 4027
3534 2788 4302
4302 2788 3534
2788 3534 4302
11728 3653 6308
3653 6308 11728
6308 3653 11728
1999 5461 14895
14895 1999 5461
5461 1999 14895
1912 633 1981
1981 633 1912
633 1912 1981
2318 7882 13479
7882 2318 13479
13479 2318 7882
5395 1896 3246
1896 3246 5395
3246 1896 5395
2394 5261 8191
5261 2394 8191
8191 2394 5261
897 2925 11037
11037 897 2925
2925 897 11037
12173 654 5590
654 5590 12173
5590 654 12173
14476 242 11235
242 11235 14476
11235 242 14476
7700 751 4567
751 4567 7700
4567 751 7700
1541 6518 10385
10385 1541 6518
6518 1541 10385
8123 4095 11481
11481 4095 8123
4095 8123 11481
12413 2797 8119
8119 2797 12413
2797 8119 12413
779 844 5524
844 779 5524
5524 779 844
8424 285 14841
285 8424 14841
14841 285 8424
12367 2476 9945
9945 2476 12367
2476 9945 12367
11619 1534 14426
1534 11619 14426
14426 1534 11619
693 6577 13841
13841 693 6577
6577 693 13841
5649 3337 8920
8920 3337 5649
3337 5649 8920
12474 2203 6069
6069 2203 12474
2203 6069 12474
8862 715 11535
715 8862 11535
11535 715 8862
14954 5205 11888
5205 11888 14954
11888 5205 14954
936 7410 9642
9642 936 7410
7410 936 9642
7747 1351 2462
1351 2462 7747
2462 1351 7747
7960 2995 3200
2995 3200 7960
3200 2995 7960
1803 6772 9159
6772 1803 9159
9159 1803 6772
8115 5562 13849
13849 5562 8115
5562 8115 13849
9031 601 2540
2540 601 9031
601 2540 9031
3105 393 13411
13411 393 3105
393 3105 13411
14107 2252 9388
9388 2252 14107
2252 9388 14107
12027 513 11528
11528 513 12027
513 11528 12027
9532 1531 6253
1531 6253 9532
6253 1531 9532
3609 9832 14976
14976 3609 9832
9832 3609 14976
4452 777 14646
14646 777 4452
777 4452 14646
4152 939 14564
939 4152 14564
14564 939 4152
896 4433 8894
8894 896 4433
4433 896 8894
9023 1157 10197
10197 1157 9023
1157 9023 10197
909 618 9252
9252 618 909
618 909 9252
7832 4896 10687
10687 4896 7832
4896 7832 10687
14987 4282 11361
4282 11361 14987
11361 4282 14987
6469 4659 9000
9000 4659 6469
4659 6469 9000
2008 10920 13705
10920 2008 13705
13705 2008 10920
5290 744 3812
744 3812 5290
3812 744 5290
4850 9829 13053
13053 4850 9829
9829 4850 13053
14233 5323 7723
7723 5323 14233
5323 7723 14233
8576 3211 4173
3211 4173 8576
4173 3211 8576
6529 988 7296
7296 988 6529
988 6529 7296
10488 7006 14225
14225 7006 10488
7006 10488 14225
9149 11839 13930
13930 9149 11839
11839 9149 13930
11108 8485 11786
11786 8485 11108
8485 11108 11786
10758 7333 7670
7333 7670 10758
7670 7333 10758
8423 1535 3769
3769 1535 8423
1535 3769 8423
11297 931 9511
931 9511 11297
9511 931 11297
14160 1975 4963
4963 1975 14160
1975 4963 14160
466 14317 14615
14317 466 14615
14615 466 14317
3283 8321 8563
8563 3283 8321
8321 3283 8563
11468 5759 5825
5825 5759 11468
5759 5825 11468
4224 6442 6542
6442 4224 6542
6542 4224 6442
3882 1429 11675
1429 3882 11675
11675 1429 3882
8921 6207 11718
11718 6207 8921
6207 8921 11718
10770 11611 14687
14687 10770 11611
11611 10770 14687
6412 4710 12981
12981 4710 6412
4710 6412 12981
5848 12041 13219
13219 5848 12041
12041 5848 13219
9521 7476 9339
9339 7476 9521
7476 9339 9521
13977 6507 14221
14221 6507 13977
6507 13977 14221
13521 100 463
100 463 13521
463 100 13521
4529 8893 8935
8893 4529 8935
8935 4529 8893
6923 8826 14162
14162 6923 8826
8826 6923 14162
12914 625 5125
5125 625 12914
625 5125 12914
7720 3823 14304
3823 7720 14304
14304 3823 7720
1082 7134 7431
7134 1082 7431
7431 1082 7134
5953 1985 5739
1985 5739 5953
5739 1985 5953
5022 2988 10051
2988 5022 10051
10051 2988 5022
1353 3082 7032
3082 1353 7032
7032 1353 3082
7631 4245 4389
4389 4245 7631
4245 4389 7631
8601 9422 13576
13576 8601 9422
9422 8601 13576
11829 3379 8586
8586 3379 11829
3379 8586 11829
2491 527 7617
7617 527 2491
527 2491 7617
5865 2994 13572
13572 2994 5865
2994 5865 13572
2422 293 13080
13080 293 2422
293 2422 13080
10432 6413 7270
6413 7270 10432
7270 6413 10432
5055 4233 6183
4233 5055 6183
6183 4233 5055
9763 1928 7201
7201 1928 9763
1928 7201 9763
14885 1086 10668
1086 10668 14885
10668 1086 14885
10928 1245 10047
1245 10047 10928
10047 1245 10928
2354 4613 9416
4613 2354 9416
9416 2354 4613
6236 70 7649
70 6236 7649
7649 70 6236
6103 1777 3741
1777 3741 6103
3741 1777 6103
6853 11352 12754
12754 6853 11352
11352 6853 12754
9037 7980 8467
7980 8467 9037
8467 7980 9037
3483 11299 14565
11299 3483 14565
14565 3483 11299
2805 3334 4976
4976 2805 3334
3334 2805 4976
10557 7944 7972
7944 7972 10557
7972 7944 10557
6754 1166 8740
8740 1166 6754
1166 6754 8740
9966 1413 14526
1413 9966 14526
14526 1413 9966
10271 5566 6708
5566 6708 10271
6708 5566 10271
5798 7300 8917
8917 5798 7300
7300 5798 8917
10221 1379 11705
11705 1379 10221
1379 10221 11705
7716 4643 9887
4643 7716 9887
9887 4643 7716
5107 2367 3827
2367 3827 5107
3827 2367 5107
11854 2812 6289
2812 6289 11854
6289 2812 11854
5779 208 13541
13541 208 5779
208 5779 13541
8969 8820 11930
8820 8969 11930
11930 8820 8969
8460 4288 7132
7132 4288 8460
4288 7132 8460
14354 1289 10979
10979 1289 14354
1289 10979 14354
4108 2653 6118
6118 2653 4108
2653 4108 6118
6233 4417 10109
10109 4417 6233
4417 6233 10109
3727 1795 12298
12298 1795 3727
1795 3727 12298
8225 6752 11794
11794 6752 8225
6752 8225 11794
8671 11685 12488
12488 8671 11685
11685 8671 12488
13651 10446 14740
14740 10446 13651
10446 13651 14740
141 6420 9653
6420 141 9653
9653 141 6420
5655 8983 14036
8983 5655 14036
14036 5655 8983
551 5045 12829
5045 551 12829
12829 551 5045
2294 9680 14047
14047 2294 9680
9680 2294 14047
3973 10653 10781
10781 3973 10653
10653 3973 10781
7028 2055 8185
2055 7028 8185
8185 2055 7028
8336 684 4099
4099 684 8336
684 4099 8336
8393 2613 6316
6316 2613 8393
2613 6316 8393
1020 561 7016
7016 561 1020
561 1020 7016
13554 12359 12465
12359 12465 13554
12465 12359 13554
7467 73 13832
73 7467 13832
13832 73 7467
6851 1552 4405
1552 4405 6851
4405 1552 6851
10553 4571 5424
5424 4571 10553
4571 5424 10553
1797 388 5889
5889 388 1797
388 1797 5889
5934 1296 9884
9884 1296 5934
1296 5934 9884
10139 13520 14297
14297 10139 13520
13520 10139 14297
37 444 2725
444 37 2725
2725 37 444
9861 2109 11432
11432 2109 9861
2109 9861 11432
735 7902 8514
7902 735 8514
8514 735 7902
6980 7782 9439
7782 6980 9439
9439 6980 7782
4799 5696 9285
5696 4799 9285
9285 4799 5696
1488 1655 7085
7085 1488 1655
1655 1488 7085
13036 3673 10154
3673 10154 13036
10154 3673 13036
14870 1034 3137
1034 3137 14870
3137 1034 14870
1580 231 6478
6478 231 1580
231 1580 6478
14576 1648 11803
11803 1648 14576
1648 11803 14576
6455 5969 8818
8818 5969 6455
5969 6455 8818
9192 7660 7756
7660 7756 9192
7756 7660 9192
4755 3585 4612
4612 3585 4755
3585 4612 4755
8554 6059 6506
6059 6506 8554
6506 6059 8554
5390 907 10598
10598 907 5390
907 5390 10598
10180 2889 12650
12650 2889 10180
2889 10180 12650
5318 6120 13690
13690 5318 6120
6120 5318 13690
4557 2172 12680
12680 2172 4557
2172 4557 12680
10328 11768 14998
14998 10328 11768
11768 10328 14998
10423 5932 12671
5932 10423 12671
12671 5932 10423
9711 9771 10251
10251 9711 9771
9771 9711 10251
13962 11667 13111
13111 11667 13962
11667 13111 13962
5517 6924 6986
6986 5517 6924
6924 5517 6986
6328 11359 12267
11359 6328 12267
12267 6328 11359
14322 5418 13956
13956 5418 14322
5418 13956 14322
9704 429 7766
7766 429 9704
429 7766 9704
13046 1253 1368
1253 1368 13046
1368 1253 13046
3880 5688 8498
5688 3880 8498
8498 3880 5688
3415 3788 7771
7771 3415 3788
3788 3415 7771
1782 5767 9128
9128 1782 5767
5767 1782 9128
5142 1885 7140
7140 1885 5142
1885 5142 7140
3408 3203 12031
3203 3408 12031
12031 3203 3408
2443 10965 12296
12296 2443 10965
10965 2443 12296
6922 6895 9905
6895 6922 9905
9905 6895 6922
2733 2316 6463
6463 2316 2733
2316 2733 6463
7745 4730 8901
8901 4730 7745
4730 7745 8901
12489 7761 9635
9635 7761 12489
7761 9635 12489
8239 5505 6886
5505 6886 8239
6886 5505 8239
8081 2709 8944
2709 8081 8944
8944 2709 8081
351 2974 5536
5536 351 2974
2974 351 5536
13729 10286 13586
10286 13586 13729
13586 10286 13729
10575 5075 10812
5075 10575 10812
10812 5075 10575
739 3131 7259
3131 739 7259
7259 739 3131
1749 3023 12470
12470 1749 3023
3023 1749 12470
8967 3601 11215
3601 8967 11215
11215 3601 8967
1403 4259 9581
9581 1403 4259
4259 1403 9581
3853 2933 4769
2933 3853 4769
4769 2933 3853
5482 1050 5892
5892 1050 5482
1050 5482 5892
5009 10052 14653
10052 5009 14653
14653 5009 10052
13715 6112 11004
11004 6112 13715
6112 11004 13715
1015 8739 9588
8739 1015 9588
9588 1015 8739
10980 1939 6190
6190 1939 10980
1939 6190 10980
9923 7059 14930
7059 9923 14930
14930 7059 9923
9358 2353 11552
11552 2353 9358
2353 9358 11552
7656 390 10208
10208 390 7656
390 7656 10208
7501 2983 9776
2983 7501 9776
9776 2983 7501
10045 9171 12610
12610 9171 10045
9171 10045 12610
8547 7305 14134
14134 7305 8547
7305 8547 14134
4590 5935 13735
13735 4590 5935
5935 4590 13735
435 2473 3218
3218 435 2473
2473 435 3218
14984 6427 10494
6427 10494 14984
10494 6427 14984
9745 3754 11760
11760 3754 9745
3754 9745 11760
3948 730 13646
730 3948 13646
13646 730 3948
14914 3696 10170
10170 3696 14914
3696 10170 14914
7368 11107 14140
11107 7368 14140
14140 7368 11107
6916 7784 13375
7784 6916 13375
13375 6916 7784
4326 8737 14991
8737 4326 14991
14991 4326 8737
11878 9271 10257
10257 9271 11878
9271 10257 11878
9765 1807 13189
13189 1807 9765
1807 9765 13189
8389 773 3822
3822 773 8389
773 3822 8389
6061 7843 8989
7843 6061 8989
8989 6061 7843
3799 13711 14437
13711 3799 14437
14437 3799 13711
2813 911 10141
911 2813 10141
10141 911 2813
1983 2289 10903
2289 1983 10903
10903 1983 2289
5488 4684 6822
4684 5488 6822
6822 4684 5488
1532 3412 13129
13129 1532 3412
3412 1532 13129
1766 7764 11958
7764 1766 11958
11958 1766 7764
8029 5689 14782
14782 5689 8029
5689 8029 14782
10190 7380 11093
7380 10190 11093
11093 7380 10190
14074 3170 8473
8473 3170 14074
3170 8473 14074
3538 5443 11543
11543 3538 5443
5443 3538 11543
9264 5222 7928
5222 7928 9264
7928 5222 9264
10706 1294 10951
10951 1294 10706
1294 10706 10951
3842 5611 11851
11851 3842 5611
5611 3842 11851
4464 4843 13167
13167 4464 4843
4843 4464 13167
1811 3712 8765
8765 1811 3712
3712 1811 8765
1971 7874 14983
14983 1971 7874
7874 1971 14983
3726 12644 13348
13348 3726 12644
12644 3726 13348
690 6920 14857
14857 690 6920
6920 690 14857
11849 4437 12582
12582 4437 11849
4437 11849 12582
4582 1570 9695
1570 4582 9695
9695 1570 4582
11260 9160 12192
12192 9160 11260
9160 11260 12192
4516 7080 13242
13242 4516 7080
7080 4516 13242
8192 523 11062
523 8192 11062
11062 523 8192
4715 3208 9253
9253 3208 4715
3208 4715 9253
14197 1661 8631
8631 1661 14197
1661 8631 14197
7677 6013 6079
6013 6079 7677
6079 6013 7677
3275 6756 14979
6756 3275 14979
14979 3275 6756
7777 8645 10968
10968 7777 8645
8645 7777 10968
14500 5426 13410
13410 5426 14500
5426 13410 14500
4104 2360 13925
2360 4104 13925
13925 2360 4104
164 1315 13781
1315 164 13781
13781 164 1315
11758 6492 13777
13777 6492 11758
6492 11758 13777
3090 5089 7637
5089 3090 7637
7637 3090 5089
11055 7422 7846
7422 7846 11055
7846 7422 11055
7291 3924 10827
3924 7291 10827
10827 3924 7291
11193 7701 11704
11704 7701 11193
7701 11193 11704
11016 9632 13824
9632 11016 13824
13824 9632 11016
12697 9932 12074
9932 12074 12697
12074 9932 12697
10469 4761 5162
5162 4761 10469
4761 5162 10469
14626 11764 12773
11764 12773 14626
12773 11764 14626
7862 798 5130
798 5130 7862
5130 798 7862
1464 652 5231
652 1464 5231
5231 652 1464
5627 10745 14326
14326 5627 10745
10745 5627 14326
10302 5163 12572
12572 5163 10302
5163 10302 12572
8263 9876 10467
10467 8263 9876
9876 8263 10467
2497 13105 14069
14069 2497 13105
13105 2497 14069
2145 5977 9370
9370 2145 5977
5977 2145 9370
13906 1767 9739
1767 9739 13906
9739 1767 13906
8870 7005 10507
10507 7005 8870
7005 8870 10507
14045 7732 12084
7732 12084 14045
12084 7732 14045
9753 4211 12239
4211 9753 12239
12239 4211 9753
11624 5074 8455
5074 8455 11624
8455 5074 11624
7187 3643 14332
3643 7187 14332
14332 3643 7187
475 2922 14915
14915 475 2922
2922 475 14915
1477 2874 14365
2874 1477 14365
14365 1477 2874
7638 933 12387
933 7638 12387
12387 933 7638
697 7057 10701
10701 697 7057
7057 697 10701
3611 9757 14833
14833 3611 9757
9757 3611 14833
8678 594 7100
7100 594 8678
594 7100 8678
5344 8703 14052
14052 5344 8703
8703 5344 14052
13423 2530 12984
12984 2530 13423
2530 12984 13423
6088 5420 9417
9417 5420 6088
5420 6088 9417
8788 7 1883
7 1883 8788
1883 7 8788
10943 512 3157
512 3157 10943
3157 512 10943
3967 3836 11155
11155 3836 3967
3836 3967 11155
1684 3373 5726
5726 1684 3373
3373 1684 5726
7624 13704 14719
13704 7624 14719
14719 7624 13704
6976 3574 6451
6451 3574 6976
3574 6451 6976
10578 5096 11835
5096 10578 11835
11835 5096 10578
7519 1033 5116
5116 1033 7519
1033 5116 7519
11368 4156 7185
4156 7185 11368
7185 4156 11368
3529 11277 11887
11277 3529 11887
11887 3529 11277
12992 4388 13064
13064 4388 12992
4388 12992 13064
4942 1339 11630
11630 1339 4942
1339 4942 11630
14568 6333 9811
9811 6333 14568
6333 9811 14568
139 2401 12919
12919 139 2401
2401 139 12919
6313 3582 14756
3582 6313 14756
14756 3582 6313
4313 8511 13443
13443 4313 8511
8511 4313 13443
5995 9465 12017
9465 5995 12017
12017 5995 9465
6372 5267 8577
8577 5267 6372
5267 6372 8577
13602 4084 4275
4275 4084 13602
4084 4275 13602
10981 980 6614
980 6614 10981
6614 980 10981
485 10822 13645
13645 485 10822
10822 485 13645
10521 1385 4074
4074 1385 10521
1385 4074 10521
10475 990 10774
10774 990 10475
990 10475 10774
874 214 9046
214 874 9046
9046 214 874
6223 1577 10682
10682 1577 6223
1577 6223 10682
8995 2789 11918
2789 8995 11918
11918 2789 8995
3172 13799 14364
14364 3172 13799
13799 3172 14364
14812 2585 12924
2585 12924 14812
12924 2585 14812
6458 11346 12763
12763 6458 11346
11346 6458 12763
12313 8216 12005
12005 8216 12313
8216 12005 12313
1125 9946 11136
9946 1125 11136
11136 1125 9946
4343 9516 13371
9516 4343 13371
13371 4343 9516
6667 2441 3268
2441 3268 6667
3268 2441 6667
10260 14072 14697
14072 10260 14697
14697 10260 14072
8702 2285 12669
2285 8702 12669
12669 2285 8702
6457 960 9191
9191 960 6457
960 6457 9191
13268 1420 10616
10616 1420 13268
1420 10616 13268
13100 1725 14499
1725 13100 14499
14499 1725 13100
4040 8140 11137
8140 4040 11137
11137 4040 8140
4623 9076 12256
12256 4623 9076
9076 4623 12256
11507 1931 3109
1931 3109 11507
3109 1931 11507
2957 361 13407
361 2957 13407
13407 361 2957
7018 6473 11698
6473 7018 11698
11698 6473 7018
13233 3694 8397
3694 8397 13233
8397 3694 13233
5444 7576 12499
7576 5444 12499
12499 5444 7576
10584 5494 11554
5494 10584 11554
11554 5494 10584
13186 7816 10641
7816 10641 13186
10641 7816 13186
5915 2266 2897
2897 2266 5915
2266 2897 5915
7453 6279 8223
8223 6279 7453
6279 7453 8223
13254 365 5276
5276 365 13254
365 5276 13254
9541 8458 14893
8458 9541 14893
14893 8458 9541
10232 5062 6243
5062 6243 10232
6243 5062 10232
7919 8705 11276
8705 7919 11276
11276 7919 8705
8174 3459 8271
8271 3459 8174
