345 980 1019
980 345 1019
1019 345 980
1488 796 829
829 796 1488
796 829 1488
1279 288 513
288 513 1279
513 288 1279
1026 248 428
248 428 1026
428 248 1026
321 258 943
258 321 943
943 258 321
683 233 656
233 656 683
656 233 683
20 13 1452
13 20 1452
1452 13 20
445 1217 1363
1363 445 1217
1217 445 1363
542 810 1466
810 542 1466
1466 542 810
735 17 1337
1337 17 735
17 735 1337
28 795 1101
1101 28 795
795 28 1101
171 471 1298
1298 171 471
471 171 1298
1342 462 1306
462 1306 1342
1306 462 1342
138 287 560
287 138 560
560 138 287
144 1258 1341
1341 144 1258
1258 144 1341
93 179 852
852 93 179
179 93 852
634 410 696
410 634 696
696 410 634
1193 95 1417
1417 95 1193
95 1193 1417
1315 240 834
240 834 1315
834 240 1315
249 989 1361
1361 249 989
989 249 1361
953 66 985
66 953 985
985 66 953
1287 620 1468
620 1287 1468
1468 620 1287
803 81 615
615 81 803
81 615 803
509 718 1234
718 509 1234
1234 509 718
487 136 207
136 207 487
207 136 487
417 217 421
217 417 421
421 217 417
972 808 1107
808 972 1107
1107 808 972
1024 229 831
831 229 1024
229 831 1024
1251 241 1173
1173 241 1251
241 1173 1251
1492 1321 1418
1321 1418 1492
1418 1321 1492
1243 335 598
598 335 1243
335 598 1243
263 719 731
719 263 731
731 263 719
1355 110 896
896 110 1355
110 896 1355
739 113 1085
113 739 1085
1085 113 739
476 610 716
610 476 716
716 476 610
433 672 901
901 433 672
672 433 901
1140 844 1489
1489 844 1140
844 1140 1489
850 1390 1462
1462 850 1390
1390 850 1462
470 177 479
479 177 470
177 470 479
4 482 1269
1269 4 482
482 4 1269
333 327 1408
1408 327 333
327 333 1408
1009 182 473
182 473 1009
473 182 1009
995 1198 1222
1222 995 1198
1198 995 1222
314 311 859
859 311 314
311 314 859
839 1316 1461
1461 839 1316
1316 839 1461
501 38 63
38 63 501
63 38 501
443 352 1039
1039 352 443
352 443 1039
491 250 786
786 250 491
250 491 786
1471 788 1372
1372 788 1471
788 1372 1471
285 538 845
845 285 538
538 285 845
641 717 928
928 641 717
717 641 928
961 722 819
722 819 961
819 722 961
645 1020 1350
1350 645 1020
1020 645 1350
680 1044 1275
1044 680 1275
1275 680 1044
284 478 599
478 284 599
599 284 478
616 585 1333
585 616 1333
1333 585 616
1120 489 939
489 939 1120
939 489 1120
591 178 523
178 523 591
523 178 591
1265 336 1241
1241 336 1265
336 1241 1265
537 154 1147
154 537 1147
1147 154 537
1277 679 1201
679 1201 1277
1201 679 1277
24 235 932
235 24 932
932 24 235
777 379 552
552 379 777
379 552 777
380 388 1200
388 380 1200
1200 380 388
104 1084 1214
1214 104 1084
1084 104 1214
398 266 460
266 398 460
460 266 398
149 545 686
686 149 545
545 149 686
804 453 959
453 804 959
959 453 804
1422 293 1211
1211 293 1422
293 1211 1422
197 363 907
363 197 907
907 197 363
50 1035 1487
1035 50 1487
1487 50 1035
341 168 1480
1480 168 341
168 341 1480
929 723 872
872 723 929
723 872 929
817 732 1010
732 817 1010
1010 732 817
490 273 1254
1254 273 490
273 490 1254
1465 118 162
162 118 1465
118 162 1465
1229 58 727
58 727 1229
727 58 1229
861 906 1033
1033 861 906
906 861 1033
1154 350 1062
1062 350 1154
350 1062 1154
572 800 933
933 572 800
800 572 933
1032 276 342
276 342 1032
342 276 1032
1220 268 1264
268 1220 1264
1264 268 1220
1405 951 1037
951 1037 1405
1037 951 1405
558 267 642
267 558 642
642 267 558
232 300 510
300 232 510
510 232 300
1090 815 950
950 815 1090
815 950 1090
1056 636 1189
1189 636 1056
636 1056 1189
191 809 1268
1268 191 809
809 191 1268
1296 1070 1414
1070 1296 1414
1414 1070 1296
1444 92 305
305 92 1444
92 305 1444
970 309 395
309 395 970
395 309 970
812 25 780
780 25 812
25 780 812
561 467 1239
1239 467 561
467 561 1239
1270 1290 1292
1290 1270 1292
1292 1270 1290
18 587 871
587 18 871
871 18 587
1136 619 765
765 619 1136
619 765 1136
83 1072 1204
1204 83 1072
1072 83 1204
663 355 934
934 355 663
355 663 934
448 713 1378
713 448 1378
1378 448 713
244 340 772
772 244 340
340 244 772
418 525 1439
1439 418 525
525 418 1439
1403 242 1338
242 1338 1403
1338 242 1403
1278 142 581
581 142 1278
142 581 1278
908 175 838
838 175 908
175 838 908
339 1130 1425
1130 339 1425
1425 339 1130
153 1134 1345
1345 153 1134
1134 153 1345
7 661 926
926 7 661
661 7 926
29 146 255
146 29 255
255 29 146
163 247 493
247 163 493
493 163 247
1426 36 228
36 228 1426
228 36 1426
742 1164 1273
1164 742 1273
1273 742 1164
373 173 814
814 173 373
173 373 814
199 200 624
624 199 200
200 199 624
243 412 1125
1125 243 412
412 243 1125
151 131 540
131 151 540
540 131 151
1075 313 500
313 500 1075
500 313 1075
807 1080 1431
1080 807 1431
1431 807 1080
53 1181 1276
1276 53 1181
1181 53 1276
1168 426 535
426 535 1168
535 426 1168
1236 307 999
999 307 1236
307 999 1236
303 986 1411
1411 303 986
986 303 1411
1049 122 376
376 122 1049
122 376 1049
566 564 764
564 566 764
764 564 566
1183 1038 1394
1394 1038 1183
1038 1183 1394
1079 201 1283
201 1079 1283
1283 201 1079
779 331 791
791 331 779
331 779 791
823 358 584
584 358 823
358 584 823
1031 659 941
941 659 1031
659 941 1031
1332 62 139
62 139 1332
139 62 1332
664 82 843
82 664 843
843 82 664
1401 211 455
455 211 1401
211 455 1401
280 1099 1334
1334 280 1099
1099 280 1334
103 306 1329
1329 103 306
306 103 1329
1324 181 1416
181 1324 1416
1416 181 1324
1155 867 904
867 904 1155
904 867 1155
22 576 974
974 22 576
576 22 974
434 21 623
623 21 434
21 434 623
763 833 1380
1380 763 833
833 763 1380
505 755 759
759 505 755
755 505 759
329 919 1470
1470 329 919
919 329 1470
857 855 1109
855 857 1109
1109 855 857
1103 637 733
733 637 1103
637 733 1103
6 219 854
854 6 219
219 6 854
281 1115 1451
1451 281 1115
1115 281 1451
771 312 874
312 771 874
874 312 771
1443 767 1491
767 1443 1491
1491 767 1443
1395 403 1199
403 1199 1395
1199 403 1395
1375 468 1387
1387 468 1375
468 1375 1387
629 87 646
87 629 646
646 87 629
1365 40 673
673 40 1365
40 673 1365
617 1054 1312
1054 617 1312
1312 617 1054
384 822 1385
822 384 1385
1385 384 822
1042 351 485
351 485 1042
485 351 1042
459 344 437
344 437 459
437 344 459
1195 431 1210
431 1195 1210
1210 431 1195
1138 184 937
184 937 1138
937 184 1138
533 543 707
543 533 707
707 533 543
1000 1281 1374
1374 1000 1281
1281 1000 1374
554 670 1256
670 554 1256
1256 554 670
918 699 1186
1186 699 918
699 918 1186
1351 47 577
577 47 1351
47 577 1351
301 143 359
143 301 359
359 143 301
1116 353 588
353 588 1116
588 353 1116
1170 864 927
864 927 1170
927 864 1170
195 37 1421
1421 37 195
37 195 1421
497 441 1003
441 497 1003
1003 441 497
86 522 775
522 86 775
775 86 522
866 1131 1412
1131 866 1412
1412 866 1131
420 419 456
419 420 456
456 419 420
757 782 813
813 757 782
782 757 813
404 725 1150
1150 404 725
725 404 1150
326 666 921
921 326 666
666 326 921
457 19 736
736 19 457
19 457 736
454 766 790
790 454 766
766 454 790
134 1133 1382
1133 134 1382
1382 134 1133
1015 107 1490
107 1015 1490
1490 107 1015
213 503 1216
1216 213 503
503 213 1216
994 541 1225
1225 541 994
541 994 1225
654 1289 1376
1376 654 1289
1289 654 1376
169 245 749
245 169 749
749 169 245
1230 835 1447
835 1230 1447
1447 835 1230
332 5 325
5 325 332
325 5 332
648 658 1347
1347 648 658
658 648 1347
1305 414 1219
1219 414 1305
414 1219 1305
26 557 754
754 26 557
557 26 754
1396 222 1104
1104 222 1396
222 1104 1396
512 704 826
826 512 704
704 512 826
16 920 1194
1194 16 920
920 16 1194
869 720 1388
1388 720 869
720 869 1388
1046 895 1432
1432 895 1046
895 1046 1432
1166 10 170
10 170 1166
170 10 1166
1272 925 1175
925 1175 1272
1175 925 1272
1152 830 847
847 830 1152
830 847 1152
286 140 688
140 286 688
688 140 286
349 67 987
67 349 987
987 67 349
1076 1476 1477
1477 1076 1476
1476 1076 1477
1455 159 1169
159 1169 1455
1169 159 1455
205 1052 1212
1212 205 1052
1052 205 1212
1117 114 1244
1244 114 1117
114 1117 1244
553 196 539
196 539 553
539 196 553
694 649 1499
649 694 1499
1499 649 694
386 1184 1307
1184 386 1307
1307 386 1184
737 193 1446
193 737 1446
1446 193 737
262 124 234
234 124 262
124 234 262
1325 141 208
141 208 1325
208 141 1325
1399 413 805
413 805 1399
805 413 1399
1021 676 1172
676 1021 1172
1172 676 1021
565 856 1022
1022 565 856
856 565 1022
1159 573 1041
573 1041 1159
1041 573 1159
521 488 1017
1017 488 521
488 521 1017
137 30 430
430 30 137
30 137 430
474 506 1081
1081 474 506
506 474 1081
425 734 945
734 425 945
945 425 734
319 858 1420
858 319 1420
1420 319 858
685 910 1314
910 685 1314
1314 685 910
681 215 1288
215 681 1288
1288 215 681
515 842 884
884 515 842
842 515 884
1245 486 1344
486 1245 1344
1344 486 1245
571 909 1048
909 571 1048
1048 571 909
948 880 958
880 948 958
958 880 948
337 524 799
524 337 799
799 337 524
979 504 635
504 635 979
635 504 979
1313 57 968
968 57 1313
57 968 1313
463 407 631
407 463 631
631 407 463
911 225 1308
1308 225 911
225 911 1308
46 209 532
209 46 532
532 46 209
1459 206 1423
1423 206 1459
206 1423 1459
1202 85 1413
1413 85 1202
85 1202 1413
944 832 981
981 832 944
832 944 981
1449 472 1339
1339 472 1449
472 1339 1449
992 873 1267
1267 873 992
873 992 1267
1496 212 1407
212 1407 1496
1407 212 1496
1118 96 556
96 556 1118
556 96 1118
828 495 837
837 495 828
495 828 837
423 684 1123
1123 423 684
684 423 1123
275 761 1369
1369 275 761
761 275 1369
1367 397 792
397 792 1367
792 397 1367
514 126 346
346 126 514
126 346 514
1197 226 1249
1249 226 1197
226 1197 1249
1322 218 708
708 218 1322
218 708 1322
568 133 304
304 133 568
133 304 568
827 1206 1384
1384 827 1206
1206 827 1384
1029 983 1071
1071 983 1029
983 1029 1071
91 78 79
79 78 91
78 79 91
1094 320 954
954 320 1094
320 954 1094
726 401 936
401 726 936
936 401 726
80 231 1163
231 80 1163
1163 80 231
450 145 1373
145 450 1373
1373 145 450
152 32 172
32 152 172
172 32 152
298 60 530
530 60 298
60 298 530
88 1129 1448
1129 88 1448
1448 88 1129
1203 292 797
292 797 1203
797 292 1203
1215 274 878
878 274 1215
274 878 1215
551 709 794
794 551 709
709 551 794
639 270 1271
1271 270 639
270 639 1271
394 721 998
721 394 998
998 394 721
1343 71 546
71 546 1343
546 71 1343
993 1303 1484
1303 993 1484
1484 993 1303
55 1438 1450
1438 55 1450
1450 55 1438
1232 127 1228
127 1228 1232
1228 127 1232
841 294 517
294 517 841
517 294 841
528 52 1494
1494 52 528
52 528 1494
204 98 1058
98 204 1058
1058 98 204
741 888 935
888 741 935
935 741 888
198 165 1495
1495 165 198
165 198 1495
190 580 622
622 190 580
580 190 622
1427 54 1151
1151 54 1427
54 1151 1427
885 608 1328
1328 608 885
608 885 1328
1353 108 1260
1260 108 1353
108 1260 1353
1092 432 938
432 938 1092
938 432 1092
614 102 257
257 102 614
102 257 614
90 621 922
621 90 922
922 90 621
48 575 1435
1435 48 575
575 48 1435
265 237 914
914 237 265
237 265 914
1364 891 967
967 891 1364
891 967 1364
1047 991 1410
991 1047 1410
1410 991 1047
119 1065 1291
1291 119 1065
1065 119 1291
84 868 1174
1174 84 868
868 84 1174
111 747 1148
747 111 1148
1148 111 747
74 256 1005
1005 74 256
256 74 1005
851 848 1483
1483 848 851
848 851 1483
65 283 821
283 65 821
821 65 283
1261 334 603
334 603 1261
603 334 1261
1346 8 1126
1126 8 1346
8 1126 1346
781 728 973
728 781 973
973 728 781
259 1143 1266
1143 259 1266
1266 259 1143
368 769 798
769 368 798
798 368 769
156 41 317
317 41 156
41 156 317
224 164 595
164 224 595
595 164 224
310 1295 1481
1481 310 1295
1295 310 1481
1498 913 1336
913 1336 1498
1336 913 1498
905 1368 1467
1368 905 1467
1467 905 1368
338 128 187
128 187 338
187 128 338
315 116 1317
116 315 1317
1317 116 315
923 236 756
756 236 923
236 756 923
1182 1391 1441
1391 1182 1441
1441 1182 1391
555 1135 1157
1157 555 1135
1135 555 1157
295 892 1474
892 295 1474
1474 295 892
811 348 1247
1247 348 811
348 811 1247
773 449 1386
449 773 1386
1386 449 773
1057 75 1442
75 1057 1442
1442 75 1057
643 3 1330
3 643 1330
1330 3 643
435 389 1224
389 435 1224
1224 389 435
570 499 660
660 499 570
499 570 660
1213 596 1067
1067 596 1213
596 1067 1213
613 583 862
862 583 613
583 613 862
729 101 1340
101 729 1340
1340 101 729
1144 239 1018
239 1018 1144
1018 239 1144
1087 43 840
43 840 1087
840 43 1087
630 176 1381
176 630 1381
1381 176 630
1352 464 849
464 849 1352
849 464 1352
902 391 1392
1392 391 902
391 902 1392
1478 252 912
912 252 1478
252 912 1478
399 963 1055
1055 399 963
963 399 1055
1001 877 1093
877 1001 1093
1093 877 1001
1297 35 1030
35 1030 1297
1030 35 1297
271 117 579
579 117 271
117 271 579
424 385 753
385 424 753
753 385 424
1045 697 1061
1061 697 1045
697 1045 1061
1238 1095 1191
1095 1191 1238
1191 1095 1238
59 886 1472
1472 59 886
886 59 1472
969 308 691
691 308 969
308 691 969
638 592 1097
1097 592 638
592 638 1097
1108 527 1400
1400 527 1108
527 1108 1400
45 374 882
882 45 374
374 45 882
671 180 526
180 526 671
526 180 671
898 996 1389
1389 898 996
996 898 1389
49 328 1424
1424 49 328
328 49 1424
1357 155 534
534 155 1357
155 534 1357
1179 682 1362
1362 682 1179
682 1179 1362
260 56 768
56 260 768
768 56 260
1354 563 1436
563 1354 1436
1436 563 1354
1300 370 1088
1088 370 1300
370 1088 1300
801 1274 1437
1437 801 1274
1274 801 1437
931 289 900
289 900 931
900 289 931
436 960 1127
960 436 1127
1127 436 960
1082 1 1349
1 1082 1349
1349 1 1082
692 458 529
458 529 692
529 458 692
1253 502 1428
1428 502 1253
502 1253 1428
687 657 1248
657 687 1248
1248 657 687
1068 1180 1310
1180 1068 1310
1310 1068 1180
411 68 653
653 68 411
68 411 653
299 1050 1402
1402 299 1050
1050 299 1402
853 481 1209
481 853 1209
1209 481 853
531 406 508
406 508 531
508 406 531
978 957 1285
1285 957 978
957 978 1285
778 105 1327
1327 105 778
105 778 1327
400 15 439
15 400 439
439 15 400
157 69 647
69 157 647
647 69 157
1008 1302 1318
1302 1008 1318
1318 1008 1302
1034 387 1006
387 1006 1034
1006 387 1034
1440 324 1227
1227 324 1440
324 1227 1440
870 362 477
477 362 870
362 477 870
94 148 916
148 94 916
916 94 148
668 597 1356
597 668 1356
1356 597 668
1013 318 644
644 318 1013
318 644 1013
952 1113 1485
1113 952 1485
1485 952 1113
1187 1014 1161
1161 1014 1187
1014 1161 1187
291 520 1114
520 291 1114
1114 291 520
9 203 605
605 9 203
203 9 605
1023 269 1124
1124 269 1023
269 1023 1124
1156 760 1397
760 1156 1397
1397 760 1156
706 712 1111
1111 706 712
712 706 1111
1359 536 1167
1167 536 1359
536 1167 1359
369 185 703
703 185 369
185 369 703
383 158 1319
1319 158 383
158 383 1319
740 549 600
549 600 740
600 549 740
711 415 1137
1137 415 711
415 711 1137
662 72 1091
1091 72 662
72 662 1091
44 220 1110
220 44 1110
1110 44 220
409 390 1121
390 409 1121
1121 390 409
710 625 750
750 625 710
625 710 750
1176 466 494
466 494 1176
494 466 1176
1404 272 1078
272 1078 1404
1078 272 1404
1073 451 1366
1366 451 1073
451 1073 1366
465 278 1262
1262 278 465
278 465 1262
194 1178 1252
1252 194 1178
1178 194 1252
628 607 785
607 628 785
785 607 628
946 743 1106
743 946 1106
1106 743 946
609 550 1415
1415 550 609
550 609 1415
1043 518 894
894 518 1043
518 894 1043
381 1132 1139
1132 381 1139
1139 381 1132
1059 100 109
109 100 1059
100 109 1059
1004 121 444
121 444 1004
444 121 1004
1331 949 1323
1323 949 1331
949 1323 1331
1304 1185 1429
1429 1185 1304
1185 1304 1429
70 42 364
364 42 70
42 70 364
282 977 1165
1165 282 977
977 282 1165
836 192 1457
1457 192 836
192 836 1457
375 440 966
440 375 966
966 375 440
360 34 824
824 34 360
34 360 824
33 1002 1398
1398 33 1002
1002 33 1398
480 604 890
890 480 604
604 480 890
343 698 1171
698 343 1171
1171 343 698
675 678 690
678 675 690
690 675 678
1053 816 1419
816 1053 1419
1419 816 1053
1335 484 1456
1456 484 1335
484 1335 1456
1051 988 1190
988 1051 1190
1190 988 1051
744 64 1218
64 744 1218
1218 64 744
1089 150 1096
150 1089 1096
1096 150 1089
751 975 1007
975 751 1007
1007 751 975
31 246 483
246 31 483
483 31 246
1371 1196 1475
1475 1196 1371
1196 1371 1475
947 361 366
361 366 947
366 361 947
516 322 1445
322 516 1445
1445 322 516
962 498 1493
498 962 1493
1493 498 962
125 382 667
667 125 382
382 125 667
492 76 1255
1255 76 492
76 492 1255
860 519 1145
1145 519 860
519 860 1145
1128 806 1383
1383 806 1128
806 1128 1383
1497 251 784
784 251 1497
251 784 1497
1433 446 1259
446 1259 1433
1259 446 1433
99 469 1293
1293 99 469
469 99 1293
1102 347 997
347 997 1102
997 347 1102
1311 183 762
183 762 1311
762 183 1311
1434 188 1098
188 1098 1434
1098 188 1434
1320 11 776
776 11 1320
11 776 1320
602 574 802
802 574 602
574 602 802
1223 665 787
665 787 1223
787 665 1223
210 651 1235
1235 210 651
651 210 1235
1122 1192 1286
1286 1122 1192
1192 1122 1286
770 582 1233
582 770 1233
1233 582 770
982 261 971
971 261 982
261 971 982
714 51 1348
1348 51 714
51 714 1348
365 442 1112
442 365 1112
1112 365 442
650 130 1246
1246 130 650
130 650 1246
1240 559 1409
559 1240 1409
1409 559 1240
115 160 475
475 115 160
160 115 475
881 1060 1379
1379 881 1060
1060 881 1379
748 1036 1464
1036 748 1464
1464 748 1036
889 461 511
461 511 889
511 461 889
846 221 1309
1309 221 846
221 846 1309
1100 405 956
956 405 1100
405 956 1100
633 1299 1358
1299 633 1358
1358 633 1299
705 132 1473
1473 132 705
132 705 1473
626 161 903
903 161 626
161 626 903
1377 1242 1257
1257 1242 1377
1242 1257 1377
1027 883 940
883 940 1027
940 883 1027
586 1077 1454
1077 586 1454
1454 586 1077
897 202 655
655 202 897
202 655 897
1250 593 1153
1153 593 1250
593 1153 1250
700 186 507
186 507 700
507 186 700
1141 612 618
618 612 1141
612 618 1141
745 393 1025
393 745 1025
1025 393 745
606 632 1486
1486 606 632
632 606 1486
1263 356 1016
1016 356 1263
356 1016 1263
590 12 793
793 12 590
12 590 793
774 89 887
887 89 774
89 774 887
1119 371 695
695 371 1119
371 695 1119
1294 254 627
627 254 1294
254 627 1294
14 452 758
758 14 452
452 14 758
976 290 569
569 290 976
290 569 976
357 701 942
701 357 942
942 357 701
1430 238 879
238 879 1430
879 238 1430
702 27 447
27 447 702
447 27 702
129 277 562
277 129 562
562 129 277
876 189 965
189 876 965
965 189 876
746 214 1149
1149 214 746
214 746 1149
97 174 377
174 97 377
377 97 174
677 39 789
789 39 677
39 677 789
730 167 1160
167 730 1160
1160 167 730
567 112 1158
1158 112 567
112 567 1158
825 264 1162
264 825 1162
1162 264 825
422 578 640
640 422 578
578 422 640
216 1069 1282
1282 216 1069
1069 216 1282
279 227 899
899 227 279
227 279 899
1360 396 955
396 955 1360
955 396 1360
438 589 1208
1208 438 589
589 438 1208
1393 915 1406
1406 915 1393
915 1393 1406
1028 416 1083
1083 416 1028
416 1028 1083
1226 302 1280
302 1226 1280
1280 302 1226
1012 402 818
818 402 1012
402 818 1012
330 715 1066
1066 330 715
715 330 1066
120 372 990
990 120 372
372 120 990
223 2 1482
2 223 1482
1482 2 223
1063 77 875
875 77 1063
77 875 1063
1453 865 1460
865 1453 1460
1460 865 1453
1463 147 1221
1221 147 1463
147 1221 1463
601 297 669
297 601 669
669 297 601
547 496 1142
496 547 1142
1142 496 547
752 427 930
930 427 752
427 752 930
544 73 166
73 166 544
166 73 544
1231 594 1205
1205 594 1231
594 1205 1231
1326 924 984
984 924 1326
924 984 1326
548 354 611
354 548 611
611 354 548
652 123 323
123 323 652
323 123 652
296 253 1500
253 296 1500
1500 253 296
367 392 1074
1074 367 392
392 367 1074
1469 408 1064
1064 408 1469
408 1064 1469
378 674 964
674 378 964
964 378 674
693 1284 1301
1284 693 1301
1301 693 1284
783 820 1370
1370 783 820
820 783 1370
1237 429 724
724 429 1237
429 724 1237
738 689 1146
1146 689 738
689 738 1146
316 1105 1177
1177 316 1105
1105 316 1177
1011 23 1479
1479 23 1011
23 1011 1479
230 1188 1458
1188 230 1458
1458 230 1188
1086 106 1040
1040 106 1086
106 1040 1086
917 135 863
863 135 917
135 863 917
1207 61 893
893 61 1207
61 893 1207
