651 703 1239
703 651 1239
1239 651 703
660 938 1206
1206 660 938
938 660 1206
940 884 1348
1348 884 940
884 940 1348
167 813 1067
813 167 1067
1067 167 813
181 583 1080
1080 181 583
583 181 1080
793 485 802
485 793 802
802 485 793
675 456 544
544 456 675
456 544 675
180 264 633
264 180 633
633 180 264
878 709 883
883 709 878
709 878 883
1215 282 1141
282 1141 1215
1141 282 1215
507 15 755
755 15 507
15 507 755
669 533 579
533 579 669
579 533 669
1076 307 739
307 739 1076
739 307 1076
28 742 1498
742 28 1498
1498 28 742
314 129 468
129 314 468
468 129 314
546 457 1174
457 546 1174
1174 457 546
1461 839 995
839 995 1461
995 839 1461
415 880 1434
1434 415 880
880 415 1434
1148 776 1025
1025 776 1148
776 1025 1148
133 861 888
888 133 861
861 133 888
20 386 1276
386 20 1276
1276 20 386
1366 754 1003
754 1003 1366
1003 754 1366
526 727 1467
1467 526 727
727 526 1467
1261 805 1136
1136 805 1261
805 1136 1261
1427 398 638
638 398 1427
398 638 1427
1177 715 974
715 974 1177
974 715 1177
631 30 1452
30 631 1452
1452 30 631
49 573 981
981 49 573
573 49 981
90 654 1442
1442 90 654
654 90 1442
578 426 763
426 578 763
763 426 578
379 157 773
773 157 379
157 379 773
163 244 1271
244 163 1271
1271 163 244
85 570 976
570 85 976
976 85 570
1459 243 572
572 243 1459
243 572 1459
342 464 1134
464 342 1134
1134 342 464
980 53 1238
1238 53 980
53 980 1238
1193 61 284
284 61 1193
61 284 1193
1420 351 517
351 517 1420
517 351 1420
1233 677 898
898 677 1233
677 898 1233
1470 770 881
770 881 1470
881 770 1470
1217 562 766
562 766 1217
766 562 1217
1365 256 772
772 256 1365
256 772 1365
581 224 1360
1360 224 581
224 581 1360
555 197 482
197 482 555
482 197 555
879 374 746
746 374 879
374 746 879
826 931 1372
931 826 1372
1372 826 931
1391 317 372
317 372 1391
372 317 1391
383 747 896
747 383 896
896 383 747
1409 749 991
991 749 1409
749 991 1409
382 521 1357
1357 382 521
521 382 1357
1169 868 1088
1088 868 1169
868 1088 1169
1496 214 1100
1100 214 1496
214 1100 1496
600 292 1201
292 600 1201
1201 292 600
142 410 1319
410 142 1319
1319 142 410
354 119 362
119 354 362
362 119 354
378 200 1055
1055 200 378
200 378 1055
1367 60 480
480 60 1367
60 480 1367
442 56 912
912 56 442
56 442 912
626 788 1264
1264 626 788
788 626 1264
306 759 1482
1482 306 759
759 306 1482
326 478 1149
478 326 1149
1149 326 478
1448 1007 1087
1007 1087 1448
1087 1007 1448
425 603 1460
603 425 1460
1460 425 603
886 1021 1332
1332 886 1021
1021 886 1332
169 324 1228
324 169 1228
1228 169 324
1341 1230 1304
1230 1304 1341
1304 1230 1341
1129 436 1106
436 1106 1129
1106 436 1129
393 435 1350
1350 393 435
435 393 1350
641 1050 1140
1050 641 1140
1140 641 1050
446 371 588
588 371 446
371 446 588
1234 19 587
19 587 1234
587 19 1234
1209 9 1272
1272 9 1209
9 1209 1272
547 261 1490
1490 261 547
261 547 1490
246 31 130
31 130 246
130 31 246
81 52 894
894 52 81
52 81 894
1473 904 1103
904 1103 1473
1103 904 1473
541 851 979
979 541 851
851 541 979
1175 684 983
684 983 1175
983 684 1175
1189 407 657
657 407 1189
407 657 1189
935 445 1009
1009 445 935
445 935 1009
198 316 1194
1194 198 316
316 198 1194
804 472 937
937 472 804
472 804 937
1150 55 151
55 151 1150
151 55 1150
845 552 828
552 828 845
828 552 845
1266 353 636
636 353 1266
353 636 1266
1267 1411 1437
1437 1267 1411
1411 1267 1437
153 486 877
877 153 486
486 153 877
943 719 1287
1287 719 943
719 943 1287
232 408 1274
1274 232 408
408 232 1274
557 1220 1491
1491 557 1220
1220 557 1491
1045 960 1329
1329 960 1045
960 1045 1329
1476 484 1249
484 1249 1476
1249 484 1476
1086 220 498
498 220 1086
220 498 1086
975 903 915
903 915 975
915 903 975
1386 247 365
247 365 1386
365 247 1386
767 107 1072
1072 107 767
107 767 1072
998 568 1126
568 998 1126
1126 568 998
82 948 1117
948 82 1117
1117 82 948
611 265 563
265 563 611
563 265 611
1098 86 154
154 86 1098
86 154 1098
794 789 1456
1456 789 794
789 794 1456
155 280 1142
1142 155 280
280 155 1142
47 567 1226
1226 47 567
567 47 1226
230 491 1414
491 230 1414
1414 230 491
955 171 528
171 528 955
528 171 955
1458 737 962
737 962 1458
962 737 1458
414 186 257
186 257 414
257 186 414
640 195 1125
1125 195 640
195 640 1125
1232 1240 1382
1382 1232 1240
1240 1232 1382
313 341 609
341 313 609
609 313 341
448 576 913
913 448 576
576 448 913
1180 855 936
855 936 1180
936 855 1180
149 193 807
193 149 807
807 149 193
808 97 1224
1224 97 808
97 808 1224
646 819 1449
1449 646 819
819 646 1449
1443 1066 1236
1236 1066 1443
1066 1236 1443
73 339 1118
339 73 1118
1118 73 339
750 632 1039
632 750 1039
1039 632 750
1363 462 1190
1190 462 1363
462 1190 1363
1318 112 140
112 140 1318
140 112 1318
1387 329 1440
329 1387 1440
1440 329 1387
514 1124 1192
1192 514 1124
1124 514 1192
1160 610 744
744 610 1160
610 744 1160
970 3 93
93 3 970
3 93 970
158 420 1040
1040 158 420
420 158 1040
634 1195 1310
1310 634 1195
1195 634 1310
327 968 1035
968 327 1035
1035 327 968
899 1017 1069
1069 899 1017
1017 899 1069
305 355 1321
1321 305 355
355 305 1321
164 875 1205
875 164 1205
1205 164 875
831 128 513
513 128 831
128 513 831
731 440 502
440 502 731
502 440 731
919 72 748
748 72 919
72 748 919
75 136 714
136 75 714
714 75 136
88 385 1155
1155 88 385
385 88 1155
349 159 1472
159 349 1472
1472 159 349
817 846 1096
846 817 1096
1096 817 846
363 185 613
185 363 613
613 185 363
212 625 1173
1173 212 625
625 212 1173
251 209 1309
1309 209 251
209 251 1309
865 452 604
452 604 865
604 452 865
670 582 1054
582 670 1054
1054 582 670
658 710 1070
710 658 1070
1070 658 710
1043 722 730
722 730 1043
730 722 1043
217 358 614
358 217 614
614 217 358
791 679 1345
1345 679 791
679 791 1345
242 1198 1200
1200 242 1198
1198 242 1200
199 375 809
375 199 809
809 199 375
1011 470 1485
470 1011 1485
1485 470 1011
1292 1338 1385
1385 1292 1338
1338 1292 1385
1131 294 1371
1371 294 1131
294 1131 1371
152 1099 1268
1268 152 1099
1099 152 1268
376 79 635
79 376 635
635 79 376
173 68 648
68 173 648
648 68 173
50 1000 1265
1265 50 1000
1000 50 1265
927 564 1322
564 927 1322
1322 564 927
1083 177 283
283 177 1083
177 283 1083
27 1291 1333
1333 27 1291
1291 27 1333
388 1056 1426
1056 388 1426
1426 388 1056
967 1015 1127
1127 967 1015
1015 967 1127
736 1170 1340
1340 736 1170
1170 736 1340
117 619 783
783 117 619
619 117 783
311 35 801
35 311 801
801 35 311
333 74 1343
74 333 1343
1343 74 333
785 322 1005
322 785 1005
1005 322 785
1286 233 777
777 233 1286
233 777 1286
1299 373 947
373 947 1299
947 373 1299
816 585 676
676 585 816
585 676 816
206 476 627
476 206 627
627 206 476
1147 126 545
545 126 1147
126 545 1147
882 190 520
520 190 882
190 520 882
509 926 1244
1244 509 926
926 509 1244
592 291 1019
1019 291 592
291 592 1019
725 429 591
429 591 725
591 429 725
1349 231 303
303 231 1349
231 303 1349
331 286 842
842 286 331
286 331 842
1027 252 1492
252 1027 1492
1492 252 1027
147 832 1153
832 147 1153
1153 147 832
319 559 836
836 319 559
559 319 836
990 33 1296
33 990 1296
1296 33 990
586 59 989
989 59 586
59 586 989
391 98 630
98 391 630
630 98 391
605 237 443
443 237 605
237 443 605
1379 822 1186
1186 822 1379
822 1186 1379
1241 656 853
656 853 1241
853 656 1241
1293 499 1311
499 1293 1311
1311 499 1293
909 22 71
71 22 909
22 71 909
1380 972 1145
1145 972 1380
972 1145 1380
182 401 1213
1213 182 401
401 182 1213
434 295 1163
1163 295 434
295 434 1163
1475 496 800
800 496 1475
496 800 1475
827 178 368
368 178 827
178 368 827
1002 680 768
680 768 1002
768 680 1002
637 207 1184
207 637 1184
1184 207 637
852 811 1478
1478 811 852
811 852 1478
1273 258 924
258 924 1273
924 258 1273
1447 806 1324
806 1324 1447
1324 806 1447
1375 87 495
87 495 1375
495 87 1375
1183 302 598
598 302 1183
302 598 1183
1399 693 1036
1036 693 1399
693 1036 1399
1185 144 1290
144 1185 1290
1290 144 1185
124 752 987
752 124 987
987 124 752
330 65 1053
1053 65 330
65 330 1053
323 1114 1284
1114 323 1284
1284 323 1114
1392 885 1407
885 1392 1407
1407 885 1392
1164 837 1023
837 1023 1164
1023 837 1164
359 1 1156
1 359 1156
1156 1 359
890 213 1116
1116 213 890
213 890 1116
1361 1115 1500
1500 1115 1361
1115 1361 1500
661 1219 1429
1429 661 1219
1219 661 1429
489 580 1288
580 489 1288
1288 489 580
7 1317 1390
1317 7 1390
1390 7 1317
986 734 1051
734 986 1051
1051 734 986
1171 469 523
523 469 1171
469 523 1171
125 78 1243
78 125 1243
1243 78 125
786 139 234
234 139 786
139 234 786
45 458 1092
458 45 1092
1092 45 458
723 796 932
932 723 796
796 723 932
54 775 1330
1330 54 775
775 54 1330
780 235 451
235 451 780
451 235 780
934 466 1063
466 934 1063
1063 466 934
394 70 1167
1167 70 394
70 394 1167
685 437 1168
1168 437 685
437 685 1168
575 99 218
99 218 575
218 99 575
954 229 1071
1071 229 954
229 954 1071
818 270 548
270 548 818
548 270 818
946 361 594
361 594 946
594 361 946
532 6 162
6 162 532
162 6 532
1450 77 757
77 757 1450
757 77 1450
1454 241 1358
241 1358 1454
1358 241 1454
848 416 708
708 416 848
416 708 848
644 674 951
951 644 674
674 644 951
1312 44 1229
1229 44 1312
44 1229 1312
1208 76 728
76 728 1208
728 76 1208
859 668 1179
1179 668 859
668 859 1179
653 487 849
487 653 849
849 487 653
405 664 1028
1028 405 664
664 405 1028
1097 536 707
707 536 1097
536 707 1097
1079 461 999
999 461 1079
461 999 1079
108 109 392
109 108 392
392 108 109
122 595 702
595 122 702
702 122 595
1308 84 289
289 84 1308
84 289 1308
1165 944 1306
944 1165 1306
1306 944 1165
11 841 1202
1202 11 841
841 11 1202
1415 843 1049
1049 843 1415
843 1049 1415
1489 58 1302
1302 58 1489
58 1302 1489
688 14 792
14 688 792
792 14 688
156 1166 1488
1488 156 1166
1166 156 1488
537 417 460
417 460 537
460 417 537
1016 276 347
347 276 1016
276 347 1016
225 409 1347
409 225 1347
1347 225 409
1059 671 782
782 671 1059
671 782 1059
492 166 1463
166 492 1463
1463 166 492
494 906 1251
906 494 1251
1251 494 906
1356 784 1091
784 1091 1356
1091 784 1356
717 887 1352
887 717 1352
1352 717 887
1334 48 345
345 48 1334
48 345 1334
312 823 1494
1494 312 823
823 312 1494
148 529 1255
1255 148 529
529 148 1255
497 854 1139
854 497 1139
1139 497 854
1433 444 1020
444 1020 1433
1020 444 1433
1406 238 985
238 985 1406
985 238 1406
192 1095 1303
1303 192 1095
1095 192 1303
856 577 1400
577 856 1400
1400 577 856
1373 449 1161
1161 449 1373
449 1161 1373
911 421 428
428 421 911
421 428 911
1212 141 1047
141 1047 1212
1047 141 1212
584 228 872
228 584 872
872 228 584
729 279 964
964 279 729
279 729 964
711 2 921
921 2 711
2 711 921
1248 67 1369
1369 67 1248
67 1248 1369
10 519 1351
1351 10 519
519 10 1351
1246 23 678
23 678 1246
678 23 1246
1394 69 132
132 69 1394
69 132 1394
928 334 556
556 334 928
334 556 928
262 996 1381
996 262 1381
1381 262 996
866 92 508
92 508 866
508 92 866
1383 713 1112
713 1112 1383
1112 713 1383
558 705 1062
705 558 1062
1062 558 705
724 522 893
893 522 724
522 724 893
941 43 51
51 43 941
43 51 941
1060 1298 1445
1445 1060 1298
1298 1060 1445
825 123 902
902 123 825
123 825 902
1289 745 1121
745 1121 1289
1121 745 1289
1404 377 821
821 377 1404
377 821 1404
384 799 1137
1137 384 799
799 384 1137
463 860 953
953 463 860
860 463 953
993 253 1135
1135 253 993
253 993 1135
1474 412 695
695 412 1474
412 695 1474
196 1297 1436
1297 196 1436
1436 196 1297
37 221 389
389 37 221
221 37 389
700 1327 1419
1327 700 1419
1419 700 1327
203 204 454
204 203 454
454 203 204
797 779 1159
779 797 1159
1159 779 797
690 260 350
260 350 690
350 260 690
942 315 945
315 942 945
945 315 942
506 427 1301
1301 427 506
427 506 1301
939 758 1300
1300 758 939
758 939 1300
692 1042 1105
1042 692 1105
1105 692 1042
80 95 287
95 80 287
287 80 95
1222 1182 1211
1211 1182 1222
1182 1211 1222
488 481 663
481 488 663
663 481 488
296 113 769
113 296 769
769 113 296
738 531 540
540 531 738
531 540 738
439 304 1144
1144 304 439
304 439 1144
259 1104 1423
1423 259 1104
1104 259 1423
447 682 1331
682 447 1331
1331 447 682
1453 248 978
978 248 1453
248 978 1453
923 910 933
910 923 933
933 910 923
515 301 620
301 515 620
620 301 515
538 274 833
274 538 833
833 274 538
1102 696 897
897 696 1102
696 897 1102
864 542 665
665 542 864
542 665 864
402 423 1480
1480 402 423
423 402 1480
699 240 293
240 293 699
293 240 699
1425 721 1353
721 1353 1425
1353 721 1425
63 1204 1495
1495 63 1204
1204 63 1495
1107 1305 1468
1305 1107 1468
1468 1107 1305
1254 4 1128
4 1128 1254
1128 4 1254
642 760 1253
760 642 1253
1253 642 760
649 1401 1477
1401 649 1477
1477 649 1401
551 621 1336
1336 551 621
621 551 1336
612 183 949
949 183 612
183 612 949
131 116 698
116 131 698
698 116 131
17 977 1446
977 17 1446
1446 17 977
1278 271 549
271 549 1278
549 271 1278
1259 1024 1176
1176 1024 1259
1024 1176 1259
1410 12 1277
1277 12 1410
12 1277 1410
683 104 403
104 403 683
403 104 683
1162 266 1413
266 1162 1413
1413 266 1162
566 399 1441
399 566 1441
1441 399 566
380 91 1037
1037 91 380
91 380 1037
208 219 1034
219 208 1034
1034 208 219
704 534 829
829 534 704
534 704 829
1493 441 862
441 862 1493
862 441 1493
798 433 504
433 504 798
504 433 798
876 958 1389
958 876 1389
1389 876 958
1402 170 616
616 170 1402
170 616 1402
691 267 346
267 346 691
346 267 691
1479 1122 1462
1122 1462 1479
1462 1122 1479
1048 1109 1325
1109 1048 1325
1325 1048 1109
1001 340 1172
340 1001 1172
1172 340 1001
539 227 984
984 227 539
227 539 984
395 138 471
138 395 471
471 138 395
969 701 1237
701 969 1237
1237 701 969
870 318 390
390 318 870
318 390 870
966 518 1110
518 966 1110
1110 518 966
1430 453 1469
453 1430 1469
1469 453 1430
135 1285 1295
1285 135 1295
1295 135 1285
165 930 973
930 165 973
973 165 930
1313 1428 1431
1431 1313 1428
1428 1313 1431
956 511 1196
511 956 1196
1196 511 956
300 64 1221
1221 64 300
64 300 1221
400 459 830
830 400 459
459 400 830
467 343 560
343 467 560
560 343 467
1068 176 364
176 364 1068
364 176 1068
740 988 1210
988 740 1210
1210 740 988
916 278 1269
278 916 1269
1269 278 916
922 835 917
835 917 922
917 835 922
925 36 1133
36 925 1133
1133 36 925
764 673 1481
1481 673 764
673 764 1481
1315 607 712
607 712 1315
712 607 1315
530 360 503
503 360 530
360 503 530
814 733 1113
1113 733 814
733 814 1113
602 525 1031
1031 525 602
525 602 1031
5 873 1354
873 5 1354
1354 5 873
223 211 753
211 223 753
753 211 223
762 254 795
254 762 795
795 254 762
16 62 771
62 16 771
771 16 62
756 1242 1444
1242 756 1444
1444 756 1242
1337 493 647
493 647 1337
647 493 1337
236 617 957
617 236 957
957 236 617
1052 299 810
810 299 1052
299 810 1052
639 335 624
624 335 639
335 624 639
667 100 666
100 666 667
666 100 667
1250 971 1355
1355 971 1250
971 1250 1355
332 565 1038
565 332 1038
1038 332 565
908 357 1294
1294 357 908
357 908 1294
1263 111 366
366 111 1263
111 366 1263
1143 25 38
25 38 1143
38 25 1143
687 1466 1487
1466 687 1487
1487 687 1466
191 643 1078
643 191 1078
1078 191 643
1013 174 222
174 222 1013
222 174 1013
1393 959 1326
959 1326 1393
1326 959 1393
982 160 1247
1247 160 982
160 982 1247
1497 1187 1344
1187 1344 1497
1344 1187 1497
490 455 994
994 455 490
455 490 994
662 553 1146
1146 553 662
553 662 1146
325 134 1158
1158 134 325
134 325 1158
406 57 127
57 127 406
127 57 406
369 834 900
900 369 834
834 369 900
1279 628 1197
1197 628 1279
628 1197 1279
1424 1280 1384
1280 1384 1424
1384 1280 1424
574 524 561
561 524 574
524 561 574
1451 1064 1181
1064 1181 1451
1181 1064 1451
143 216 281
281 143 216
216 143 281
907 735 1123
1123 735 907
735 907 1123
965 1012 1421
1012 965 1421
1421 965 1012
599 308 743
743 308 599
308 599 743
450 187 1057
1057 187 450
187 450 1057
101 40 175
175 40 101
40 101 175
1075 145 914
914 145 1075
145 914 1075
608 1026 1403
1403 608 1026
1026 608 1403
1032 41 269
269 41 1032
41 269 1032
1316 432 645
645 432 1316
432 645 1316
105 1006 1101
1101 105 1006
1006 105 1101
1270 413 1093
1093 413 1270
413 1093 1270
838 26 1262
1262 26 838
26 838 1262
1252 863 1120
863 1120 1252
1120 863 1252
952 96 844
844 96 952
96 844 952
102 404 751
404 102 751
751 102 404
431 29 857
857 29 431
29 431 857
189 179 268
179 189 268
268 179 189
1397 161 920
161 920 1397
920 161 1397
726 336 1388
336 726 1388
1388 336 726
1225 512 1346
1346 512 1225
512 1225 1346
1439 418 623
623 418 1439
418 623 1439
997 1188 1314
1188 997 1314
1314 997 1188
1320 337 1235
337 1235 1320
1235 337 1320
1408 790 1342
1342 790 1408
790 1342 1408
120 275 569
569 120 275
275 120 569
1455 1033 1245
1033 1245 1455
1245 1033 1455
1108 110 1130
1130 110 1108
110 1108 1130
250 255 483
255 250 483
483 250 255
188 815 1307
815 188 1307
1307 188 815
871 344 697
344 697 871
697 344 871
787 501 1010
501 787 1010
1010 501 787
963 298 473
473 298 963
298 473 963
290 1004 1395
1395 290 1004
1004 290 1395
1418 950 1362
950 1362 1418
1362 950 1418
571 1081 1283
1283 571 1081
1081 571 1283
114 83 1199
1199 83 114
83 114 1199
1082 205 874
205 874 1082
874 205 1082
840 1132 1364
1132 840 1364
1364 840 1132
367 210 387
387 210 367
210 367 387
1422 510 593
593 510 1422
510 593 1422
1412 172 869
869 172 1412
172 869 1412
901 761 778
761 778 901
778 761 901
905 1058 1483
1483 905 1058
1058 905 1483
554 1231 1465
1465 554 1231
1231 554 1465
652 596 1214
596 652 1214
1214 596 652
589 716 1119
1119 589 716
716 589 1119
1191 615 629
615 629 1191
629 615 1191
1203 277 1157
1157 277 1203
277 1157 1203
1178 396 601
396 601 1178
601 396 1178
1368 39 356
39 356 1368
356 39 1368
694 18 891
18 694 891
891 18 694
527 590 1432
590 527 1432
1432 527 590
1258 1374 1471
1374 1258 1471
1471 1258 1374
1046 201 1281
1281 201 1046
201 1046 1281
479 272 397
397 272 479
272 397 479
34 184 1061
184 34 1061
1061 34 184
66 309 1154
309 66 1154
1154 66 309
1359 150 202
150 202 1359
202 150 1359
348 706 765
706 348 765
765 348 706
824 321 1499
1499 321 824
321 824 1499
1335 686 1223
1223 686 1335
686 1223 1335
381 465 741
741 381 465
465 381 741
370 889 1094
1094 370 889
889 370 1094
273 867 1328
867 273 1328
1328 273 867
1218 659 1417
659 1218 1417
1417 659 1218
146 352 606
352 146 606
606 146 352
681 781 929
929 681 781
781 681 929
46 94 1484
1484 46 94
94 46 1484
1464 847 1090
847 1090 1464
1090 847 1464
310 1151 1370
1151 310 1370
1370 310 1151
650 689 858
858 650 689
689 650 858
992 550 672
550 672 992
672 550 992
422 1041 1282
1041 422 1282
1282 422 1041
106 121 820
820 106 121
121 106 820
21 24 419
24 21 419
419 21 24
803 42 1275
42 803 1275
1275 42 803
1207 285 850
850 285 1207
285 850 1207
1077 430 1044
1044 430 1077
430 1044 1077
32 1014 1435
1435 32 1014
1014 32 1435
411 13 1227
1227 13 411
13 411 1227
137 1257 1323
1323 137 1257
1257 137 1323
118 618 1089
1089 118 618
618 118 1089
226 328 895
895 226 328
328 226 895
1022 718 1111
718 1022 1111
1111 718 1022
1416 918 1152
918 1152 1416
1152 918 1416
597 535 1438
1438 535 597
535 597 1438
475 168 774
774 168 475
168 475 774
1457 239 1065
1065 239 1457
239 1065 1457
249 194 1030
194 249 1030
1030 194 249
297 89 338
89 297 338
338 89 297
1256 438 500
438 500 1256
500 438 1256
1029 424 1339
1339 424 1029
424 1029 1339
115 720 1376
1376 115 720
720 115 1376
1260 215 1084
1084 215 1260
215 1084 1260
103 288 1074
288 103 1074
1074 103 288
245 474 1377
474 245 1377
1377 245 474
1018 505 1398
1398 505 1018
505 1018 1398
1138 961 1378
961 1138 1378
1378 961 1138
8 477 516
477 8 516
516 8 477
1405 320 892
892 320 1405
320 892 1405
1216 263 1486
263 1216 1486
1486 263 1216
543 812 1396
1396 543 812
812 543 1396
732 1008 1085
1085 732 1008
1008 732 1085
1073 622 655
622 655 1073
655 622 1073
