57063 136246 147044
136246 57063 147044
147044 57063 136246
148252 99570 114072
99570 114072 148252
114072 99570 148252
73191 26709 62468
62468 26709 73191
26709 62468 73191
100576 42479 142911
142911 42479 100576
42479 100576 142911
147891 75972 108302
75972 108302 147891
108302 75972 147891
74184 101915 114961
114961 74184 101915
101915 74184 114961
100025 22003 27846
27846 22003 100025
22003 27846 100025
116426 41434 141151
141151 41434 116426
41434 116426 141151
46123 12785 82102
82102 12785 46123
12785 46123 82102
82986 1004 120717
120717 1004 82986
1004 82986 120717
76824 62931 146779
146779 62931 76824
62931 76824 146779
49514 15223 116732
116732 15223 49514
15223 49514 116732
37962 18680 92977
18680 37962 92977
92977 18680 37962
30169 34598 149316
149316 30169 34598
34598 30169 149316
43072 24254 63690
24254 43072 63690
63690 24254 43072
88651 86670 97240
86670 88651 97240
97240 86670 88651
62362 16040 100260
16040 62362 100260
100260 16040 62362
63507 96195 113612
113612 63507 96195
96195 63507 113612
44515 13347 142391
142391 13347 44515
13347 44515 142391
81358 18205 148888
148888 18205 81358
18205 81358 148888
127573 104958 110181
110181 104958 127573
104958 110181 127573
42614 11833 40041
11833 40041 42614
40041 11833 42614
27252 22738 70583
70583 22738 27252
22738 27252 70583
27198 101629 136513
101629 27198 136513
136513 27198 101629
86697 3232 55935
55935 3232 86697
3232 55935 86697
74510 82915 103048
82915 74510 103048
103048 74510 82915
91735 75149 105600
75149 91735 105600
105600 75149 91735
126684 83918 97399
83918 97399 126684
97399 83918 126684
77423 15844 146383
146383 15844 77423
15844 77423 146383
14238 134705 142036
134705 14238 142036
142036 14238 134705
4058 26782 70356
26782 4058 70356
70356 4058 26782
114619 37751 142562
142562 37751 114619
37751 114619 142562
64633 30015 76786
76786 30015 64633
30015 64633 76786
75757 83706 125325
83706 75757 125325
125325 75757 83706
4587 61662 120759
120759 4587 61662
61662 4587 120759
73666 13578 24719
24719 13578 73666
13578 24719 73666
130078 127263 146388
146388 127263 130078
127263 130078 146388
34562 26401 32110
26401 32110 34562
32110 26401 34562
107959 41829 93479
93479 41829 107959
41829 93479 107959
5990 68543 98919
68543 5990 98919
98919 5990 68543
148192 59276 100232
100232 59276 148192
59276 100232 148192
125605 19694 44549
44549 19694 125605
19694 44549 125605
82216 17677 132558
17677 82216 132558
132558 17677 82216
30091 11419 30739
30739 11419 30091
11419 30091 30739
103625 31921 90753
90753 31921 103625
31921 90753 103625
120369 57954 72315
72315 57954 120369
57954 72315 120369
80642 10652 90939
90939 10652 80642
10652 80642 90939
119657 60153 135277
60153 119657 135277
135277 60153 119657
98363 58093 105319
58093 98363 105319
105319 58093 98363
83605 143055 144274
143055 83605 144274
144274 83605 143055
15857 85289 108078
85289 15857 108078
108078 15857 85289
18321 48630 54394
48630 18321 54394
54394 18321 48630
76262 93498 126345
93498 76262 126345
126345 76262 93498
77888 72503 115589
72503 77888 115589
115589 72503 77888
129939 26143 136838
136838 26143 129939
26143 129939 136838
57288 122332 144658
122332 57288 144658
144658 57288 122332
147766 93969 131545
93969 131545 147766
131545 93969 147766
112433 86505 146426
146426 86505 112433
86505 112433 146426
95032 1219 148844
148844 1219 95032
1219 95032 148844
5342 116706 131062
116706 5342 131062
131062 5342 116706
89327 41081 65088
65088 41081 89327
41081 65088 89327
6483 59960 133261
133261 6483 59960
59960 6483 133261
48915 45882 97873
97873 45882 48915
45882 48915 97873
55564 4471 148943
4471 55564 148943
148943 4471 55564
121016 80835 113526
113526 80835 121016
80835 113526 121016
35748 65121 80949
65121 35748 80949
80949 35748 65121
61791 70453 144459
70453 61791 144459
144459 61791 70453
112736 8057 76643
76643 8057 112736
8057 76643 112736
120107 35890 59716
59716 35890 120107
35890 59716 120107
8829 21999 137369
21999 8829 137369
137369 8829 21999
65119 84696 107057
107057 65119 84696
84696 65119 107057
145251 44121 78301
78301 44121 145251
44121 78301 145251
59246 201 9323
201 9323 59246
9323 201 59246
3128 15803 96296
15803 3128 96296
96296 3128 15803
114054 138734 149564
149564 114054 138734
138734 114054 149564
69127 30479 126029
126029 30479 69127
30479 69127 126029
85283 23392 137917
23392 85283 137917
137917 23392 85283
41914 49109 99625
99625 41914 49109
49109 41914 99625
129399 65609 124079
65609 124079 129399
124079 65609 129399
7036 2023 107750
107750 2023 7036
2023 7036 107750
130202 392 120684
392 120684 130202
120684 392 130202
18699 7097 44535
44535 7097 18699
7097 18699 44535
103725 45410 64944
64944 45410 103725
45410 64944 103725
13005 42717 81310
81310 13005 42717
42717 13005 81310
40335 40366 126129
126129 40335 40366
40366 40335 126129
7696 48633 62481
48633 7696 62481
62481 7696 48633
22584 84736 121976
84736 22584 121976
121976 22584 84736
127985 44177 146314
146314 44177 127985
44177 127985 146314
60055 122958 124871
124871 60055 122958
122958 60055 124871
137950 116524 116840
116840 116524 137950
116524 116840 137950
31105 65302 147936
147936 31105 65302
65302 31105 147936
66273 12555 111088
12555 66273 111088
111088 12555 66273
71260 17811 128281
17811 71260 128281
128281 17811 71260
101857 51442 85938
85938 51442 101857
51442 85938 101857
110689 16581 28529
16581 28529 110689
28529 16581 110689
29673 113969 119411
113969 29673 119411
119411 29673 113969
4778 80964 134215
134215 4778 80964
80964 4778 134215
35868 61970 92846
61970 35868 92846
92846 35868 61970
59495 81967 121635
121635 59495 81967
81967 59495 121635
92946 7594 80457
80457 7594 92946
7594 80457 92946
16039 114962 139885
139885 16039 114962
114962 16039 139885
11997 66858 73121
73121 11997 66858
66858 11997 73121
138762 8267 55284
55284 8267 138762
8267 55284 138762
149041 47641 96561
96561 47641 149041
47641 96561 149041
141930 85997 139710
139710 85997 141930
85997 139710 141930
133486 21006 116626
116626 21006 133486
21006 116626 133486
73180 13387 22491
22491 13387 73180
13387 22491 73180
28673 97516 143933
143933 28673 97516
97516 28673 143933
142271 111069 147252
147252 111069 142271
111069 142271 147252
80097 46658 121116
121116 46658 80097
46658 80097 121116
84347 72537 144022
72537 84347 144022
144022 72537 84347
4164 93717 105609
93717 4164 105609
105609 4164 93717
53305 47894 87136
87136 47894 53305
47894 53305 87136
15652 18187 42288
42288 15652 18187
18187 15652 42288
48607 51292 76359
51292 48607 76359
76359 48607 51292
89607 44866 65151
65151 44866 89607
44866 65151 89607
10478 29129 46095
29129 10478 46095
46095 10478 29129
117455 39664 109523
39664 109523 117455
109523 39664 117455
38250 53743 63459
53743 38250 63459
63459 38250 53743
46881 79610 99836
79610 46881 99836
99836 46881 79610
82793 69840 141972
69840 82793 141972
141972 69840 82793
149492 112884 115528
115528 112884 149492
112884 115528 149492
111164 59348 97978
97978 59348 111164
59348 97978 111164
12600 33370 120433
33370 12600 120433
120433 12600 33370
133808 73145 99320
73145 99320 133808
99320 73145 133808
136402 103167 138796
138796 103167 136402
103167 136402 138796
90812 18920 36307
36307 18920 90812
18920 36307 90812
122900 127698 129999
129999 122900 127698
127698 122900 129999
16209 45212 56312
45212 16209 56312
56312 16209 45212
41407 108910 115531
108910 41407 115531
115531 41407 108910
114844 108075 119489
108075 114844 119489
119489 108075 114844
135596 65127 90274
65127 90274 135596
90274 65127 135596
44872 62278 67804
62278 44872 67804
67804 44872 62278
105179 73993 145224
145224 73993 105179
73993 105179 145224
54055 52860 126176
52860 54055 126176
126176 52860 54055
113393 40412 44631
40412 44631 113393
44631 40412 113393
112254 59507 123373
123373 59507 112254
59507 112254 123373
59013 112851 144483
112851 59013 144483
144483 59013 112851
89157 99828 115210
115210 89157 99828
99828 89157 115210
112218 58329 82963
58329 82963 112218
82963 58329 112218
4056 52235 78689
52235 4056 78689
78689 4056 52235
146546 44785 82093
82093 44785 146546
44785 82093 146546
101106 9148 119220
119220 9148 101106
9148 101106 119220
76409 144287 148671
144287 76409 148671
148671 76409 144287
70350 48146 55835
55835 48146 70350
48146 55835 70350
39672 43061 57336
57336 39672 43061
43061 39672 57336
135996 113790 129143
129143 113790 135996
113790 129143 135996
123770 88804 125410
125410 88804 123770
88804 123770 125410
20766 10772 85725
85725 10772 20766
10772 20766 85725
135015 86090 92804
92804 86090 135015
86090 92804 135015
100714 48743 120461
120461 48743 100714
48743 100714 120461
120063 98249 120382
120382 98249 120063
98249 120063 120382
84200 93979 119724
93979 84200 119724
119724 84200 93979
81454 40338 145680
145680 40338 81454
40338 81454 145680
139688 90102 143493
90102 139688 143493
143493 90102 139688
109768 43086 134734
43086 109768 134734
134734 43086 109768
147229 42088 137241
42088 137241 147229
137241 42088 147229
32982 27447 73629
73629 27447 32982
27447 32982 73629
9829 9031 115035
9031 9829 115035
115035 9031 9829
3705 30262 36077
36077 3705 30262
30262 3705 36077
2761 62571 74170
62571 2761 74170
74170 2761 62571
106366 39610 60844
60844 39610 106366
39610 60844 106366
68965 18037 21548
21548 18037 68965
18037 21548 68965
108948 78897 124361
124361 78897 108948
78897 108948 124361
77209 48741 132216
132216 48741 77209
48741 77209 132216
27508 87379 107299
87379 27508 107299
107299 27508 87379
130330 81530 92042
92042 81530 130330
81530 92042 130330
145418 40594 107595
107595 40594 145418
40594 107595 145418
31266 51235 64353
51235 31266 64353
64353 31266 51235
117935 76825 104841
104841 76825 117935
76825 104841 117935
46932 46707 112140
46707 46932 112140
112140 46707 46932
2815 53513 78305
53513 2815 78305
78305 2815 53513
147968 7631 89774
89774 7631 147968
7631 89774 147968
105155 24016 90694
90694 24016 105155
24016 90694 105155
12424 87664 93945
87664 12424 93945
93945 12424 87664
44748 57413 140805
57413 44748 140805
140805 44748 57413
15506 30259 42219
42219 15506 30259
30259 15506 42219
130208 23385 108187
108187 23385 130208
23385 108187 130208
33577 48292 60651
60651 33577 48292
48292 33577 60651
54885 3635 12204
3635 12204 54885
12204 3635 54885
137516 5909 134425
5909 134425 137516
134425 5909 137516
97964 40979 126931
126931 40979 97964
40979 97964 126931
33336 64097 86730
64097 33336 86730
86730 33336 64097
141088 10401 105490
10401 105490 141088
105490 10401 141088
11082 5171 115985
5171 11082 115985
115985 5171 11082
47413 59195 88689
59195 47413 88689
88689 47413 59195
27556 34704 96502
34704 27556 96502
96502 27556 34704
71148 21480 104931
21480 71148 104931
104931 21480 71148
121874 112524 141798
112524 121874 141798
141798 112524 121874
120401 16984 41522
41522 16984 120401
16984 41522 120401
136050 75018 84443
84443 75018 136050
75018 84443 136050
147988 49933 68436
49933 68436 147988
68436 49933 147988
122861 87105 147098
87105 122861 147098
147098 87105 122861
73489 28269 136997
28269 73489 136997
136997 28269 73489
26799 12917 30142
12917 26799 30142
30142 12917 26799
145308 29091 100152
100152 29091 145308
29091 100152 145308
41953 128475 149965
149965 41953 128475
128475 41953 149965
41675 81907 94366
81907 41675 94366
94366 41675 81907
99096 52441 93934
93934 52441 99096
52441 93934 99096
79781 77461 126657
126657 77461 79781
77461 79781 126657
149047 40468 117662
117662 40468 149047
40468 117662 149047
52795 18198 63850
63850 18198 52795
18198 52795 63850
72574 33933 74229
74229 33933 72574
33933 72574 74229
1662 54116 61111
61111 1662 54116
54116 1662 61111
131961 4024 20629
20629 4024 131961
4024 20629 131961
48009 39895 55077
55077 39895 48009
39895 48009 55077
58787 31837 43678
31837 43678 58787
43678 31837 58787
41417 53463 111306
111306 41417 53463
53463 41417 111306
7235 99916 111605
99916 7235 111605
111605 7235 99916
131735 3473 115998
3473 115998 131735
115998 3473 131735
146462 18387 43191
43191 18387 146462
18387 43191 146462
69221 33473 125172
33473 69221 125172
125172 33473 69221
7641 852 21491
852 7641 21491
21491 852 7641
94647 128189 136731
136731 94647 128189
128189 94647 136731
6048 6707 113022
113022 6048 6707
6707 6048 113022
78254 84565 128903
84565 78254 128903
128903 78254 84565
142230 25264 84521
84521 25264 142230
25264 84521 142230
91046 75115 117433
75115 91046 117433
117433 75115 91046
24463 18586 147249
18586 24463 147249
147249 18586 24463
48547 57048 133198
57048 48547 133198
133198 48547 57048
45080 10293 134672
10293 45080 134672
134672 10293 45080
38666 37319 123346
123346 37319 38666
37319 38666 123346
56355 30648 43902
30648 43902 56355
43902 30648 56355
141966 80292 149274
80292 141966 149274
149274 80292 141966
83836 6875 51529
51529 6875 83836
6875 51529 83836
1444 17653 65142
17653 1444 65142
65142 1444 17653
110155 9325 88901
88901 9325 110155
9325 88901 110155
47381 68684 141755
68684 47381 141755
141755 47381 68684
126285 5220 71457
5220 71457 126285
71457 5220 126285
128924 86957 140787
140787 86957 128924
86957 128924 140787
142972 33743 45292
33743 45292 142972
45292 33743 142972
15690 82878 116295
116295 15690 82878
82878 15690 116295
141774 140039 144516
144516 140039 141774
140039 141774 144516
51410 17730 67490
67490 17730 51410
17730 51410 67490
53725 43530 116416
43530 53725 116416
116416 43530 53725
120363 121588 143679
143679 120363 121588
121588 120363 143679
38456 55434 59625
55434 38456 59625
59625 38456 55434
17647 36171 71751
36171 17647 71751
71751 17647 36171
49904 8501 23898
23898 8501 49904
8501 23898 49904
142442 95593 123711
123711 95593 142442
95593 123711 142442
81713 60235 106800
106800 60235 81713
60235 81713 106800
76796 25732 121927
121927 25732 76796
25732 76796 121927
34192 72934 106852
106852 34192 72934
72934 34192 106852
95438 27882 76406
27882 76406 95438
76406 27882 95438
16098 107590 127234
127234 16098 107590
107590 16098 127234
120610 71879 81235
71879 81235 120610
81235 71879 120610
78636 15962 21226
15962 21226 78636
21226 15962 78636
17428 37307 55966
37307 17428 55966
55966 17428 37307
63222 86434 140741
140741 63222 86434
86434 63222 140741
83832 60929 91476
91476 60929 83832
60929 83832 91476
145322 32361 48619
48619 32361 145322
32361 48619 145322
104609 9675 123318
123318 9675 104609
9675 104609 123318
95245 10980 142401
142401 10980 95245
10980 95245 142401
37675 6455 37179
37179 6455 37675
6455 37179 37675
103992 60748 69217
60748 69217 103992
69217 60748 103992
67698 77111 99787
77111 67698 99787
99787 67698 77111
29910 14368 66965
14368 29910 66965
66965 14368 29910
132243 34358 128356
34358 128356 132243
128356 34358 132243
136125 29559 122018
122018 29559 136125
29559 122018 136125
107133 22353 146752
146752 22353 107133
22353 107133 146752
103465 61956 129605
61956 103465 129605
129605 61956 103465
105674 46254 131968
46254 105674 131968
131968 46254 105674
131802 20656 130039
20656 130039 131802
130039 20656 131802
74215 4668 73201
4668 73201 74215
73201 4668 74215
22174 44537 131549
44537 22174 131549
131549 22174 44537
31250 98467 113439
98467 31250 113439
113439 31250 98467
31658 23175 60271
23175 31658 60271
60271 23175 31658
60556 95802 104993
95802 60556 104993
104993 60556 95802
52697 36900 128341
128341 36900 52697
36900 52697 128341
126056 99021 125829
99021 125829 126056
125829 99021 126056
79809 24163 41556
24163 41556 79809
41556 24163 79809
134220 38834 82067
38834 82067 134220
82067 38834 134220
113065 69043 86160
86160 69043 113065
69043 86160 113065
115902 82989 125936
125936 82989 115902
82989 115902 125936
106229 81392 116968
81392 106229 116968
116968 81392 106229
125878 60508 139413
139413 60508 125878
60508 125878 139413
120911 8604 42031
42031 8604 120911
8604 42031 120911
8250 18133 41404
18133 8250 41404
41404 8250 18133
63120 65785 73130
65785 63120 73130
73130 63120 65785
107343 86898 135846
86898 107343 135846
135846 86898 107343
105745 39324 75563
39324 75563 105745
75563 39324 105745
49660 32571 144498
144498 32571 49660
32571 49660 144498
119160 63886 134728
63886 119160 134728
134728 63886 119160
67301 58389 132646
132646 58389 67301
58389 67301 132646
110016 140324 146997
146997 110016 140324
140324 110016 146997
2125 30837 144043
30837 2125 144043
144043 2125 30837
93004 84983 106910
106910 84983 93004
84983 93004 106910
132349 3777 48029
48029 3777 132349
3777 48029 132349
128543 20395 59974
20395 59974 128543
59974 20395 128543
8896 75959 83439
75959 8896 83439
83439 8896 75959
82412 106553 144016
144016 82412 106553
106553 82412 144016
81959 1915 76874
76874 1915 81959
1915 76874 81959
97828 46144 140071
46144 97828 140071
140071 46144 97828
55635 23895 141646
23895 55635 141646
141646 23895 55635
55167 190 69453
190 55167 69453
69453 190 55167
99951 45499 137078
45499 99951 137078
137078 45499 99951
128892 129959 139296
139296 128892 129959
129959 128892 139296
17208 93819 119179
93819 17208 119179
119179 17208 93819
4900 36234 115386
36234 4900 115386
115386 4900 36234
84537 31114 52951
52951 31114 84537
31114 52951 84537
45489 17460 108349
108349 17460 45489
17460 45489 108349
24227 49646 118257
49646 24227 118257
118257 24227 49646
88547 129903 133885
129903 88547 133885
133885 88547 129903
9567 24410 134946
134946 9567 24410
24410 9567 134946
113361 55713 66633
55713 66633 113361
66633 55713 113361
44151 60829 145665
145665 44151 60829
60829 44151 145665
97349 123051 124158
124158 97349 123051
123051 97349 124158
126023 11103 22974
11103 22974 126023
22974 11103 126023
58580 20425 37299
20425 37299 58580
37299 20425 58580
13984 98500 121800
98500 13984 121800
121800 13984 98500
141331 69358 90738
69358 90738 141331
90738 69358 141331
28797 8826 42025
42025 8826 28797
8826 28797 42025
64901 3746 123471
3746 64901 123471
123471 3746 64901
123363 65876 84477
84477 65876 123363
65876 84477 123363
72546 61780 112360
61780 72546 112360
112360 61780 72546
40319 60713 143429
60713 40319 143429
143429 40319 60713
24934 54535 110351
54535 24934 110351
110351 24934 54535
129009 57053 63763
57053 63763 129009
63763 57053 129009
24914 3487 148820
148820 3487 24914
3487 24914 148820
81831 41975 65865
41975 65865 81831
65865 41975 81831
111018 49304 82278
49304 82278 111018
82278 49304 111018
92176 23359 90263
90263 23359 92176
23359 90263 92176
135133 9862 123539
9862 123539 135133
123539 9862 135133
138473 61240 83487
61240 83487 138473
83487 61240 138473
126130 15112 122992
122992 15112 126130
15112 122992 126130
112329 25996 107605
107605 25996 112329
25996 107605 112329
13834 68572 140757
68572 13834 140757
140757 13834 68572
25179 19069 44169
19069 25179 44169
44169 19069 25179
4557 98623 106986
106986 4557 98623
98623 4557 106986
51689 19635 117349
117349 19635 51689
19635 51689 117349
112765 51933 142714
142714 51933 112765
51933 112765 142714
142715 10334 19762
10334 19762 142715
19762 10334 142715
149065 18952 139585
18952 139585 149065
139585 18952 149065
81205 65007 92806
92806 65007 81205
65007 81205 92806
111603 14463 77640
77640 14463 111603
14463 77640 111603
29946 39440 142384
39440 29946 142384
142384 29946 39440
112061 23264 24412
24412 23264 112061
23264 24412 112061
16288 20838 104225
104225 16288 20838
20838 16288 104225
105431 103013 110931
110931 103013 105431
103013 105431 110931
98851 116875 128822
116875 98851 128822
128822 98851 116875
29538 26676 96888
26676 29538 96888
96888 26676 29538
63500 10622 21101
21101 10622 63500
10622 21101 63500
18632 65286 67087
65286 18632 67087
67087 18632 65286
92355 113046 124295
124295 92355 113046
113046 92355 124295
130151 85045 124799
124799 85045 130151
85045 124799 130151
97193 73190 112024
112024 73190 97193
73190 97193 112024
122096 50923 75191
50923 75191 122096
75191 50923 122096
134555 28890 90859
28890 90859 134555
90859 28890 134555
20378 104318 131027
104318 20378 131027
131027 20378 104318
24592 6671 107393
107393 6671 24592
6671 24592 107393
17510 54559 133158
133158 17510 54559
54559 17510 133158
121546 58708 130681
130681 58708 121546
58708 121546 130681
73095 8071 138210
138210 8071 73095
8071 73095 138210
31195 112870 139850
139850 31195 112870
112870 31195 139850
9330 39037 135853
39037 9330 135853
135853 9330 39037
22678 27115 90946
90946 22678 27115
27115 22678 90946
96942 51680 144567
144567 51680 96942
51680 96942 144567
134720 40995 112854
112854 40995 134720
40995 112854 134720
40627 14393 105635
14393 40627 105635
105635 14393 40627
37097 77814 146814
146814 37097 77814
77814 37097 146814
80630 50038 51527
51527 50038 80630
50038 51527 80630
117027 12870 20292
20292 12870 117027
12870 20292 117027
63501 125028 140468
125028 63501 140468
140468 63501 125028
135667 113548 132512
132512 113548 135667
113548 132512 135667
149739 14254 109479
109479 14254 149739
14254 109479 149739
36075 41729 110980
41729 36075 110980
110980 36075 41729
326 97852 110940
97852 326 110940
110940 326 97852
116832 56777 145009
56777 116832 145009
145009 56777 116832
42549 63158 129041
63158 42549 129041
129041 42549 63158
55797 22347 52584
22347 52584 55797
52584 22347 55797
24818 108404 111225
108404 24818 111225
111225 24818 108404
86609 32589 84390
32589 84390 86609
84390 32589 86609
136064 29248 93672
93672 29248 136064
29248 93672 136064
139022 11319 63970
63970 11319 139022
11319 63970 139022
124988 40920 61586
61586 40920 124988
40920 61586 124988
5593 61547 100670
100670 5593 61547
61547 5593 100670
119873 48760 119185
48760 119185 119873
119185 48760 119873
92766 34401 48063
34401 48063 92766
48063 34401 92766
118151 72184 136006
72184 118151 136006
136006 72184 118151
18540 12092 112782
12092 18540 112782
112782 12092 18540
96653 5831 45364
5831 45364 96653
45364 5831 96653
38923 89445 99138
99138 38923 89445
89445 38923 99138
21857 73736 74124
74124 21857 73736
73736 21857 74124
139172 121204 138933
138933 121204 139172
121204 138933 139172
40916 2600 111325
111325 2600 40916
2600 40916 111325
113776 59392 101532
59392 101532 113776
101532 59392 113776
91290 22911 128896
128896 22911 91290
22911 91290 128896
32528 21266 120278
120278 21266 32528
21266 32528 120278
140155 6451 59286
6451 59286 140155
59286 6451 140155
16996 74561 133853
133853 16996 74561
74561 16996 133853
80350 50194 141688
141688 50194 80350
50194 80350 141688
45525 79528 125019
125019 45525 79528
79528 45525 125019
72266 9394 88218
9394 72266 88218
88218 9394 72266
124665 93487 122117
122117 93487 124665
93487 122117 124665
104233 48892 138775
48892 104233 138775
138775 48892 104233
45618 78475 94227
94227 45618 78475
78475 45618 94227
61938 108611 135937
108611 61938 135937
135937 61938 108611
87380 18537 123834
123834 18537 87380
18537 87380 123834
147894 40792 142540
40792 142540 147894
142540 40792 147894
33330 97484 132894
97484 33330 132894
132894 33330 97484
10045 72517 106818
106818 10045 72517
72517 10045 106818
45725 50202 92555
50202 45725 92555
92555 45725 50202
32852 44367 96551
44367 32852 96551
96551 32852 44367
136640 3435 11487
3435 11487 136640
11487 3435 136640
80646 41120 93381
93381 41120 80646
41120 80646 93381
131248 88965 149966
149966 88965 131248
88965 131248 149966
27406 37426 68111
37426 27406 68111
68111 27406 37426
63336 6487 118471
6487 63336 118471
118471 6487 63336
117323 53808 143176
53808 117323 143176
143176 53808 117323
77939 20333 102897
102897 20333 77939
20333 77939 102897
119092 39211 60722
60722 39211 119092
39211 60722 119092
76191 11461 61010
11461 61010 76191
61010 11461 76191
76976 43151 97188
43151 76976 97188
97188 43151 76976
130547 35499 71665
35499 71665 130547
71665 35499 130547
135011 10838 123644
123644 10838 135011
10838 123644 135011
18664 63756 78556
78556 18664 63756
63756 18664 78556
127608 13943 45579
13943 45579 127608
45579 13943 127608
2825 84639 117162
117162 2825 84639
84639 2825 117162
122365 23463 113139
23463 113139 122365
113139 23463 122365
9124 1082 134545
134545 1082 9124
1082 9124 134545
61284 1299 63494
63494 1299 61284
1299 61284 63494
57981 72070 144755
72070 57981 144755
144755 57981 72070
3201 84354 126436
84354 3201 126436
126436 3201 84354
65879 42080 95248
42080 65879 95248
95248 42080 65879
18561 34298 129474
34298 18561 129474
129474 18561 34298
89866 97217 143792
97217 89866 143792
143792 89866 97217
47655 4135 9211
9211 4135 47655
4135 9211 47655
125161 32721 52547
52547 32721 125161
32721 52547 125161
46899 11659 77267
77267 11659 46899
11659 46899 77267
124648 5821 123421
123421 5821 124648
5821 123421 124648
42015 39219 39624
39219 39624 42015
39624 39219 42015
16017 100862 128373
100862 16017 128373
128373 16017 100862
123715 124970 141059
124970 123715 141059
141059 123715 124970
135387 25657 37623
25657 37623 135387
37623 25657 135387
102474 17715 138085
138085 17715 102474
17715 102474 138085
73184 9986 80905
9986 73184 80905
80905 9986 73184
19160 32656 108350
32656 19160 108350
108350 19160 32656
68352 45679 115264
45679 68352 115264
115264 45679 68352
50966 5833 74624
74624 5833 50966
5833 50966 74624
130043 86857 119715
86857 119715 130043
119715 86857 130043
70286 49206 83644
49206 70286 83644
83644 49206 70286
54868 105789 106836
106836 54868 105789
105789 54868 106836
40878 73133 145973
73133 40878 145973
145973 40878 73133
143750 48879 76323
48879 76323 143750
76323 48879 143750
52294 132128 140445
132128 52294 140445
140445 52294 132128
92474 22660 77546
77546 22660 92474
22660 77546 92474
113143 53214 68623
53214 68623 113143
68623 53214 113143
81222 24618 136209
24618 81222 136209
136209 24618 81222
115467 17938 101760
101760 17938 115467
17938 101760 115467
72850 3812 114293
114293 3812 72850
3812 72850 114293
54137 21176 134399
134399 21176 54137
21176 54137 134399
16943 21839 141295
141295 16943 21839
21839 16943 141295
120506 13843 120535
13843 120506 120535
120535 13843 120506
6782 125178 148838
148838 6782 125178
125178 6782 148838
119693 38451 49736
38451 49736 119693
49736 38451 119693
119902 31816 122460
122460 31816 119902
31816 119902 122460
82761 51462 145037
51462 82761 145037
145037 51462 82761
8163 2563 109703
109703 2563 8163
2563 8163 109703
23019 10284 26523
10284 23019 26523
26523 10284 23019
43089 51870 89590
51870 43089 89590
89590 43089 51870
108796 24593 72268
24593 72268 108796
72268 24593 108796
24906 56117 111329
111329 24906 56117
56117 24906 111329
101207 40823 133441
40823 101207 133441
133441 40823 101207
115635 47769 70890
47769 70890 115635
70890 47769 115635
37118 3225 13795
13795 3225 37118
3225 13795 37118
10347 34625 121019
34625 10347 121019
121019 10347 34625
85493 23466 95740
95740 23466 85493
23466 85493 95740
9245 79761 109456
79761 9245 109456
109456 9245 79761
105807 53093 116820
53093 105807 116820
116820 53093 105807
148522 27916 36637
27916 36637 148522
36637 27916 148522
104914 20752 104234
20752 104234 104914
104234 20752 104914
80904 12649 135830
12649 80904 135830
135830 12649 80904
7604 31915 115445
115445 7604 31915
31915 7604 115445
67258 12059 88678
12059 67258 88678
88678 12059 67258
47323 107001 134759
134759 47323 107001
107001 47323 134759
102726 3413 139872
3413 102726 139872
139872 3413 102726
72412 94966 96681
96681 72412 94966
94966 72412 96681
48748 8739 33228
33228 8739 48748
8739 33228 48748
48523 16030 39870
16030 39870 48523
39870 16030 48523
124607 41765 94982
94982 41765 124607
41765 94982 124607
45867 35171 130032
130032 35171 45867
35171 45867 130032
46697 111354 122733
111354 46697 122733
122733 46697 111354
39201 80533 108188
80533 39201 108188
108188 39201 80533
117249 35050 130528
130528 35050 117249
35050 117249 130528
26955 12703 94830
94830 12703 26955
12703 26955 94830
73770 34227 134780
134780 34227 73770
34227 73770 134780
64689 40616 112832
112832 40616 64689
40616 64689 112832
74695 11335 145335
145335 11335 74695
11335 74695 145335
64643 45519 75300
75300 45519 64643
45519 64643 75300
78817 14389 100579
100579 14389 78817
14389 78817 100579
42969 91469 131973
91469 42969 131973
131973 42969 91469
100874 52420 98487
52420 98487 100874
98487 52420 100874
134895 47181 141035
141035 47181 134895
47181 134895 141035
85050 17145 32127
17145 32127 85050
32127 17145 85050
116773 24550 54013
24550 54013 116773
54013 24550 116773
126822 53730 57853
57853 53730 126822
53730 57853 126822
41667 18849 53261
53261 18849 41667
18849 41667 53261
35462 33371 105691
105691 33371 35462
33371 35462 105691
146126 17131 121007
121007 17131 146126
17131 121007 146126
123907 31074 138672
138672 31074 123907
31074 123907 138672
141698 1928 33602
1928 33602 141698
33602 1928 141698
132420 23830 36280
36280 23830 132420
23830 36280 132420
64806 89485 127128
127128 64806 89485
89485 64806 127128
71969 4561 131402
4561 71969 131402
131402 4561 71969
24427 109195 123279
109195 24427 123279
123279 24427 109195
72842 55787 139663
139663 55787 72842
55787 72842 139663
75316 45984 75628
75628 45984 75316
45984 75316 75628
14674 19436 49987
19436 14674 49987
49987 14674 19436
66578 110797 133996
133996 66578 110797
110797 66578 133996
116733 49912 73671
49912 73671 116733
73671 49912 116733
59634 133154 139860
133154 59634 139860
139860 59634 133154
88480 82207 135518
82207 88480 135518
135518 82207 88480
24728 67838 147240
67838 24728 147240
147240 24728 67838
91051 54761 70842
54761 70842 91051
70842 54761 91051
65006 84286 138114
138114 65006 84286
84286 65006 138114
114763 106128 143379
106128 114763 143379
143379 106128 114763
63895 15871 90602
15871 63895 90602
90602 15871 63895
27841 5450 144714
5450 27841 144714
144714 5450 27841
107020 108950 133735
133735 107020 108950
108950 107020 133735
83152 6099 122976
6099 83152 122976
122976 6099 83152
371 133827 144356
133827 371 144356
144356 371 133827
21441 27071 93855
27071 21441 93855
93855 21441 27071
127623 13892 35193
13892 35193 127623
35193 13892 127623
47829 6403 81771
6403 47829 81771
81771 6403 47829
43258 13024 91659
91659 13024 43258
13024 43258 91659
106427 89735 136682
89735 106427 136682
136682 89735 106427
21468 69591 124524
124524 21468 69591
69591 21468 124524
29212 45279 141691
141691 29212 45279
45279 29212 141691
126098 14073 62772
14073 62772 126098
62772 14073 126098
30471 84615 128304
128304 30471 84615
84615 30471 128304
53238 79801 84339
79801 53238 84339
84339 53238 79801
116815 40670 49626
49626 40670 116815
40670 49626 116815
43765 44698 123905
44698 43765 123905
123905 43765 44698
40833 10769 24031
24031 10769 40833
10769 24031 40833
77303 24350 60245
60245 24350 77303
24350 60245 77303
119728 510 60434
60434 510 119728
510 60434 119728
142524 28117 81418
28117 81418 142524
81418 28117 142524
142023 25231 117647
117647 25231 142023
25231 117647 142023
42067 9541 75042
75042 9541 42067
9541 42067 75042
91954 39671 82152
82152 39671 91954
39671 82152 91954
98559 24817 114919
24817 98559 114919
114919 24817 98559
31583 14983 23599
14983 23599 31583
23599 14983 31583
105553 28253 56419
28253 56419 105553
56419 28253 105553
149010 7176 53842
53842 7176 149010
7176 53842 149010
38053 50618 78501
50618 38053 78501
78501 38053 50618
86699 52267 87133
52267 86699 87133
87133 52267 86699
18322 77288 86429
77288 18322 86429
86429 18322 77288
55291 126580 144492
126580 55291 144492
144492 55291 126580
8737 29754 79682
29754 8737 79682
79682 8737 29754
6107 65748 68790
68790 6107 65748
65748 6107 68790
101512 1529 104098
104098 1529 101512
1529 101512 104098
36931 87808 146206
146206 36931 87808
87808 36931 146206
36354 50067 138380
138380 36354 50067
50067 36354 138380
74101 58534 78665
58534 74101 78665
78665 58534 74101
69090 40772 84978
84978 40772 69090
40772 69090 84978
98168 59052 95633
59052 95633 98168
95633 59052 98168
87757 22605 142015
142015 22605 87757
22605 87757 142015
12340 10706 17443
17443 10706 12340
10706 12340 17443
64845 58253 127277
58253 64845 127277
127277 58253 64845
144579 29170 96300
96300 29170 144579
29170 96300 144579
129293 11277 97090
97090 11277 129293
11277 97090 129293
89780 6031 62673
6031 62673 89780
62673 6031 89780
47632 44064 69275
69275 44064 47632
44064 47632 69275
35574 2098 122786
2098 35574 122786
122786 2098 35574
122150 107103 131215
131215 107103 122150
107103 122150 131215
33673 33205 138286
138286 33205 33673
33205 33673 138286
47309 50960 138853
138853 47309 50960
50960 47309 138853
132019 58764 73682
58764 73682 132019
73682 58764 132019
38811 24766 53705
24766 38811 53705
53705 24766 38811
116358 7027 120332
7027 116358 120332
120332 7027 116358
36996 48408 149547
149547 36996 48408
48408 36996 149547
113722 41816 68830
68830 41816 113722
41816 68830 113722
138505 18527 113883
113883 18527 138505
18527 113883 138505
383 79103 128590
128590 383 79103
79103 383 128590
125137 8450 13350
13350 8450 125137
8450 13350 125137
57136 54335 65136
65136 54335 57136
54335 57136 65136
84779 80342 135170
135170 80342 84779
80342 84779 135170
87035 123912 125123
123912 87035 125123
125123 87035 123912
29069 41751 84346
41751 29069 84346
84346 29069 41751
92155 12621 21574
12621 21574 92155
21574 12621 92155
115114 13920 136270
136270 13920 115114
13920 115114 136270
34897 44726 83473
44726 34897 83473
83473 34897 44726
62405 28871 64653
64653 28871 62405
28871 62405 64653
43318 175 1724
1724 175 43318
175 1724 43318
148751 80057 90385
80057 90385 148751
90385 80057 148751
64528 26837 141707
26837 64528 141707
141707 26837 64528
83020 17377 139845
17377 83020 139845
139845 17377 83020
29554 3579 115285
115285 3579 29554
3579 29554 115285
2444 37635 126254
126254 2444 37635
37635 2444 126254
46007 2547 45632
2547 45632 46007
45632 2547 46007
107515 78762 83319
83319 78762 107515
78762 83319 107515
1722 32924 36060
36060 1722 32924
32924 1722 36060
79849 14677 114918
14677 79849 114918
114918 14677 79849
17195 99868 112398
112398 17195 99868
99868 17195 112398
47380 109260 123662
123662 47380 109260
109260 47380 123662
68905 25118 84293
25118 68905 84293
84293 25118 68905
142413 50271 115562
115562 50271 142413
50271 115562 142413
69169 71407 118164
71407 69169 118164
118164 69169 71407
4549 100273 149727
100273 4549 149727
149727 4549 100273
142275 42483 66913
66913 42483 142275
42483 66913 142275
76970 58018 59477
59477 58018 76970
58018 59477 76970
17850 22925 65230
65230 17850 22925
22925 17850 65230
8868 70645 140895
140895 8868 70645
70645 8868 140895
44038 796 64043
64043 796 44038
796 44038 64043
127794 70921 87534
87534 70921 127794
70921 87534 127794
20383 44364 109001
44364 20383 109001
109001 20383 44364
112645 43243 108895
43243 108895 112645
108895 43243 112645
63290 95722 123402
123402 63290 95722
95722 63290 123402
84327 21550 63791
63791 21550 84327
21550 63791 84327
53155 68035 145808
145808 53155 68035
68035 53155 145808
136992 12890 123663
12890 123663 136992
123663 12890 136992
146945 92733 143299
92733 143299 146945
143299 92733 146945
115366 111592 147819
147819 111592 115366
111592 115366 147819
131429 14872 84712
84712 14872 131429
14872 84712 131429
27060 35922 74068
74068 27060 35922
35922 27060 74068
111493 32812 52069
32812 52069 111493
52069 32812 111493
103038 22642 110207
22642 103038 110207
110207 22642 103038
28314 7646 46300
46300 7646 28314
7646 28314 46300
9336 64521 139217
64521 9336 139217
139217 9336 64521
78948 10972 110957
10972 78948 110957
110957 10972 78948
130931 84630 110193
84630 110193 130931
110193 84630 130931
99438 23450 104998
23450 99438 104998
104998 23450 99438
15777 15869 126215
15869 15777 126215
126215 15777 15869
134041 22509 71658
71658 22509 134041
22509 71658 134041
61008 22443 98667
98667 22443 61008
22443 61008 98667
134229 19977 90662
90662 19977 134229
19977 90662 134229
148184 100320 145291
100320 145291 148184
145291 100320 148184
10276 106004 114518
106004 10276 114518
114518 10276 106004
131461 54541 97050
97050 54541 131461
54541 97050 131461
148683 72045 114783
72045 114783 148683
114783 72045 148683
55118 24890 75653
75653 24890 55118
24890 55118 75653
78539 55443 142402
142402 55443 78539
55443 78539 142402
129277 64703 101746
64703 101746 129277
101746 64703 129277
60664 12270 134553
12270 60664 134553
134553 12270 60664
88889 74249 96603
96603 74249 88889
74249 88889 96603
76908 28012 100638
28012 76908 100638
100638 28012 76908
49273 61128 85308
61128 49273 85308
85308 49273 61128
110262 45158 61735
61735 45158 110262
45158 61735 110262
60094 84212 127108
84212 60094 127108
127108 60094 84212
37192 72027 101594
101594 37192 72027
72027 37192 101594
136082 89575 99095
99095 89575 136082
89575 99095 136082
7985 116278 141465
116278 7985 141465
141465 7985 116278
81976 59158 117332
117332 59158 81976
59158 81976 117332
113061 93549 94893
94893 93549 113061
93549 94893 113061
104053 118335 146328
118335 104053 146328
146328 104053 118335
143687 142475 145392
145392 142475 143687
142475 143687 145392
118773 12012 111812
12012 111812 118773
111812 12012 118773
67761 11032 24825
11032 24825 67761
24825 11032 67761
81609 344 104022
104022 344 81609
344 81609 104022
73963 1672 140619
140619 1672 73963
1672 73963 140619
67646 4113 72979
72979 4113 67646
4113 67646 72979
100368 3234 124321
124321 3234 100368
3234 100368 124321
144111 121042 144617
144617 121042 144111
121042 144111 144617
129826 5142 110858
5142 110858 129826
110858 5142 129826
148248 64010 127034
64010 127034 148248
127034 64010 148248
54621 88679 143025
143025 54621 88679
88679 54621 143025
40106 8629 89152
89152 8629 40106
8629 40106 89152
109071 128803 132335
132335 109071 128803
128803 109071 132335
87060 98723 119828
98723 87060 119828
119828 87060 98723
84813 75650 146577
146577 75650 84813
75650 84813 146577
92113 10428 35452
35452 10428 92113
10428 35452 92113
36071 72405 99737
99737 36071 72405
72405 36071 99737
83175 70465 75004
75004 70465 83175
70465 75004 83175
76945 102673 113517
113517 76945 102673
102673 76945 113517
27270 28213 46943
46943 27270 28213
28213 27270 46943
29209 87622 110355
87622 29209 110355
110355 29209 87622
40964 83415 108056
83415 40964 108056
108056 40964 83415
1294 45386 131511
131511 1294 45386
45386 1294 131511
61267 19540 63410
19540 61267 63410
63410 19540 61267
55880 79540 98545
79540 55880 98545
98545 55880 79540
25580 106423 107929
106423 25580 107929
107929 25580 106423
24950 123173 135673
123173 24950 135673
135673 24950 123173
105881 62986 64107
64107 62986 105881
62986 64107 105881
121057 17494 49477
17494 49477 121057
49477 17494 121057
109035 91487 128276
91487 109035 128276
128276 91487 109035
8942 31586 92809
92809 8942 31586
31586 8942 92809
43809 18623 87689
18623 43809 87689
87689 18623 43809
8400 101528 108514
101528 8400 108514
108514 8400 101528
121806 107305 127423
107305 121806 127423
127423 107305 121806
78374 27862 114240
27862 78374 114240
114240 27862 78374
144362 70326 148069
70326 144362 148069
148069 70326 144362
56908 73259 102048
102048 56908 73259
73259 56908 102048
101742 55254 118560
118560 55254 101742
55254 101742 118560
36988 49440 77018
49440 36988 77018
77018 36988 49440
131331 25429 115491
25429 115491 131331
115491 25429 131331
50905 61758 133688
61758 50905 133688
133688 50905 61758
94345 10570 37243
37243 10570 94345
10570 37243 94345
131757 74692 145995
74692 131757 145995
145995 74692 131757
75686 74740 91640
74740 75686 91640
91640 74740 75686
99649 59501 126225
126225 59501 99649
59501 99649 126225
78953 2332 69759
2332 69759 78953
69759 2332 78953
140878 4398 13352
4398 13352 140878
13352 4398 140878
86496 45962 143166
45962 86496 143166
143166 45962 86496
128505 3440 3706
3706 3440 128505
3440 3706 128505
20165 74890 104896
74890 20165 104896
104896 20165 74890
902 62809 86150
62809 902 86150
86150 902 62809
78045 99807 130787
130787 78045 99807
99807 78045 130787
10659 28486 100179
28486 10659 100179
100179 10659 28486
125799 30132 91126
91126 30132 125799
30132 91126 125799
129251 31000 58168
58168 31000 129251
31000 58168 129251
138810 123164 136799
123164 136799 138810
136799 123164 138810
32584 42395 59789
42395 32584 59789
59789 32584 42395
88660 87410 96340
96340 87410 88660
87410 88660 96340
77607 22463 27325
27325 22463 77607
22463 27325 77607
86896 6407 89650
89650 6407 86896
6407 86896 89650
84574 14895 84582
84582 14895 84574
14895 84574 84582
17634 2723 103112
2723 17634 103112
103112 2723 17634
90795 60203 104067
104067 60203 90795
60203 90795 104067
128052 62428 76237
76237 62428 128052
