2843 5187 8780
5187 2843 8780
8780 2843 5187
6421 255 3572
255 3572 6421
3572 255 6421
4293 1564 9422
1564 4293 9422
9422 1564 4293
8919 4623 7091
7091 4623 8919
4623 7091 8919
7010 44 4200
44 4200 7010
4200 44 7010
4009 7744 11332
11332 4009 7744
7744 4009 11332
210 1153 2711
1153 210 2711
2711 210 1153
7269 5024 6284
5024 6284 7269
6284 5024 7269
6749 1670 9852
9852 1670 6749
1670 6749 9852
3065 7107 14238
14238 3065 7107
7107 3065 14238
14044 2078 8692
8692 2078 14044
2078 8692 14044
5951 4001 4180
4180 4001 5951
4001 4180 5951
11189 215 1569
1569 215 11189
215 1569 11189
13951 4374 12202
4374 12202 13951
12202 4374 13951
3253 2328 13982
13982 2328 3253
2328 3253 13982
10894 7610 14739
7610 10894 14739
14739 7610 10894
6213 3516 13722
13722 3516 6213
3516 6213 13722
11530 4553 13964
13964 4553 11530
4553 11530 13964
12429 3457 6961
3457 6961 12429
6961 3457 12429
9818 11690 13582
11690 9818 13582
13582 9818 11690
5753 763 3580
763 3580 5753
3580 763 5753
3607 11646 13253
11646 3607 13253
13253 3607 11646
2286 380 4841
380 2286 4841
4841 380 2286
9590 5726 13161
13161 5726 9590
5726 9590 13161
9375 3460 8131
8131 3460 9375
3460 8131 9375
11431 3196 5383
3196 5383 11431
5383 3196 11431
4991 171 4255
171 4255 4991
4255 171 4991
7422 4119 4286
4286 4119 7422
4119 4286 7422
12293 4069 6920
4069 6920 12293
6920 4069 12293
1993 3797 13763
3797 1993 13763
13763 1993 3797
4512 7208 11109
11109 4512 7208
7208 4512 11109
8071 7621 14658
14658 7621 8071
7621 8071 14658
10794 8383 11298
11298 8383 10794
8383 10794 11298
4950 5983 12107
5983 4950 12107
12107 4950 5983
14802 7420 10049
10049 7420 14802
7420 10049 14802
9957 23 9103
9103 23 9957
23 9103 9957
8248 5488 7895
7895 5488 8248
5488 7895 8248
2033 6797 12091
6797 2033 12091
12091 2033 6797
6434 6963 10102
10102 6434 6963
6963 6434 10102
5950 4224 11090
4224 5950 11090
11090 4224 5950
1637 2021 7944
2021 1637 7944
7944 1637 2021
11913 1830 6705
6705 1830 11913
1830 6705 11913
8221 2149 7965
7965 2149 8221
2149 7965 8221
7138 13277 13311
13277 7138 13311
13311 7138 13277
7035 13933 14110
14110 7035 13933
13933 7035 14110
13240 9455 13735
13735 9455 13240
9455 13240 13735
5136 2709 8430
2709 5136 8430
8430 2709 5136
12651 4046 10644
4046 10644 12651
10644 4046 12651
6688 2535 11990
2535 6688 11990
11990 2535 6688
8198 3020 10301
3020 8198 10301
10301 3020 8198
115 5848 13257
13257 115 5848
5848 115 13257
671 1466 3441
3441 671 1466
1466 671 3441
706 7665 8679
8679 706 7665
7665 706 8679
964 3792 5034
5034 964 3792
3792 964 5034
12893 7518 12991
12991 7518 12893
7518 12893 12991
3280 1734 4400
4400 1734 3280
1734 3280 4400
6217 6004 9781
6004 6217 9781
9781 6004 6217
10011 4172 7008
7008 4172 10011
4172 7008 10011
11520 1045 13469
1045 11520 13469
13469 1045 11520
100 1436 10971
10971 100 1436
1436 100 10971
9561 11787 14745
14745 9561 11787
11787 9561 14745
5229 2157 4174
2157 4174 5229
4174 2157 5229
2447 4896 11220
11220 2447 4896
4896 2447 11220
14999 47 8404
8404 47 14999
47 8404 14999
1776 334 11330
334 1776 11330
11330 334 1776
3684 994 9500
9500 994 3684
994 3684 9500
1897 1274 13385
1274 1897 13385
13385 1274 1897
13710 3875 10294
10294 3875 13710
3875 10294 13710
14811 10019 13795
10019 13795 14811
13795 10019 14811
11421 1668 12607
12607 1668 11421
1668 11421 12607
2536 160 2527
2527 160 2536
160 2527 2536
7463 10908 12896
10908 7463 12896
12896 7463 10908
8757 603 6679
6679 603 8757
603 6679 8757
1302 5831 5855
5855 1302 5831
5831 1302 5855
13590 14107 14162
14107 13590 14162
14162 13590 14107
13668 7521 8326
8326 7521 13668
7521 8326 13668
13047 468 2778
2778 468 13047
468 2778 13047
3695 6917 10719
6917 3695 10719
10719 3695 6917
3601 322 5858
5858 322 3601
322 3601 5858
13853 8612 13083
8612 13083 13853
13083 8612 13853
1959 5490 9095
9095 1959 5490
5490 1959 9095
6756 10057 12685
12685 6756 10057
10057 6756 12685
3214 2065 4719
4719 2065 3214
2065 3214 4719
3969 1764 7745
7745 1764 3969
1764 3969 7745
9322 1623 14924
1623 9322 14924
14924 1623 9322
7783 1011 14390
1011 7783 14390
14390 1011 7783
11793 4103 10078
4103 10078 11793
10078 4103 11793
533 10518 14360
14360 533 10518
10518 533 14360
14230 7533 8265
8265 7533 14230
7533 8265 14230
4501 7496 10222
10222 4501 7496
7496 4501 10222
2767 4793 9619
9619 2767 4793
4793 2767 9619
1075 7547 11551
11551 1075 7547
7547 1075 11551
12021 7040 10310
7040 10310 12021
10310 7040 12021
8678 180 7583
180 7583 8678
7583 180 8678
5557 2602 5924
5924 2602 5557
2602 5557 5924
7617 192 10456
10456 192 7617
192 7617 10456
4538 6122 10848
10848 4538 6122
6122 4538 10848
3586 3724 8130
8130 3586 3724
3724 3586 8130
95 674 5477
5477 95 674
674 95 5477
5587 4694 6102
4694 5587 6102
6102 4694 5587
11279 3561 9132
9132 3561 11279
3561 9132 11279
6668 1538 4041
4041 1538 6668
1538 4041 6668
8151 305 14304
305 8151 14304
14304 305 8151
11174 3771 14424
14424 3771 11174
3771 11174 14424
2739 11268 14570
14570 2739 11268
11268 2739 14570
954 9906 12953
12953 954 9906
9906 954 12953
14274 3148 4746
4746 3148 14274
3148 4746 14274
2576 1919 3899
3899 1919 2576
1919 2576 3899
12701 1422 12001
1422 12001 12701
12001 1422 12701
698 3090 9142
3090 698 9142
9142 698 3090
14028 1511 8858
1511 8858 14028
8858 1511 14028
7522 3916 8505
8505 3916 7522
3916 7522 8505
14665 4423 13687
4423 13687 14665
13687 4423 14665
4458 348 13806
348 4458 13806
13806 348 4458
11498 639 13274
13274 639 11498
639 11498 13274
13942 9442 13350
9442 13350 13942
13350 9442 13942
11237 4191 14889
14889 4191 11237
4191 11237 14889
2816 4439 7870
4439 2816 7870
7870 2816 4439
9236 11300 11393
11393 9236 11300
11300 9236 11393
9463 11855 12335
11855 9463 12335
12335 9463 11855
8797 2192 4300
4300 2192 8797
2192 4300 8797
1736 406 5167
5167 406 1736
406 1736 5167
9586 2221 6741
2221 6741 9586
6741 2221 9586
8806 11451 12922
11451 8806 12922
12922 8806 11451
1048 7165 12423
12423 1048 7165
7165 1048 12423
11686 4666 4734
4734 4666 11686
4666 4734 11686
13755 12638 14878
14878 12638 13755
12638 13755 14878
11887 4317 12993
12993 4317 11887
4317 11887 12993
8648 6659 14469
6659 8648 14469
14469 6659 8648
9305 1168 2752
2752 1168 9305
1168 2752 9305
10611 60 11194
60 10611 11194
11194 60 10611
3230 203 3510
3510 203 3230
203 3230 3510
615 130 6002
6002 130 615
130 615 6002
3221 4448 9492
4448 3221 9492
9492 3221 4448
3260 4427 9079
9079 3260 4427
4427 3260 9079
1261 1381 8776
8776 1261 1381
1381 1261 8776
4156 355 7405
7405 355 4156
355 4156 7405
11823 1760 2323
1760 2323 11823
2323 1760 11823
14713 1661 2635
1661 2635 14713
2635 1661 14713
3513 13019 14313
14313 3513 13019
13019 3513 14313
1458 3381 13990
13990 1458 3381
3381 1458 13990
4921 1804 12194
1804 4921 12194
12194 1804 4921
8895 1796 8970
8970 1796 8895
1796 8895 8970
9199 12776 12949
12776 9199 12949
12949 9199 12776
4478 1689 9625
1689 4478 9625
9625 1689 4478
769 107 11305
11305 107 769
107 769 11305
11891 6760 14120
14120 6760 11891
6760 11891 14120
11455 2119 8216
2119 8216 11455
8216 2119 11455
613 11654 12362
11654 613 12362
12362 613 11654
7144 4508 6437
4508 6437 7144
6437 4508 7144
3730 3624 13520
13520 3624 3730
3624 3730 13520
9754 1799 12933
1799 9754 12933
12933 1799 9754
3987 3902 9361
9361 3902 3987
3902 3987 9361
7998 7649 13968
7649 7998 13968
13968 7649 7998
12364 3026 8027
3026 8027 12364
8027 3026 12364
5392 6771 14937
6771 5392 14937
14937 5392 6771
8139 2480 10867
10867 2480 8139
2480 8139 10867
2502 3319 10740
10740 2502 3319
3319 2502 10740
10800 4924 14002
14002 4924 10800
4924 10800 14002
9514 383 1944
383 1944 9514
1944 383 9514
13777 137 14838
14838 137 13777
137 13777 14838
5720 587 5498
5498 587 5720
587 5498 5720
9823 9189 12793
9189 9823 12793
12793 9189 9823
12081 4754 12995
12995 4754 12081
4754 12081 12995
9471 7509 12334
12334 7509 9471
7509 9471 12334
5773 5446 6694
5446 5773 6694
6694 5446 5773
2086 3706 11373
11373 2086 3706
3706 2086 11373
13917 26 7623
26 7623 13917
7623 26 13917
8374 7026 8405
7026 8374 8405
8405 7026 8374
14228 3175 9521
9521 3175 14228
3175 9521 14228
13018 1941 8596
8596 1941 13018
1941 8596 13018
2228 1279 9603
9603 1279 2228
1279 2228 9603
5778 650 2808
2808 650 5778
650 2808 5778
5780 4290 9147
9147 4290 5780
4290 5780 9147
7190 3958 4625
3958 4625 7190
4625 3958 7190
1916 166 13544
13544 166 1916
166 1916 13544
6323 5691 8090
8090 5691 6323
5691 6323 8090
6838 802 2358
2358 802 6838
802 2358 6838
7020 12574 13312
12574 7020 13312
13312 7020 12574
12307 2943 13280
13280 2943 12307
2943 12307 13280
12527 3623 9765
9765 3623 12527
3623 9765 12527
5760 7940 12903
7940 5760 12903
12903 5760 7940
9825 7626 11927
7626 9825 11927
11927 7626 9825
2550 6208 8617
8617 2550 6208
6208 2550 8617
10389 7750 8969
8969 7750 10389
7750 8969 10389
1074 4800 14399
14399 1074 4800
4800 1074 14399
10753 4018 9161
9161 4018 10753
4018 9161 10753
2005 1750 14579
14579 1750 2005
1750 2005 14579
11193 10888 11009
10888 11009 11193
11009 10888 11193
2678 8084 10161
8084 2678 10161
10161 2678 8084
10523 4316 10402
10402 4316 10523
4316 10402 10523
4771 398 5758
5758 398 4771
398 4771 5758
8419 4810 9087
4810 8419 9087
9087 4810 8419
6599 3960 10565
3960 6599 10565
10565 3960 6599
10370 6047 10326
10326 6047 10370
6047 10326 10370
12952 7359 11930
11930 7359 12952
7359 11930 12952
400 8907 8998
8998 400 8907
8907 400 8998
13428 881 7899
7899 881 13428
881 7899 13428
12049 9495 11082
9495 11082 12049
11082 9495 12049
8912 40 2310
2310 40 8912
40 2310 8912
11084 2062 10891
2062 10891 11084
10891 2062 11084
5147 1226 2548
2548 1226 5147
1226 2548 5147
12637 3007 13119
3007 12637 13119
13119 3007 12637
3200 1628 13305
13305 1628 3200
1628 3200 13305
13404 3685 6497
3685 6497 13404
6497 3685 13404
3431 4030 7620
7620 3431 4030
4030 3431 7620
7477 6714 11495
6714 7477 11495
11495 6714 7477
558 9346 9749
9346 558 9749
9749 558 9346
14146 6369 9321
6369 9321 14146
9321 6369 14146
14206 4332 5538
4332 5538 14206
5538 4332 14206
14703 947 4267
947 4267 14703
4267 947 14703
5871 8664 14000
14000 5871 8664
8664 5871 14000
6893 2727 4271
4271 2727 6893
2727 4271 6893
5101 7867 10324
7867 5101 10324
10324 5101 7867
3922 14170 14777
14170 3922 14777
14777 3922 14170
9621 4658 10947
10947 4658 9621
4658 9621 10947
6504 3668 8585
3668 6504 8585
8585 3668 6504
2865 3414 12520
3414 2865 12520
12520 2865 3414
9902 1822 12906
1822 9902 12906
12906 1822 9902
10197 6040 6977
6040 6977 10197
6977 6040 10197
853 2959 11172
2959 853 11172
11172 853 2959
12044 3687 7136
3687 7136 12044
7136 3687 12044
14323 4617 11805
11805 4617 14323
4617 11805 14323
7398 2874 13373
2874 7398 13373
13373 2874 7398
6440 787 6925
6925 787 6440
787 6440 6925
8549 5215 13844
13844 5215 8549
5215 8549 13844
8523 1186 12570
1186 8523 12570
12570 1186 8523
9344 6060 9307
9307 6060 9344
6060 9307 9344
10858 9924 10561
10561 9924 10858
9924 10561 10858
7050 5039 12130
12130 5039 7050
5039 7050 12130
6264 5668 8566
8566 5668 6264
5668 6264 8566
4511 4940 10337
4940 4511 10337
10337 4511 4940
12458 1486 9507
1486 9507 12458
9507 1486 12458
11058 7363 9991
7363 9991 11058
9991 7363 11058
12138 3645 13609
3645 12138 13609
13609 3645 12138
336 7674 7946
7946 336 7674
7674 336 7946
1124 3278 14727
14727 1124 3278
3278 1124 14727
8361 9195 10441
9195 8361 10441
10441 8361 9195
13372 4147 13802
4147 13372 13802
13802 4147 13372
10927 3383 8237
8237 3383 10927
3383 8237 10927
604 8846 9406
9406 604 8846
8846 604 9406
5131 4171 6704
6704 4171 5131
4171 5131 6704
4728 8454 10231
10231 4728 8454
8454 4728 10231
5540 5733 13457
5733 5540 13457
13457 5540 5733
12452 4947 8196
8196 4947 12452
4947 8196 12452
14778 3227 13707
13707 3227 14778
3227 13707 14778
7721 10384 14386
10384 7721 14386
14386 7721 10384
12073 2244 2280
2244 2280 12073
2280 2244 12073
14601 10575 11247
10575 11247 14601
11247 10575 14601
12264 1018 10738
10738 1018 12264
1018 10738 12264
823 7056 7667
7056 823 7667
7667 823 7056
96 4635 4963
4635 96 4963
4963 96 4635
5414 5005 9548
9548 5005 5414
5005 5414 9548
7883 3614 8853
3614 7883 8853
8853 3614 7883
10854 12078 14414
14414 10854 12078
12078 10854 14414
7716 5102 12813
12813 5102 7716
5102 7716 12813
4258 8418 11047
8418 4258 11047
11047 4258 8418
11536 1900 13353
13353 1900 11536
1900 11536 13353
12088 227 3141
227 3141 12088
3141 227 12088
13125 8177 10551
8177 10551 13125
10551 8177 13125
14376 10776 13783
13783 10776 14376
10776 13783 14376
11744 944 7074
944 7074 11744
7074 944 11744
11274 3973 7734
7734 3973 11274
3973 7734 11274
12470 2306 11449
11449 2306 12470
2306 11449 12470
14923 5258 13354
5258 13354 14923
13354 5258 14923
3927 8584 9055
8584 3927 9055
9055 3927 8584
33 3182 14922
3182 33 14922
14922 33 3182
12158 3765 14605
3765 12158 14605
14605 3765 12158
7195 7747 14590
7747 7195 14590
14590 7195 7747
1848 4751 14204
4751 1848 14204
14204 1848 4751
1130 4057 9784
9784 1130 4057
4057 1130 9784
726 10782 12644
10782 726 12644
12644 726 10782
13134 3576 13100
13100 3576 13134
3576 13100 13134
14939 3474 11011
11011 3474 14939
3474 11011 14939
10401 177 7025
7025 177 10401
177 7025 10401
14578 2165 7530
2165 7530 14578
7530 2165 14578
7914 7494 8626
7494 7914 8626
8626 7494 7914
4209 7423 8615
7423 4209 8615
8615 4209 7423
798 1159 7105
1159 798 7105
7105 798 1159
1914 4525 13959
4525 1914 13959
13959 1914 4525
9968 6834 7230
7230 6834 9968
6834 7230 9968
12561 10170 14961
10170 12561 14961
14961 10170 12561
5310 6686 10635
6686 5310 10635
10635 5310 6686
10857 1770 8371
8371 1770 10857
1770 8371 10857
10454 5012 9914
5012 9914 10454
9914 5012 10454
12180 1204 9758
9758 1204 12180
1204 9758 12180
7991 3110 8751
8751 3110 7991
3110 7991 8751
5895 3482 4731
4731 3482 5895
3482 4731 5895
3873 774 12773
12773 774 3873
774 3873 12773
506 7701 10460
10460 506 7701
7701 506 10460
4586 5957 13127
13127 4586 5957
5957 4586 13127
834 1198 2905
1198 834 2905
2905 834 1198
6981 11839 12789
11839 6981 12789
12789 6981 11839
5891 13577 13841
13577 5891 13841
13841 5891 13577
14706 4499 10950
10950 4499 14706
4499 10950 14706
4195 8406 12342
12342 4195 8406
8406 4195 12342
13957 6692 14021
6692 13957 14021
14021 6692 13957
7368 1032 12879
12879 1032 7368
1032 7368 12879
6042 3984 11419
3984 6042 11419
11419 3984 6042
4202 437 7166
7166 437 4202
437 4202 7166
1317 6558 11200
6558 1317 11200
11200 1317 6558
13638 2400 8384
2400 8384 13638
8384 2400 13638
1865 9963 13031
9963 1865 13031
13031 1865 9963
4416 4442 7799
7799 4416 4442
4442 4416 7799
4028 8266 14595
8266 4028 14595
14595 4028 8266
2148 739 3717
3717 739 2148
739 2148 3717
3237 3171 11313
3171 3237 11313
11313 3171 3237
4368 7449 12929
12929 4368 7449
7449 4368 12929
6348 11095 12358
11095 6348 12358
12358 6348 11095
6302 8349 10965
8349 6302 10965
10965 6302 8349
9068 7656 12012
12012 7656 9068
7656 9068 12012
9529 5193 12480
5193 9529 12480
12480 5193 9529
11586 1117 9912
1117 9912 11586
9912 1117 11586
7611 2849 7018
2849 7018 7611
7018 2849 7611
9642 11392 12102
12102 9642 11392
11392 9642 12102
2064 6121 12490
12490 2064 6121
6121 2064 12490
11800 3915 5915
5915 3915 11800
3915 5915 11800
3860 3659 10673
3659 3860 10673
10673 3659 3860
12174 225 5531
5531 225 12174
225 5531 12174
7416 972 7015
972 7015 7416
7015 972 7416
469 6150 14412
6150 469 14412
14412 469 6150
6676 7949 13394
7949 6676 13394
13394 6676 7949
10679 8312 14384
8312 10679 14384
14384 8312 10679
2732 3649 4609
3649 2732 4609
4609 2732 3649
11213 4291 8213
8213 4291 11213
4291 8213 11213
975 6649 10637
6649 975 10637
10637 975 6649
7600 351 14410
351 7600 14410
14410 351 7600
2454 7021 14506
14506 2454 7021
7021 2454 14506
10243 611 838
838 611 10243
611 838 10243
8078 1977 13798
1977 8078 13798
13798 1977 8078
2627 7627 12858
12858 2627 7627
7627 2627 12858
14977 976 11553
976 11553 14977
11553 976 14977
9948 14420 14558
14558 9948 14420
14420 9948 14558
10544 3246 7666
3246 7666 10544
7666 3246 10544
7184 6930 11621
11621 6930 7184
6930 7184 11621
12274 5806 10446
10446 5806 12274
5806 10446 12274
3334 2992 9468
9468 2992 3334
2992 3334 9468
9639 1545 14847
14847 1545 9639
1545 9639 14847
1152 2680 12409
12409 1152 2680
2680 1152 12409
13901 6821 11797
11797 6821 13901
6821 11797 13901
14959 8512 11628
8512 11628 14959
11628 8512 14959
3407 4555 12871
12871 3407 4555
4555 3407 12871
6353 4351 5124
4351 5124 6353
5124 4351 6353
803 1054 13639
13639 803 1054
1054 803 13639
2365 7854 7995
7995 2365 7854
7854 2365 7995
11183 6161 8292
8292 6161 11183
6161 8292 11183
3901 6899 13947
6899 3901 13947
13947 3901 6899
4562 1126 6572
6572 1126 4562
1126 4562 6572
3863 7550 8592
8592 3863 7550
7550 3863 8592
3250 1536 5502
1536 3250 5502
5502 1536 3250
5810 1548 13688
13688 1548 5810
1548 5810 13688
6479 5882 14359
14359 5882 6479
5882 6479 14359
4537 2199 9579
2199 4537 9579
9579 2199 4537
6089 12263 14564
14564 6089 12263
12263 6089 14564
4661 4788 5424
5424 4661 4788
4788 4661 5424
5326 596 12548
12548 596 5326
596 5326 12548
8528 13471 14969
13471 8528 14969
14969 8528 13471
7023 3640 10046
3640 7023 10046
10046 3640 7023
14302 5526 8012
8012 5526 14302
5526 8012 14302
5517 4857 7604
7604 4857 5517
4857 5517 7604
2052 2813 3851
3851 2052 2813
2813 2052 3851
13156 7631 9121
9121 7631 13156
7631 9121 13156
11350 5811 8358
5811 8358 11350
8358 5811 11350
4671 1826 4192
1826 4192 4671
4192 1826 4671
8999 10072 14083
14083 8999 10072
10072 8999 14083
14280 1076 1666
1666 1076 14280
1076 1666 14280
10742 5009 7695
7695 5009 10742
5009 7695 10742
4591 6214 7699
6214 4591 7699
7699 4591 6214
13581 1704 6420
1704 6420 13581
6420 1704 13581
13308 4370 13098
13098 4370 13308
4370 13098 13308
8721 6308 14218
6308 8721 14218
14218 6308 8721
10616 340 6687
340 6687 10616
6687 340 10616
11676 8079 11602
8079 11602 11676
11602 8079 11676
13489 9569 10295
10295 9569 13489
9569 10295 13489
6340 2908 13315
2908 6340 13315
13315 2908 6340
14024 3147 7236
3147 7236 14024
7236 3147 14024
7314 4393 12947
4393 7314 12947
12947 4393 7314
1879 98 11151
11151 98 1879
98 1879 11151
10824 12165 13812
12165 10824 13812
13812 10824 12165
3015 11833 12128
12128 3015 11833
11833 3015 12128
4369 5791 13011
5791 4369 13011
13011 4369 5791
4090 7580 8962
8962 4090 7580
7580 4090 8962
2706 2122 13941
13941 2122 2706
2122 2706 13941
2124 2758 9905
2758 2124 9905
9905 2124 2758
12482 2218 10955
2218 10955 12482
10955 2218 12482
1182 198 13069
13069 198 1182
198 1182 13069
1727 7670 13027
7670 1727 13027
13027 1727 7670
1325 10651 13379
10651 1325 13379
13379 1325 10651
11894 3021 10682
3021 10682 11894
10682 3021 11894
11808 1784 2586
1784 2586 11808
2586 1784 11808
5493 9768 12169
12169 5493 9768
9768 5493 12169
5975 6882 6903
6882 5975 6903
6903 5975 6882
12596 5792 9380
5792 9380 12596
9380 5792 12596
7815 2150 12428
2150 7815 12428
12428 2150 7815
8572 6820 10537
6820 8572 10537
10537 6820 8572
7591 13180 14974
13180 7591 14974
14974 7591 13180
12254 2314 6763
6763 2314 12254
2314 6763 12254
2847 6399 8731
6399 2847 8731
8731 2847 6399
1681 2498 5796
5796 1681 2498
2498 1681 5796
2700 4674 5800
4674 2700 5800
5800 2700 4674
6518 4140 14147
4140 6518 14147
14147 4140 6518
8973 8203 14705
14705 8203 8973
8203 8973 14705
14967 5017 9894
5017 9894 14967
9894 5017 14967
10180 3948 14532
14532 3948 10180
3948 10180 14532
10636 1136 14324
14324 1136 10636
1136 10636 14324
7630 489 3489
489 3489 7630
3489 489 7630
13929 5001 7031
7031 5001 13929
5001 7031 13929
12315 425 3907
3907 425 12315
425 3907 12315
7891 9597 11774
9597 7891 11774
11774 7891 9597
9016 2639 6493
2639 6493 9016
6493 2639 9016
11117 1216 2566
2566 1216 11117
1216 2566 11117
8712 4176 12608
4176 8712 12608
12608 4176 8712
12633 12434 13814
12434 12633 13814
13814 12434 12633
11697 4243 9136
4243 9136 11697
9136 4243 11697
3775 4515 8782
8782 3775 4515
4515 3775 8782
12302 218 13602
13602 218 12302
218 12302 13602
585 1193 5354
5354 585 1193
1193 585 5354
3879 7120 8759
7120 3879 8759
8759 3879 7120
4175 464 10476
464 4175 10476
10476 464 4175
10268 2196 13188
2196 10268 13188
13188 2196 10268
6134 7467 10116
10116 6134 7467
7467 6134 10116
11349 5992 8730
5992 8730 11349
8730 5992 11349
4245 2205 11002
2205 4245 11002
11002 2205 4245
4596 2713 14048
2713 4596 14048
14048 2713 4596
13751 7348 14419
7348 13751 14419
14419 7348 13751
10910 9527 12954
9527 10910 12954
12954 9527 10910
1929 682 864
864 682 1929
682 864 1929
3054 7827 12938
12938 3054 7827
7827 3054 12938
7571 3985 14617
14617 3985 7571
3985 7571 14617
12000 9889 11896
11896 9889 12000
9889 11896 12000
14571 5153 14586
5153 14571 14586
14586 5153 14571
8856 4349 8219
4349 8219 8856
8219 4349 8856
9075 2410 7737
2410 7737 9075
7737 2410 9075
7588 6843 7830
7830 6843 7588
6843 7588 7830
5360 126 12424
126 5360 12424
12424 126 5360
13221 4379 14542
4379 13221 14542
14542 4379 13221
3954 1851 6202
6202 1851 3954
1851 3954 6202
2702 4853 6477
4853 2702 6477
6477 2702 4853
13833 4548 13060
4548 13060 13833
13060 4548 13833
3783 24 2344
24 2344 3783
2344 24 3783
5081 250 1700
1700 250 5081
250 1700 5081
10422 8425 9671
9671 8425 10422
8425 9671 10422
10584 2785 12603
12603 2785 10584
2785 10584 12603
11187 5632 6326
6326 5632 11187
5632 6326 11187
9846 4627 9057
4627 9057 9846
9057 4627 9846
394 5387 8370
5387 394 8370
8370 394 5387
1633 4196 14784
4196 1633 14784
14784 1633 4196
14157 4936 6279
4936 6279 14157
6279 4936 14157
589 4155 12899
4155 589 12899
12899 589 4155
7198 1932 10722
10722 1932 7198
1932 7198 10722
13835 8218 12616
12616 8218 13835
8218 12616 13835
6190 13518 14298
13518 6190 14298
14298 6190 13518
6837 13252 14557
13252 6837 14557
14557 6837 13252
5267 4084 10818
10818 4084 5267
4084 5267 10818
7554 3437 8975
3437 7554 8975
8975 3437 7554
13 4917 12841
12841 13 4917
4917 13 12841
4322 1092 1450
1450 1092 4322
1092 1450 4322
13980 8067 13984
8067 13980 13984
13984 8067 13980
2885 2416 2656
2416 2656 2885
2656 2416 2885
7057 3773 12987
3773 7057 12987
12987 3773 7057
4843 7307 9795
9795 4843 7307
7307 4843 9795
14539 3920 6743
6743 3920 14539
3920 6743 14539
3912 9756 11934
9756 3912 11934
11934 3912 9756
1772 9989 13388
9989 1772 13388
13388 1772 9989
3304 1377 10961
10961 1377 3304
1377 3304 10961
751 12575 14361
12575 751 14361
14361 751 12575
10962 667 10904
10904 667 10962
667 10904 10962
11445 2160 3770
2160 3770 11445
3770 2160 11445
7751 7928 11315
7928 7751 11315
11315 7751 7928
10915 12347 13154
13154 10915 12347
12347 10915 13154
10128 3164 13866
13866 3164 10128
3164 10128 13866
13201 12407 13444
13444 12407 13201
12407 13201 13444
12919 3917 12164
12164 3917 12919
3917 12164 12919
4079 6312 10185
10185 4079 6312
6312 4079 10185
7421 8948 14265
8948 7421 14265
14265 7421 8948
3616 4786 11983
4786 3616 11983
11983 3616 4786
5358 8050 9804
8050 5358 9804
9804 5358 8050
12541 10527 11225
11225 10527 12541
10527 11225 12541
6160 1945 10028
1945 6160 10028
10028 1945 6160
9376 4778 9556
9556 4778 9376
4778 9376 9556
11678 5985 8568
8568 5985 11678
5985 8568 11678
6288 1693 6090
1693 6090 6288
6090 1693 6288
9913 8274 12229
8274 9913 12229
12229 8274 9913
5524 6809 11273
11273 5524 6809
6809 5524 11273
6661 12536 13272
12536 6661 13272
13272 6661 12536
4931 3074 9618
3074 4931 9618
9618 3074 4931
9866 2735 5486
5486 2735 9866
2735 5486 9866
1094 3619 5610
3619 1094 5610
5610 1094 3619
569 813 8720
8720 569 813
813 569 8720
12378 1211 6881
6881 1211 12378
1211 6881 12378
5032 1973 4397
1973 4397 5032
4397 1973 5032
8101 1854 14576
14576 1854 8101
1854 8101 14576
2030 10094 14394
14394 2030 10094
10094 2030 14394
1313 4620 5936
4620 1313 5936
5936 1313 4620
14907 1877 9798
9798 1877 14907
1877 9798 14907
12886 1376 11052
11052 1376 12886
1376 11052 12886
5243 247 12551
12551 247 5243
247 5243 12551
8593 13531 13659
13531 8593 13659
13659 8593 13531
8783 10670 11946
10670 8783 11946
11946 8783 10670
8103 11038 12197
12197 8103 11038
11038 8103 12197
5597 462 14100
462 5597 14100
14100 462 5597
1733 3118 12308
12308 1733 3118
3118 1733 12308
6525 1100 7029
7029 1100 6525
1100 6525 7029
6419 8189 12375
12375 6419 8189
8189 6419 12375
10435 448 13214
448 10435 13214
13214 448 10435
8520 6862 13772
13772 6862 8520
6862 8520 13772
10916 880 11383
11383 880 10916
880 10916 11383
3675 504 5783
5783 504 3675
504 3675 5783
8924 1357 1751
1357 1751 8924
1751 1357 8924
1855 648 6408
6408 648 1855
648 1855 6408
6345 1498 3149
1498 3149 6345
3149 1498 6345
6270 6188 13146
13146 6188 6270
6188 6270 13146
9479 893 4749
4749 893 9479
893 4749 9479
6007 7355 10157
7355 6007 10157
10157 6007 7355
3194 3793 4415
4415 3194 3793
3793 3194 4415
14632 2339 7364
2339 7364 14632
7364 2339 14632
7350 2985 4568
2985 4568 7350
4568 2985 7350
8668 7538 8432
7538 8432 8668
8432 7538 8668
557 13337 13570
13570 557 13337
13337 557 13570
4129 9310 12502
9310 4129 12502
12502 4129 9310
2245 1139 2268
1139 2245 2268
2268 1139 2245
665 10737 12372
12372 665 10737
10737 665 12372
13874 7335 12521
7335 12521 13874
12521 7335 13874
731 12542 13496
13496 731 12542
12542 731 13496
12740 2951 13505
2951 12740 13505
13505 2951 12740
11424 13523 14243
13523 11424 14243
14243 11424 13523
12221 2532 4767
4767 2532 12221
2532 4767 12221
13882 4944 8296
4944 8296 13882
8296 4944 13882
11059 7598 14709
7598 11059 14709
14709 7598 11059
10445 7903 13691
13691 7903 10445
7903 10445 13691
4165 1135 10100
10100 1135 4165
1135 4165 10100
4372 6912 13424
13424 4372 6912
6912 4372 13424
6241 4738 9864
4738 6241 9864
9864 4738 6241
6931 1607 13646
13646 1607 6931
1607 6931 13646
7646 5016 12786
5016 7646 12786
12786 5016 7646
4210 127 8018
127 4210 8018
8018 127 4210
10283 4745 9104
4745 9104 10283
9104 4745 10283
9457 2442 12116
12116 2442 9457
2442 9457 12116
5611 7331 10461
7331 5611 10461
10461 5611 7331
2431 5010 6096
6096 2431 5010
5010 2431 6096
601 10909 13585
13585 601 10909
10909 601 13585
12562 396 13249
13249 396 12562
396 12562 13249
4352 4424 6541
4424 4352 6541
6541 4352 4424
11043 4158 10020
10020 4158 11043
4158 10020 11043
9389 7145 8408
7145 8408 9389
8408 7145 9389
9994 5082 7905
7905 5082 9994
5082 7905 9994
12924 6655 13406
6655 12924 13406
13406 6655 12924
7594 4216 5912
4216 5912 7594
5912 4216 7594
3980 3777 11410
3777 3980 11410
11410 3777 3980
10237 8498 13689
13689 8498 10237
8498 10237 13689
2176 993 14159
14159 993 2176
993 2176 14159
8059 7009 14932
14932 7009 8059
7009 8059 14932
7913 1485 8538
8538 1485 7913
1485 7913 8538
2162 3417 9155
9155 2162 3417
3417 2162 9155
9553 8376 9518
8376 9518 9553
9518 8376 9553
7589 18 13807
18 7589 13807
13807 18 7589
9485 2396 10225
2396 9485 10225
10225 2396 9485
7404 6300 8490
6300 7404 8490
8490 6300 7404
4551 5333 6480
6480 4551 5333
5333 4551 6480
6966 4844 5083
5083 4844 6966
4844 5083 6966
8340 9009 10064
10064 8340 9009
9009 8340 10064
4722 2390 6559
6559 2390 4722
2390 4722 6559
14613 9120 10994
9120 10994 14613
10994 9120 14613
2345 703 10963
10963 703 2345
703 2345 10963
6272 366 6904
366 6272 6904
6904 366 6272
13760 8412 14075
14075 8412 13760
8412 13760 14075
14898 790 14267
14267 790 14898
790 14267 14898
12528 5170 11552
5170 11552 12528
11552 5170 12528
6758 5335 9533
5335 6758 9533
9533 5335 6758
8839 4061 13267
13267 4061 8839
4061 8839 13267
14849 11231 13184
11231 13184 14849
13184 11231 14849
5669 7358 9605
7358 5669 9605
9605 5669 7358
6032 8600 12462
8600 6032 12462
12462 6032 8600
609 9327 9421
9421 609 9327
9327 609 9421
7060 2642 10487
2642 7060 10487
10487 2642 7060
13370 5589 11212
11212 5589 13370
5589 11212 13370
11766 11556 13262
13262 11556 11766
11556 11766 13262
10148 1544 13369
13369 1544 10148
1544 10148 13369
12114 6989 13423
6989 12114 13423
13423 6989 12114
9025 3578 14015
3578 9025 14015
14015 3578 9025
1120 2246 13937
2246 1120 13937
13937 1120 2246
10939 12234 13501
12234 10939 13501
13501 10939 12234
11521 8693 11173
8693 11173 11521
11173 8693 11521
9941 2287 2621
2621 2287 9941
2287 2621 9941
4717 8044 13764
8044 4717 13764
13764 4717 8044
11494 10695 13231
13231 10695 11494
10695 11494 13231
7267 2517 14387
14387 2517 7267
2517 7267 14387
5544 3599 3889
3599 3889 5544
3889 3599 5544
10570 7483 8863
8863 7483 10570
7483 8863 10570
2288 10125 13109
13109 2288 10125
10125 2288 13109
10517 4581 13220
13220 4581 10517
4581 10517 13220
9741 2551 13864
13864 2551 9741
2551 9741 13864
8303 11544 13987
11544 8303 13987
13987 8303 11544
4727 3300 12563
3300 4727 12563
12563 3300 4727
12253 6051 9131
9131 6051 12253
6051 9131 12253
7560 7347 8365
8365 7347 7560
7347 7560 8365
9244 1138 1845
1845 1138 9244
1138 1845 9244
7316 10451 12894
12894 7316 10451
10451 7316 12894
332 2611 2809
2611 332 2809
2809 332 2611
7655 8934 14635
14635 7655 8934
8934 7655 14635
8949 5764 7481
5764 7481 8949
7481 5764 8949
5109 1507 5274
1507 5109 5274
5274 1507 5109
11121 9 6667
9 6667 11121
6667 9 11121
8633 3056 12209
3056 8633 12209
12209 3056 8633
2235 7264 10058
7264 2235 10058
10058 2235 7264
12126 7609 12323
12323 7609 12126
7609 12126 12323
11122 2241 4835
2241 4835 11122
4835 2241 11122
4309 2557 6144
2557 4309 6144
6144 2557 4309
470 1835 7280
1835 470 7280
7280 470 1835
10936 6980 14499
14499 6980 10936
6980 10936 14499
5909 11565 12939
12939 5909 11565
11565 5909 12939
14363 2108 7691
2108 7691 14363
7691 2108 14363
12723 280 8622
280 8622 12723
8622 280 12723
8516 8014 9853
9853 8014 8516
8014 8516 9853
249 86 111
111 86 249
86 111 249
5040 365 12426
12426 365 5040
365 5040 12426
10033 4867 14275
4867 10033 14275
14275 4867 10033
14370 3714 14381
14381 3714 14370
3714 14370 14381
1605 9707 13903
9707 1605 13903
13903 1605 9707
738 7731 9423
7731 738 9423
9423 738 7731
772 2695 10177
10177 772 2695
2695 772 10177
13071 10455 10622
10455 10622 13071
10622 10455 13071
2506 1167 1379
1167 1379 2506
1379 1167 2506
13450 1277 5269
1277 5269 13450
5269 1277 13450
765 7824 9859
9859 765 7824
7824 765 9859
12748 5650 9536
5650 9536 12748
9536 5650 12748
9810 3145 3757
3757 3145 9810
3145 3757 9810
5348 9997 14482
9997 5348 14482
14482 5348 9997
11729 1035 8046
1035 8046 11729
8046 1035 11729
7752 6005 6670
6670 6005 7752
6005 6670 7752
12222 2445 14566
14566 2445 12222
2445 12222 14566
14723 4639 6315
6315 4639 14723
4639 6315 14723
642 1158 1513
1513 642 1158
1158 642 1513
14512 2504 14843
2504 14512 14843
14843 2504 14512
6058 1902 11996
1902 6058 11996
11996 1902 6058
4564 8356 10836
10836 4564 8356
8356 4564 10836
2570 4094 7892
7892 2570 4094
4094 2570 7892
3758 5523 7411
7411 3758 5523
5523 3758 7411
6764 6084 8680
6084 6764 8680
8680 6084 6764
14440 1108 14883
1108 14440 14883
14883 1108 14440
6576 9336 9791
9791 6576 9336
9336 6576 9791
5098 3358 10135
3358 5098 10135
10135 3358 5098
7954 12869 14256
12869 7954 14256
14256 7954 12869
11083 10524 11437
10524 11083 11437
11437 10524 11083
10048 3791 7000
7000 3791 10048
3791 7000 10048
11365 13072 13500
13500 11365 13072
13072 11365 13500
5028 8544 12052
12052 5028 8544
8544 5028 12052
14329 7330 7507
7330 7507 14329
7507 7330 14329
9472 4766 7947
4766 7947 9472
7947 4766 9472
14150 5601 14926
5601 14150 14926
14926 5601 14150
13540 4012 12985
12985 4012 13540
4012 12985 13540
14473 4967 10081
10081 4967 14473
4967 10081 14473
6569 3043 4668
3043 4668 6569
4668 3043 6569
2710 6423 6584
6423 2710 6584
6584 2710 6423
6461 4006 14043
14043 4006 6461
4006 6461 14043
6168 237 1557
1557 237 6168
237 1557 6168
13202 134 11118
134 11118 13202
11118 134 13202
2609 1895 3177
1895 2609 3177
3177 1895 2609
6068 1976 2406
2406 1976 6068
1976 2406 6068
4572 7689 12613
7689 4572 12613
12613 4572 7689
4520 4167 12079
4167 4520 12079
12079 4167 4520
13217 7419 9593
7419 9593 13217
9593 7419 13217
1109 6598 12961
12961 1109 6598
6598 1109 12961
12396 4468 5732
4468 5732 12396
5732 4468 12396
2929 1403 4024
4024 1403 2929
1403 2929 4024
2301 10473 12277
10473 2301 12277
12277 2301 10473
11010 10075 11850
10075 11010 11850
11850 10075 11010
12775 3293 4380
4380 3293 12775
3293 4380 12775
9219 9570 9722
9570 9219 9722
9722 9219 9570
12811 669 2545
2545 669 12811
669 2545 12811
523 6182 10822
6182 523 10822
10822 523 6182
5884 4741 11251
4741 5884 11251
11251 4741 5884
1508 7148 12914
12914 1508 7148
7148 1508 12914
10360 7205 13114
7205 10360 13114
13114 7205 10360
11219 2011 7586
2011 7586 11219
7586 2011 11219
4253 5401 11432
5401 4253 11432
11432 4253 5401
14443 29 7612
29 7612 14443
7612 29 14443
6570 261 9832
9832 261 6570
261 6570 9832
2664 4792 14903
4792 2664 14903
14903 2664 4792
5652 9285 13021
9285 5652 13021
13021 5652 9285
4764 6138 11338
6138 4764 11338
11338 4764 6138
1066 9812 14042
9812 1066 14042
14042 1066 9812
9048 8625 9595
8625 9048 9595
9595 8625 9048
419 2948 9099
2948 419 9099
9099 419 2948
4433 12474 14639
14639 4433 12474
12474 4433 14639
4628 403 12196
403 4628 12196
12196 403 4628
13396 2469 12753
2469 12753 13396
12753 2469 13396
12796 4791 7403
4791 7403 12796
7403 4791 12796
9494 321 10560
10560 321 9494
321 9494 10560
10681 145 12082
145 10681 12082
12082 145 10681
4486 251 14316
251 4486 14316
14316 251 4486
5141 12058 14222
12058 5141 14222
14222 5141 12058
8343 2788 10608
2788 8343 10608
10608 2788 8343
3071 11430 12965
12965 3071 11430
11430 3071 12965
3370 2019 7288
7288 2019 3370
2019 3370 7288
11700 5722 7844
7844 5722 11700
5722 7844 11700
8321 3581 6888
6888 3581 8321
3581 6888 8321
3825 868 7402
7402 868 3825
868 3825 7402
3735 9126 13375
9126 3735 13375
13375 3735 9126
10984 2769 9002
2769 9002 10984
9002 2769 10984
7516 2334 11712
11712 2334 7516
2334 7516 11712
3467 4377 13817
13817 3467 4377
4377 3467 13817
14556 1249 3309
1249 3309 14556
3309 1249 14556
5756 3689 13485
3689 5756 13485
13485 3689 5756
11889 1149 11907
11907 1149 11889
1149 11889 11907
5907 4413 9110
4413 5907 9110
9110 4413 5907
10510 11259 12815
12815 10510 11259
11259 10510 12815
6736 8319 13077
8319 6736 13077
13077 6736 8319
826 8898 9731
8898 826 9731
9731 826 8898
2792 5366 12447
12447 2792 5366
5366 2792 12447
9109 8341 9085
8341 9085 9109
9085 8341 9109
12394 1019 5679
5679 1019 12394
1019 5679 12394
6522 7859 11562
7859 6522 11562
11562 6522 7859
8437 466 3191
3191 466 8437
466 3191 8437
10849 3393 7909
7909 3393 10849
3393 7909 10849
1378 7036 11468
7036 1378 11468
11468 1378 7036
13073 1779 2977
1779 2977 13073
2977 1779 13073
11179 8366 11818
11818 8366 11179
8366 11179 11818
953 2657 12152
2657 953 12152
12152 953 2657
7839 695 10747
695 7839 10747
10747 695 7839
11484 5916 14255
14255 5916 11484
5916 11484 14255
10796 2099 8865
8865 2099 10796
2099 8865 10796
8981 9271 10825
10825 8981 9271
9271 8981 10825
13246 5500 8777
8777 5500 13246
5500 8777 13246
13845 163 11765
163 11765 13845
11765 163 13845
14859 2965 8588
2965 8588 14859
8588 2965 14859
4482 3342 6106
3342 4482 6106
6106 3342 4482
11357 4696 12539
12539 4696 11357
4696 11357 12539
10327 2378 6886
6886 2378 10327
2378 6886 10327
1913 6154 13477
6154 1913 13477
13477 1913 6154
8324 6356 6783
6356 6783 8324
6783 6356 8324
5911 1962 7942
1962 5911 7942
7942 1962 5911
2876 6944 12258
12258 2876 6944
6944 2876 12258
3841 4335 13435
13435 3841 4335
4335 3841 13435
362 6675 14998
6675 362 14998
14998 362 6675
2893 4455 8280
4455 2893 8280
8280 2893 4455
1915 2309 5079
5079 1915 2309
2309 1915 5079
6990 12477 12559
12559 6990 12477
12477 6990 12559
6907 4218 13673
4218 6907 13673
13673 4218 6907
12673 8382 12853
8382 12673 12853
12853 8382 12673
7346 3045 11993
3045 7346 11993
11993 3045 7346
2385 8008 10613
8008 2385 10613
10613 2385 8008
8940 4395 8152
8152 4395 8940
4395 8152 8940
9613 4131 9736
9736 4131 9613
4131 9613 9736
13276 846 1455
1455 846 13276
846 1455 13276
1579 3542 6255
3542 1579 6255
6255 1579 3542
5866 8316 9313
9313 5866 8316
8316 5866 9313
4230 10432 13411
10432 4230 13411
13411 4230 10432
14813 4325 11452
11452 4325 14813
4325 11452 14813
10165 8660 13112
13112 8660 10165
8660 10165 13112
13084 179 12445
179 12445 13084
12445 179 13084
14750 3311 7001
3311 7001 14750
7001 3311 14750
10866 608 9334
9334 608 10866
608 9334 10866
14112 2793 11496
11496 2793 14112
2793 11496 14112
5242 3022 12819
12819 3022 5242
3022 5242 12819
13538 6486 14345
14345 6486 13538
6486 13538 14345
10322 3435 8765
3435 8765 10322
8765 3435 10322
6232 9558 10729
9558 6232 10729
10729 6232 9558
1257 3848 8148
8148 1257 3848
3848 1257 8148
2102 3266 14984
3266 2102 14984
14984 2102 3266
13575 43 428
428 43 13575
43 428 13575
14337 6996 7810
6996 7810 14337
7810 6996 14337
10400 7127 12071
12071 7127 10400
7127 10400 12071
5113 4929 10924
10924 4929 5113
4929 5113 10924
14951 7797 12159
7797 12159 14951
12159 7797 14951
4264 472 7401
472 4264 7401
7401 472 4264
7092 9580 11571
9580 7092 11571
11571 7092 9580
6664 9017 9537
9017 6664 9537
9537 6664 9017
11578 4050 6636
6636 4050 11578
4050 6636 11578
3368 856 2884
2884 856 3368
856 2884 3368
11745 7425 10179
10179 7425 11745
7425 10179 11745
1364 8964 9953
9953 1364 8964
8964 1364 9953
12818 1955 2995
2995 1955 12818
1955 2995 12818
10926 7200 9082
9082 7200 10926
7200 9082 10926
7975 4879 10554
10554 4879 7975
4879 7975 10554
1361 6473 10541
10541 1361 6473
6473 1361 10541
6313 5697 11325
11325 5697 6313
5697 6313 11325
9813 1745 4750
4750 1745 9813
1745 4750 9813
9881 2282 12779
2282 9881 12779
12779 2282 9881
5767 5216 8971
5216 5767 8971
8971 5216 5767
2837 6602 9451
9451 2837 6602
6602 2837 9451
14257 2303 6780
2303 6780 14257
6780 2303 14257
1810 219 7121
219 1810 7121
7121 219 1810
6652 4856 6206
4856 6206 6652
6206 4856 6652
12843 6674 7739
7739 6674 12843
6674 7739 12843
8242 6333 6999
6333 6999 8242
6999 6333 8242
9250 1824 14856
1824 9250 14856
14856 1824 9250
5694 538 5328
538 5328 5694
5328 538 5694
2546 7606 9658
7606 2546 9658
9658 2546 7606
6262 866 14628
14628 866 6262
866 6262 14628
9077 1369 14862
1369 9077 14862
14862 1369 9077
10884 4608 10715
4608 10715 10884
10715 4608 10884
7073 4088 12715
12715 4088 7073
4088 7073 12715
158 2220 6833
2220 158 6833
6833 158 2220
11055 3743 9933
3743 9933 11055
9933 3743 11055
9779 9326 14860
9326 9779 14860
14860 9326 9779
10718 5929 14113
14113 5929 10718
5929 10718 14113
8787 12588 14307
12588 8787 14307
14307 8787 12588
12478 4263 14178
4263 12478 14178
14178 4263 12478
3038 901 3486
901 3038 3486
3486 901 3038
11580 3965 4144
4144 3965 11580
3965 4144 11580
9306 443 5925
5925 443 9306
443 5925 9306
11034 4657 10373
10373 4657 11034
4657 10373 11034
5575 3159 10728
3159 5575 10728
10728 3159 5575
960 5552 13790
13790 960 5552
5552 960 13790
4988 1741 8835
8835 1741 4988
1741 4988 8835
8045 3604 3641
3604 3641 8045
3641 3604 8045
13416 11899 13251
13251 11899 13416
11899 13251 13416
13003 5624 13135
13135 5624 13003
5624 13003 13135
12451 6684 7893
7893 6684 12451
6684 7893 12451
579 4259 14976
14976 579 4259
4259 579 14976
11450 2916 7936
7936 2916 11450
2916 7936 11450
9806 8125 10213
10213 8125 9806
8125 9806 10213
13535 331 8246
331 8246 13535
8246 331 13535
1191 3577 7131
7131 1191 3577
3577 1191 7131
2249 3977 9689
3977 2249 9689
9689 2249 3977
13860 2543 9081
9081 2543 13860
2543 9081 13860
9660 4410 10704
10704 4410 9660
4410 9660 10704
1208 9939 14715
14715 1208 9939
9939 1208 14715
9205 4223 13782
13782 4223 9205
4223 9205 13782
2152 3030 9923
9923 2152 3030
3030 2152 9923
6910 12810 14749
14749 6910 12810
12810 6910 14749
6110 73 5262
5262 73 6110
73 5262 6110
6609 10273 12508
12508 6609 10273
10273 6609 12508
6978 5705 12768
12768 5705 6978
5705 6978 12768
1963 7458 8741
7458 1963 8741
8741 1963 7458
13462 5980 6489
6489 5980 13462
5980 6489 13462
12691 733 10351
10351 733 12691
733 10351 12691
10257 2954 5324
5324 2954 10257
2954 5324 10257
14212 1807 11988
11988 1807 14212
1807 11988 14212
8106 14262 14818
14818 8106 14262
14262 8106 14818
5284 6624 6906
6624 5284 6906
6906 5284 6624
12011 5373 10024
5373 10024 12011
10024 5373 12011
14071 11138 11728
11728 11138 14071
11138 11728 14071
2347 8285 10768
8285 2347 10768
10768 2347 8285
952 6212 14672
14672 952 6212
6212 952 14672
11636 3501 4328
4328 3501 11636
3501 4328 11636
1430 1990 10566
1990 1430 10566
10566 1430 1990
3286 7176 13694
13694 3286 7176
7176 3286 13694
11343 5014 9019
9019 5014 11343
5014 9019 11343
2590 2471 13611
2471 2590 13611
13611 2471 2590
1294 6916 8514
6916 1294 8514
8514 1294 6916
7615 3776 14005
14005 3776 7615
3776 7615 14005
13800 7262 13567
13567 7262 13800
7262 13567 13800
10126 2009 6143
6143 2009 10126
2009 6143 10126
10792 5331 11454
5331 10792 11454
