79277 144652 146084
146084 79277 144652
144652 79277 146084
41745 86459 138527
86459 41745 138527
138527 41745 86459
97609 95881 122802
122802 95881 97609
95881 97609 122802
16598 13076 14627
13076 14627 16598
14627 13076 16598
142530 22057 54306
22057 54306 142530
54306 22057 142530
16043 15870 125710
15870 16043 125710
125710 15870 16043
107433 45770 94503
45770 94503 107433
94503 45770 107433
1989 86591 100768
86591 1989 100768
100768 1989 86591
79139 113079 135353
135353 79139 113079
113079 79139 135353
104106 66329 67409
66329 67409 104106
67409 66329 104106
50101 92025 135435
92025 50101 135435
135435 50101 92025
124506 5535 119751
119751 5535 124506
5535 119751 124506
18294 14419 51860
51860 14419 18294
14419 18294 51860
46802 61271 97399
61271 46802 97399
97399 46802 61271
125458 15284 95954
95954 15284 125458
15284 95954 125458
69940 4279 72634
72634 4279 69940
4279 69940 72634
95432 12236 122617
122617 12236 95432
12236 95432 122617
28922 28651 65274
65274 28651 28922
28651 28922 65274
89991 78491 113255
78491 89991 113255
113255 78491 89991
135929 58869 73887
73887 58869 135929
58869 73887 135929
89902 49491 82334
49491 82334 89902
82334 49491 89902
31370 38114 64309
38114 31370 64309
64309 31370 38114
148861 88704 126166
88704 126166 148861
126166 88704 148861
53977 6425 12560
6425 12560 53977
12560 6425 53977
102995 56233 111905
56233 102995 111905
111905 56233 102995
71790 48893 118412
48893 71790 118412
118412 48893 71790
87678 236 35706
35706 236 87678
236 35706 87678
112675 31851 108347
108347 31851 112675
31851 108347 112675
102437 8208 141197
8208 102437 141197
141197 8208 102437
57949 48067 113381
113381 48067 57949
48067 57949 113381
89302 22329 64046
64046 22329 89302
22329 64046 89302
130943 76229 142402
76229 130943 142402
142402 76229 130943
34165 52758 109691
52758 34165 109691
109691 34165 52758
34277 117306 120103
117306 34277 120103
120103 34277 117306
39840 57480 67724
57480 39840 67724
67724 39840 57480
3131 80008 124292
124292 3131 80008
80008 3131 124292
14 38775 54033
38775 14 54033
54033 14 38775
122408 62571 134831
62571 122408 134831
134831 62571 122408
94843 5393 89197
5393 89197 94843
89197 5393 94843
88901 77995 102970
102970 77995 88901
77995 88901 102970
23564 119223 130425
130425 23564 119223
119223 23564 130425
124002 107667 137255
107667 124002 137255
137255 107667 124002
21557 64235 103947
103947 21557 64235
64235 21557 103947
92807 89572 117988
117988 89572 92807
89572 92807 117988
69224 34334 130031
34334 69224 130031
130031 34334 69224
10592 86464 145072
86464 10592 145072
145072 10592 86464
33442 36732 104646
36732 33442 104646
104646 33442 36732
21460 13533 15082
13533 15082 21460
15082 13533 21460
66631 92218 145091
145091 66631 92218
92218 66631 145091
149450 29167 128288
128288 29167 149450
29167 128288 149450
140893 20703 73288
20703 73288 140893
73288 20703 140893
54540 56367 83020
56367 54540 83020
83020 54540 56367
107318 2427 11954
11954 2427 107318
2427 11954 107318
16212 61350 77911
61350 16212 77911
77911 16212 61350
105576 31794 80564
80564 31794 105576
31794 80564 105576
50341 126626 140908
140908 50341 126626
126626 50341 140908
87201 65204 65476
65204 65476 87201
65476 65204 87201
130928 90143 146432
146432 90143 130928
90143 130928 146432
149946 83882 131428
83882 131428 149946
131428 83882 149946
107754 83948 115334
83948 107754 115334
115334 83948 107754
38142 7766 65437
65437 7766 38142
7766 38142 65437
149584 31521 90107
31521 90107 149584
90107 31521 149584
3545 467 47832
47832 467 3545
467 3545 47832
18742 39352 129897
129897 18742 39352
39352 18742 129897
78051 51518 61862
51518 61862 78051
61862 51518 78051
6210 75697 85222
85222 6210 75697
75697 6210 85222
120690 66257 96239
96239 66257 120690
66257 96239 120690
67648 8319 110700
110700 8319 67648
8319 67648 110700
97988 5191 21807
5191 21807 97988
21807 5191 97988
22281 45529 84376
45529 22281 84376
84376 22281 45529
145333 8114 51660
8114 51660 145333
51660 8114 145333
66200 55625 100806
55625 66200 100806
100806 55625 66200
26523 79736 141569
141569 26523 79736
79736 26523 141569
130375 22934 136895
136895 22934 130375
22934 130375 136895
87814 78104 86063
86063 78104 87814
78104 86063 87814
125502 32075 105646
105646 32075 125502
32075 105646 125502
26857 4688 19118
19118 4688 26857
4688 19118 26857
133192 37317 50156
37317 50156 133192
50156 37317 133192
63378 38387 127847
127847 38387 63378
38387 63378 127847
72397 120041 135245
135245 72397 120041
120041 72397 135245
64626 7603 41750
41750 7603 64626
7603 41750 64626
142031 54730 96959
96959 54730 142031
54730 96959 142031
42663 18594 137044
137044 18594 42663
18594 42663 137044
118719 28348 62444
62444 28348 118719
28348 62444 118719
90370 53874 135894
53874 90370 135894
135894 53874 90370
16250 18191 35822
35822 16250 18191
18191 16250 35822
121656 107222 119255
119255 107222 121656
107222 119255 121656
64741 18012 116954
18012 64741 116954
116954 18012 64741
12464 65495 77868
65495 12464 77868
77868 12464 65495
72353 103565 148470
103565 72353 148470
148470 72353 103565
22522 67224 137295
67224 22522 137295
137295 22522 67224
110038 19935 134699
19935 110038 134699
134699 19935 110038
85978 106640 127680
106640 85978 127680
127680 85978 106640
3548 89056 92820
92820 3548 89056
89056 3548 92820
37569 81425 101065
81425 37569 101065
101065 37569 81425
8584 7841 75219
75219 7841 8584
7841 8584 75219
20180 42267 95225
42267 20180 95225
95225 20180 42267
141758 66328 115877
66328 115877 141758
115877 66328 141758
129700 23753 114213
23753 114213 129700
114213 23753 129700
94352 350 95925
95925 350 94352
350 94352 95925
115567 10688 86745
10688 86745 115567
86745 10688 115567
116755 105068 149165
149165 105068 116755
105068 116755 149165
39037 14616 63188
63188 14616 39037
14616 39037 63188
41754 116971 142770
116971 41754 142770
142770 41754 116971
124397 11388 141224
11388 124397 141224
141224 11388 124397
104641 19168 66812
19168 66812 104641
66812 19168 104641
72765 4684 43450
4684 43450 72765
43450 4684 72765
21307 56127 120325
56127 21307 120325
120325 21307 56127
96955 59363 78514
59363 78514 96955
78514 59363 96955
1991 58061 60463
60463 1991 58061
58061 1991 60463
135105 33162 95519
33162 95519 135105
95519 33162 135105
112088 103019 108934
108934 103019 112088
103019 108934 112088
102734 7066 140895
7066 102734 140895
140895 7066 102734
142187 8336 118407
8336 118407 142187
118407 8336 142187
9498 44292 101970
101970 9498 44292
44292 9498 101970
62295 45688 63056
63056 45688 62295
45688 62295 63056
69831 12240 69347
12240 69347 69831
69347 12240 69831
139966 3289 83179
3289 83179 139966
83179 3289 139966
35970 15282 66236
66236 15282 35970
15282 35970 66236
68135 82483 138519
82483 68135 138519
138519 68135 82483
63853 70370 140928
70370 63853 140928
140928 63853 70370
79965 42068 99444
42068 79965 99444
99444 42068 79965
96445 44307 99378
99378 44307 96445
44307 96445 99378
53989 7989 106005
106005 7989 53989
7989 53989 106005
81443 49724 128785
49724 81443 128785
128785 49724 81443
106801 46172 69822
69822 46172 106801
46172 69822 106801
95784 74124 115980
74124 95784 115980
115980 74124 95784
94321 38521 67548
67548 38521 94321
38521 67548 94321
131123 94233 94396
94396 94233 131123
94233 94396 131123
15788 7080 147508
147508 7080 15788
7080 15788 147508
124453 19275 139991
139991 19275 124453
19275 124453 139991
54177 71540 98984
98984 54177 71540
71540 54177 98984
93678 76508 104740
104740 76508 93678
76508 93678 104740
19596 27107 81016
81016 19596 27107
27107 19596 81016
110669 57393 77817
77817 57393 110669
57393 77817 110669
138746 22033 101734
22033 101734 138746
101734 22033 138746
76039 49035 101064
101064 49035 76039
49035 76039 101064
87945 49042 86688
86688 49042 87945
49042 86688 87945
134365 57929 82702
82702 57929 134365
57929 82702 134365
137888 39480 144855
144855 39480 137888
39480 137888 144855
145687 111737 117148
111737 117148 145687
117148 111737 145687
52521 62621 67821
67821 52521 62621
62621 52521 67821
88914 41018 54273
54273 41018 88914
41018 54273 88914
126442 107023 113326
107023 113326 126442
113326 107023 126442
67034 36902 89006
89006 36902 67034
36902 67034 89006
149753 858 120389
858 120389 149753
120389 858 149753
116152 96152 132854
132854 96152 116152
96152 116152 132854
78122 16120 19219
16120 19219 78122
19219 16120 78122
77246 51713 130780
130780 51713 77246
51713 77246 130780
21839 8739 87399
8739 21839 87399
87399 8739 21839
131922 109948 129679
109948 129679 131922
129679 109948 131922
131235 63725 64550
64550 63725 131235
63725 64550 131235
106060 43919 78117
43919 78117 106060
78117 43919 106060
104900 107964 127435
127435 104900 107964
107964 104900 127435
132872 53492 54421
53492 54421 132872
54421 53492 132872
147776 54635 110301
54635 110301 147776
110301 54635 147776
46221 106248 112546
106248 46221 112546
112546 46221 106248
88496 90401 149938
90401 88496 149938
149938 88496 90401
71726 12671 130283
12671 71726 130283
130283 12671 71726
79558 76006 143191
76006 79558 143191
143191 76006 79558
44929 27508 79776
27508 44929 79776
79776 27508 44929
76454 84242 129433
84242 76454 129433
129433 76454 84242
53748 42133 100214
42133 53748 100214
100214 42133 53748
59257 77703 135040
135040 59257 77703
77703 59257 135040
102315 62019 66965
66965 62019 102315
62019 66965 102315
135736 60721 66595
66595 60721 135736
60721 66595 135736
94364 86168 108131
86168 94364 108131
108131 86168 94364
36257 54868 63692
63692 36257 54868
54868 36257 63692
12609 28381 65171
65171 12609 28381
28381 12609 65171
32328 32252 85182
85182 32252 32328
32252 32328 85182
10426 4141 79431
79431 4141 10426
4141 10426 79431
68747 11162 106279
11162 68747 106279
106279 11162 68747
23966 30782 45591
30782 23966 45591
45591 23966 30782
46280 58355 86077
58355 46280 86077
86077 46280 58355
75374 61466 147290
147290 61466 75374
61466 75374 147290
129665 75282 135704
75282 129665 135704
135704 75282 129665
64075 36112 106882
36112 64075 106882
106882 36112 64075
48144 27773 64003
64003 27773 48144
27773 48144 64003
14308 24386 132365
132365 14308 24386
24386 14308 132365
103639 22585 148710
22585 103639 148710
148710 22585 103639
37160 45968 60934
60934 37160 45968
45968 37160 60934
131069 72886 116218
116218 72886 131069
72886 116218 131069
130152 105019 149016
105019 130152 149016
149016 105019 130152
115424 19020 136560
19020 115424 136560
136560 19020 115424
124887 101851 136366
101851 124887 136366
136366 101851 124887
5895 10100 17510
17510 5895 10100
10100 5895 17510
82612 1445 141973
141973 1445 82612
1445 82612 141973
55349 62769 111821
111821 55349 62769
62769 55349 111821
4728 105194 121862
121862 4728 105194
105194 4728 121862
5328 101833 121806
121806 5328 101833
101833 5328 121806
110284 20195 36699
36699 20195 110284
20195 36699 110284
113371 82110 131349
82110 113371 131349
131349 82110 113371
26964 6156 47888
6156 26964 47888
47888 6156 26964
85308 45546 71797
71797 45546 85308
45546 71797 85308
61882 10675 39472
10675 39472 61882
39472 10675 61882
7387 10863 126763
10863 7387 126763
126763 7387 10863
36197 68910 72002
68910 36197 72002
72002 36197 68910
97868 53910 73122
73122 53910 97868
53910 73122 97868
22703 45795 137312
45795 22703 137312
137312 22703 45795
140075 27431 115613
115613 27431 140075
27431 115613 140075
18643 96217 112928
96217 18643 112928
112928 18643 96217
26790 26833 72974
26833 26790 72974
72974 26790 26833
122119 74188 79652
79652 74188 122119
74188 79652 122119
84029 30583 91430
30583 84029 91430
91430 30583 84029
2742 73713 146849
146849 2742 73713
73713 2742 146849
69607 15109 104027
104027 15109 69607
15109 69607 104027
50731 18697 128136
128136 18697 50731
18697 50731 128136
110510 4669 31748
4669 31748 110510
31748 4669 110510
124265 4934 90529
4934 90529 124265
90529 4934 124265
116300 90706 144827
144827 90706 116300
90706 116300 144827
2105 43334 84556
84556 2105 43334
43334 2105 84556
66979 34200 63476
34200 63476 66979
63476 34200 66979
50694 14754 71031
71031 14754 50694
14754 50694 71031
111863 65573 85544
85544 65573 111863
65573 85544 111863
27424 13885 146403
146403 13885 27424
13885 27424 146403
78044 121380 142727
121380 78044 142727
142727 78044 121380
62388 83362 106243
83362 62388 106243
106243 62388 83362
149825 2285 5794
2285 5794 149825
5794 2285 149825
89079 27023 71419
27023 71419 89079
71419 27023 89079
30619 40421 43550
43550 30619 40421
40421 30619 43550
76700 132860 133526
133526 76700 132860
132860 76700 133526
121709 59682 101345
101345 59682 121709
59682 101345 121709
106572 108706 142596
108706 106572 142596
142596 106572 108706
427 68143 126877
126877 427 68143
68143 427 126877
120796 20573 71228
71228 20573 120796
20573 71228 120796
25500 17110 37697
17110 25500 37697
37697 17110 25500
83288 120670 135488
120670 83288 135488
135488 83288 120670
939 148170 149776
149776 939 148170
148170 939 149776
17180 93936 115085
93936 17180 115085
115085 17180 93936
74660 76516 124615
76516 74660 124615
124615 74660 76516
83292 76666 114548
76666 83292 114548
114548 76666 83292
111043 14113 26714
26714 14113 111043
14113 26714 111043
40284 133195 147785
133195 40284 147785
147785 40284 133195
147870 15614 49096
49096 15614 147870
15614 49096 147870
43607 118857 139782
139782 43607 118857
118857 43607 139782
100097 28397 49012
49012 28397 100097
28397 49012 100097
39231 1874 63604
63604 1874 39231
1874 39231 63604
12565 132622 148289
132622 12565 148289
148289 12565 132622
72792 86647 90578
86647 72792 90578
90578 72792 86647
26296 111924 124033
124033 26296 111924
111924 26296 124033
105469 33464 63902
63902 33464 105469
33464 63902 105469
58216 22942 71570
22942 58216 71570
71570 22942 58216
35317 47936 92333
47936 35317 92333
92333 35317 47936
5429 25382 142859
142859 5429 25382
25382 5429 142859
136742 103567 128944
103567 128944 136742
128944 103567 136742
115308 24363 90971
24363 90971 115308
90971 24363 115308
71470 82951 119083
119083 71470 82951
82951 71470 119083
147750 24281 48811
48811 24281 147750
24281 48811 147750
149506 23320 75138
75138 23320 149506
23320 75138 149506
52323 23321 52490
52490 23321 52323
23321 52323 52490
148460 19870 129286
129286 19870 148460
19870 129286 148460
97530 21466 50665
21466 50665 97530
50665 21466 97530
86336 55417 120767
120767 55417 86336
55417 86336 120767
11505 96311 128774
96311 11505 128774
128774 11505 96311
126624 62564 99387
99387 62564 126624
62564 99387 126624
38727 37363 59522
37363 38727 59522
59522 37363 38727
98998 90364 91512
90364 91512 98998
91512 90364 98998
55467 39259 42549
42549 39259 55467
39259 42549 55467
32083 52585 102285
52585 32083 102285
102285 32083 52585
13920 14667 86746
86746 13920 14667
14667 13920 86746
40552 83077 85346
85346 40552 83077
83077 40552 85346
82235 65548 106618
65548 82235 106618
106618 65548 82235
58571 38777 101546
38777 58571 101546
101546 38777 58571
342 49946 55134
49946 342 55134
55134 342 49946
65726 62954 132515
132515 62954 65726
62954 65726 132515
42834 32388 43112
32388 42834 43112
43112 32388 42834
47996 2330 82790
2330 47996 82790
82790 2330 47996
46758 59356 104587
59356 46758 104587
104587 46758 59356
20677 19888 70576
70576 19888 20677
19888 20677 70576
57326 26124 41190
41190 26124 57326
26124 41190 57326
5650 48676 116352
116352 5650 48676
48676 5650 116352
123497 2559 93629
93629 2559 123497
2559 93629 123497
88263 138453 140164
140164 88263 138453
138453 88263 140164
21392 95011 110550
110550 21392 95011
95011 21392 110550
52574 96709 103606
96709 52574 103606
103606 52574 96709
73189 23567 90795
90795 23567 73189
23567 73189 90795
12829 43457 57719
57719 12829 43457
43457 12829 57719
64079 17913 107202
107202 17913 64079
17913 64079 107202
134855 821 144865
144865 821 134855
821 134855 144865
21489 74877 95770
74877 21489 95770
95770 21489 74877
77448 57086 127341
57086 77448 127341
127341 57086 77448
140355 13449 88354
13449 88354 140355
88354 13449 140355
94455 6082 43276
6082 43276 94455
43276 6082 94455
3512 87782 125159
125159 3512 87782
87782 3512 125159
49993 100096 114672
114672 49993 100096
100096 49993 114672
139016 82131 110583
110583 82131 139016
82131 110583 139016
67482 54365 106644
106644 54365 67482
54365 67482 106644
51264 10596 124079
124079 10596 51264
10596 51264 124079
34795 131712 144057
131712 34795 144057
144057 34795 131712
71191 43231 51137
51137 43231 71191
43231 51137 71191
42285 16900 40611
16900 40611 42285
40611 16900 42285
30364 90561 117408
90561 30364 117408
117408 30364 90561
94069 14082 115021
115021 14082 94069
14082 94069 115021
22873 9139 77962
77962 9139 22873
9139 22873 77962
13858 60137 138004
60137 13858 138004
138004 13858 60137
73970 71422 103056
103056 71422 73970
71422 73970 103056
110110 10211 148173
10211 110110 148173
148173 10211 110110
118172 57159 77992
77992 57159 118172
57159 77992 118172
41651 20549 50355
50355 20549 41651
20549 41651 50355
110922 64682 64757
64682 64757 110922
64757 64682 110922
110499 97444 127098
127098 97444 110499
97444 110499 127098
99306 15874 72537
15874 72537 99306
72537 15874 99306
33661 24304 39634
39634 24304 33661
24304 33661 39634
41039 92642 95229
92642 41039 95229
95229 41039 92642
114184 29431 73949
73949 29431 114184
29431 73949 114184
107687 21562 24626
21562 24626 107687
24626 21562 107687
5023 21286 88129
21286 5023 88129
88129 5023 21286
128708 9415 93321
9415 93321 128708
93321 9415 128708
16687 12906 96980
12906 16687 96980
96980 12906 16687
58594 66105 104023
66105 58594 104023
104023 58594 66105
9591 24367 105153
24367 9591 105153
105153 9591 24367
115714 49773 55007
55007 49773 115714
49773 55007 115714
96363 33326 96280
96280 33326 96363
33326 96280 96363
101941 9133 48353
48353 9133 101941
9133 48353 101941
56402 69564 94836
94836 56402 69564
69564 56402 94836
107289 35685 100629
100629 35685 107289
35685 100629 107289
68651 28969 73244
73244 28969 68651
28969 68651 73244
29551 78536 102401
102401 29551 78536
78536 29551 102401
9654 118637 130831
130831 9654 118637
118637 9654 130831
122319 27833 125875
27833 122319 125875
125875 27833 122319
124065 79685 113012
79685 113012 124065
113012 79685 124065
119215 60027 137680
60027 119215 137680
137680 60027 119215
90569 31452 102227
31452 90569 102227
102227 31452 90569
98555 88574 99395
88574 98555 99395
99395 88574 98555
23977 10420 13280
13280 10420 23977
10420 13280 23977
58036 13013 56494
13013 56494 58036
56494 13013 58036
122346 84030 114938
84030 114938 122346
114938 84030 122346
146694 15465 25017
15465 25017 146694
25017 15465 146694
46096 10775 91681
91681 10775 46096
10775 46096 91681
5445 86535 101030
101030 5445 86535
86535 5445 101030
48913 91570 111341
111341 48913 91570
91570 48913 111341
63711 60528 72232
60528 63711 72232
72232 60528 63711
66873 20572 55783
20572 55783 66873
55783 20572 66873
122650 31589 141001
31589 122650 141001
141001 31589 122650
91065 10455 50330
10455 50330 91065
50330 10455 91065
53206 77151 119182
77151 53206 119182
119182 53206 77151
21544 9145 90461
90461 9145 21544
9145 21544 90461
36241 16979 119430
119430 16979 36241
16979 36241 119430
135290 7389 125348
7389 125348 135290
125348 7389 135290
104247 58277 94700
58277 94700 104247
94700 58277 104247
70315 15750 123936
123936 15750 70315
15750 70315 123936
145990 65546 110130
110130 65546 145990
65546 110130 145990
57375 50884 109885
109885 50884 57375
50884 57375 109885
105247 8278 49143
49143 8278 105247
8278 49143 105247
108535 107750 138489
138489 107750 108535
107750 108535 138489
91695 36409 103400
36409 91695 103400
103400 36409 91695
135755 112492 122782
122782 112492 135755
112492 122782 135755
143660 87331 131963
131963 87331 143660
87331 131963 143660
122185 12198 41704
12198 41704 122185
41704 12198 122185
147058 34205 73233
34205 73233 147058
73233 34205 147058
61821 62224 108161
108161 61821 62224
62224 61821 108161
6453 112485 122345
112485 6453 122345
122345 6453 112485
50109 23936 117839
117839 23936 50109
23936 50109 117839
88349 63817 81205
81205 63817 88349
63817 81205 88349
145077 31556 69753
69753 31556 145077
31556 69753 145077
76765 29227 29984
29227 29984 76765
29984 29227 76765
59229 67537 149417
67537 59229 149417
149417 59229 67537
73900 79349 82499
79349 73900 82499
82499 73900 79349
15748 8126 149504
149504 8126 15748
8126 15748 149504
23518 96146 127594
127594 23518 96146
96146 23518 127594
42464 2387 119339
2387 42464 119339
119339 2387 42464
131653 81100 97505
97505 81100 131653
81100 97505 131653
105185 64436 142295
64436 105185 142295
142295 64436 105185
45321 34715 104094
34715 45321 104094
104094 34715 45321
73715 11423 52234
11423 52234 73715
52234 11423 73715
144166 48638 77768
48638 77768 144166
77768 48638 144166
95369 4968 21357
4968 21357 95369
21357 4968 95369
53969 116481 136975
116481 53969 136975
136975 53969 116481
79863 926 88893
926 79863 88893
88893 926 79863
133320 60943 126173
126173 60943 133320
60943 126173 133320
21615 74085 145523
145523 21615 74085
74085 21615 145523
39175 22835 41850
22835 39175 41850
41850 22835 39175
71908 53639 149227
149227 53639 71908
53639 71908 149227
61807 22305 48178
48178 22305 61807
22305 48178 61807
99392 118791 126867
118791 99392 126867
126867 99392 118791
148713 87864 110734
110734 87864 148713
87864 110734 148713
61781 58982 96037
58982 61781 96037
96037 58982 61781
44868 129115 133011
129115 44868 133011
133011 44868 129115
119895 46372 148225
148225 46372 119895
46372 119895 148225
62623 2008 64794
2008 62623 64794
64794 2008 62623
38773 47343 97317
97317 38773 47343
47343 38773 97317
98131 38678 64317
64317 38678 98131
38678 64317 98131
72835 62131 80535
62131 72835 80535
80535 62131 72835
30766 21018 95807
21018 30766 95807
95807 21018 30766
10966 27361 79862
79862 10966 27361
27361 10966 79862
73175 97281 112442
97281 73175 112442
112442 73175 97281
110699 99143 104233
104233 99143 110699
99143 104233 110699
134327 30611 92980
30611 92980 134327
92980 30611 134327
120205 34519 111169
34519 111169 120205
111169 34519 120205
42785 10762 77943
77943 10762 42785
10762 42785 77943
17213 130940 143685
130940 17213 143685
143685 17213 130940
15631 4027 127239
4027 15631 127239
127239 4027 15631
80167 28735 123079
123079 28735 80167
28735 80167 123079
14856 4193 60625
60625 4193 14856
4193 14856 60625
40589 13006 75622
75622 13006 40589
13006 40589 75622
59582 83754 134506
134506 59582 83754
83754 59582 134506
32475 117138 131661
117138 32475 131661
131661 32475 117138
61694 107642 143394
143394 61694 107642
107642 61694 143394
123273 45854 121457
121457 45854 123273
45854 121457 123273
14342 92617 120439
120439 14342 92617
92617 14342 120439
137549 94385 110808
94385 110808 137549
110808 94385 137549
74380 80962 88441
88441 74380 80962
80962 74380 88441
13281 29937 65952
65952 13281 29937
29937 13281 65952
49259 15912 72378
15912 49259 72378
72378 15912 49259
89628 30360 148038
30360 89628 148038
148038 30360 89628
140772 90 46784
46784 90 140772
90 46784 140772
108208 895 71367
895 71367 108208
71367 895 108208
146127 95168 143703
143703 95168 146127
95168 143703 146127
18661 29521 59526
29521 18661 59526
59526 18661 29521
63008 104163 134572
104163 63008 134572
134572 63008 104163
80195 35553 118227
35553 80195 118227
118227 35553 80195
43458 101487 137676
137676 43458 101487
101487 43458 137676
92224 62145 141501
62145 92224 141501
141501 62145 92224
87439 957 60041
957 60041 87439
60041 957 87439
45397 28121 113688
28121 45397 113688
113688 28121 45397
26356 104099 129448
104099 26356 129448
129448 26356 104099
42005 36050 137707
137707 36050 42005
36050 42005 137707
37303 20672 103953
103953 20672 37303
20672 37303 103953
74331 1881 45304
45304 1881 74331
1881 45304 74331
25963 39924 76208
76208 25963 39924
39924 25963 76208
12495 26117 130140
130140 12495 26117
26117 12495 130140
1324 89935 117652
117652 1324 89935
89935 1324 117652
89950 12958 115830
12958 89950 115830
115830 12958 89950
119521 29108 74732
74732 29108 119521
29108 74732 119521
20609 17657 76665
17657 20609 76665
76665 17657 20609
56265 45873 69895
69895 45873 56265
45873 56265 69895
4713 45502 88369
88369 4713 45502
45502 4713 88369
37957 126253 135315
126253 37957 135315
135315 37957 126253
3234 141787 144414
144414 3234 141787
141787 3234 144414
105241 10218 75205
75205 10218 105241
10218 75205 105241
29679 41738 142741
142741 29679 41738
41738 29679 142741
117140 47515 122898
122898 47515 117140
47515 117140 122898
134103 11369 45325
11369 45325 134103
45325 11369 134103
148133 63257 111242
63257 111242 148133
111242 63257 148133
122251 50325 136738
136738 50325 122251
50325 122251 136738
28775 70602 86770
86770 28775 70602
70602 28775 86770
18283 59551 88250
88250 18283 59551
59551 18283 88250
90423 37902 88821
88821 37902 90423
37902 88821 90423
75045 100964 113709
100964 75045 113709
113709 75045 100964
66644 43282 48831
48831 43282 66644
43282 48831 66644
68968 27707 88637
27707 68968 88637
88637 27707 68968
22174 14798 133736
14798 22174 133736
133736 14798 22174
66013 136889 147622
147622 66013 136889
136889 66013 147622
68065 97851 125754
125754 68065 97851
97851 68065 125754
123408 33329 85783
33329 85783 123408
85783 33329 123408
75934 62457 120921
120921 62457 75934
62457 75934 120921
42846 24527 39436
24527 39436 42846
39436 24527 42846
58027 101432 118122
118122 58027 101432
101432 58027 118122
58589 7382 80524
7382 58589 80524
80524 7382 58589
121627 40919 77662
77662 40919 121627
40919 77662 121627
142210 101849 122949
122949 101849 142210
101849 122949 142210
76473 71978 107747
71978 76473 107747
107747 71978 76473
148772 44655 54555
44655 54555 148772
54555 44655 148772
88602 8551 106948
106948 8551 88602
8551 88602 106948
75480 57777 81230
81230 57777 75480
57777 75480 81230
140175 54865 86518
54865 86518 140175
86518 54865 140175
53766 40526 143574
143574 40526 53766
40526 53766 143574
104068 49320 113921
49320 104068 113921
113921 49320 104068
107862 35951 74679
35951 74679 107862
74679 35951 107862
8459 99634 130564
99634 8459 130564
130564 8459 99634
64785 42966 89032
89032 42966 64785
42966 64785 89032
7211 108960 126355
126355 7211 108960
108960 7211 126355
21690 11072 37788
11072 21690 37788
37788 11072 21690
66592 143993 145641
143993 66592 145641
145641 66592 143993
37368 109877 134324
109877 37368 134324
134324 37368 109877
25408 27422 146164
146164 25408 27422
27422 25408 146164
126531 90301 142287
142287 90301 126531
90301 126531 142287
111551 13472 131307
13472 111551 131307
131307 13472 111551
122940 12699 28234
12699 28234 122940
28234 12699 122940
14736 81385 85353
81385 14736 85353
85353 14736 81385
89236 98248 144006
144006 89236 98248
98248 89236 144006
123573 70114 144227
144227 70114 123573
70114 123573 144227
74477 32445 134458
32445 74477 134458
134458 32445 74477
82839 13963 121459
121459 13963 82839
13963 82839 121459
12832 114495 143062
114495 12832 143062
143062 12832 114495
3613 115822 140869
140869 3613 115822
115822 3613 140869
147539 35276 93303
93303 35276 147539
35276 93303 147539
27580 81716 145426
145426 27580 81716
81716 27580 145426
118936 74051 95077
95077 74051 118936
74051 95077 118936
97476 53999 86189
86189 53999 97476
53999 86189 97476
711 119615 119822
119615 711 119822
119822 711 119615
7370 18398 48700
48700 7370 18398
18398 7370 48700
45274 25338 62643
25338 45274 62643
62643 25338 45274
5730 108920 111514
111514 5730 108920
108920 5730 111514
22214 22056 70578
70578 22056 22214
22056 22214 70578
127941 21708 137594
137594 21708 127941
21708 127941 137594
28932 147537 149804
149804 28932 147537
147537 28932 149804
38719 86889 116007
86889 38719 116007
116007 38719 86889
52196 78584 106835
78584 52196 106835
106835 52196 78584
96508 48475 86319
48475 86319 96508
86319 48475 96508
112851 59744 71364
71364 59744 112851
59744 71364 112851
86561 48470 57990
57990 48470 86561
48470 57990 86561
35762 52017 76110
52017 35762 76110
76110 35762 52017
148553 19801 89245
19801 89245 148553
89245 19801 148553
25912 9674 28494
28494 9674 25912
9674 25912 28494
41284 8325 69849
8325 41284 69849
69849 8325 41284
96985 18289 66375
18289 66375 96985
66375 18289 96985
84761 78313 83877
78313 83877 84761
83877 78313 84761
78513 101608 148048
101608 78513 148048
148048 78513 101608
109840 122505 126084
126084 109840 122505
122505 109840 126084
140889 114126 133511
114126 133511 140889
133511 114126 140889
126275 126457 147286
147286 126275 126457
126457 126275 147286
24697 82088 140456
140456 24697 82088
82088 24697 140456
52372 2452 132922
132922 2452 52372
2452 52372 132922
115344 67381 133818
133818 67381 115344
67381 115344 133818
33215 50796 96250
96250 33215 50796
50796 33215 96250
97902 14442 117800
14442 97902 117800
117800 14442 97902
88624 8213 149449
8213 88624 149449
149449 8213 88624
38680 39827 116395
116395 38680 39827
39827 38680 116395
100250 38497 88794
38497 88794 100250
88794 38497 100250
61850 30197 133905
30197 61850 133905
133905 30197 61850
28055 75189 144313
144313 28055 75189
75189 28055 144313
8696 31730 62356
62356 8696 31730
31730 8696 62356
148600 4253 24018
4253 24018 148600
24018 4253 148600
25009 3433 40381
40381 3433 25009
3433 25009 40381
127662 29983 63275
63275 29983 127662
29983 63275 127662
12207 17022 73607
73607 12207 17022
17022 12207 73607
19970 99628 133219
133219 19970 99628
99628 19970 133219
62461 1643 29903
29903 1643 62461
1643 29903 62461
96776 49779 60315
49779 60315 96776
60315 49779 96776
56750 76033 140871
76033 56750 140871
140871 56750 76033
147001 57844 77465
77465 57844 147001
57844 77465 147001
71111 44914 75567
44914 71111 75567
75567 44914 71111
20976 107878 113160
113160 20976 107878
107878 20976 113160
2016 1409 54791
54791 1409 2016
1409 2016 54791
147140 32405 34667
32405 34667 147140
34667 32405 147140
119010 101691 120920
101691 119010 120920
120920 101691 119010
24047 5742 143184
5742 24047 143184
143184 5742 24047
96803 46419 93326
93326 46419 96803
46419 93326 96803
80212 25337 39745
25337 39745 80212
39745 25337 80212
78246 25503 57401
57401 25503 78246
25503 57401 78246
26415 69071 77076
69071 26415 77076
77076 26415 69071
47298 23884 41611
23884 41611 47298
41611 23884 47298
147759 1398 88206
1398 88206 147759
88206 1398 147759
52783 6054 125939
125939 6054 52783
6054 52783 125939
8305 29305 95430
29305 8305 95430
95430 8305 29305
132204 54452 102423
54452 102423 132204
102423 54452 132204
125522 32370 67818
32370 67818 125522
67818 32370 125522
16841 19398 98900
19398 16841 98900
98900 16841 19398
108020 48954 99417
99417 48954 108020
48954 99417 108020
57068 36311 49091
49091 36311 57068
36311 49091 57068
118154 48892 55170
48892 55170 118154
55170 48892 118154
111282 47346 64996
64996 47346 111282
47346 64996 111282
122638 15823 120151
15823 120151 122638
120151 15823 122638
82720 80616 149556
149556 80616 82720
80616 82720 149556
120188 14942 52908
14942 52908 120188
52908 14942 120188
87071 93702 130586
130586 87071 93702
93702 87071 130586
106566 74460 95380
74460 95380 106566
95380 74460 106566
117131 103530 147247
103530 117131 147247
147247 103530 117131
42337 11252 110045
110045 11252 42337
11252 42337 110045
133417 73693 117097
73693 117097 133417
117097 73693 133417
54684 22567 125602
22567 54684 125602
125602 22567 54684
57654 47280 103521
47280 57654 103521
103521 47280 57654
89859 23716 26079
23716 26079 89859
26079 23716 89859
63569 17736 134868
134868 17736 63569
17736 63569 134868
84566 13155 18235
13155 18235 84566
18235 13155 84566
26732 40630 116461
40630 26732 116461
116461 26732 40630
15115 122636 128917
128917 15115 122636
122636 15115 128917
112964 51157 96317
51157 96317 112964
96317 51157 112964
1077 105502 135695
105502 1077 135695
135695 1077 105502
87158 30521 54246
54246 30521 87158
30521 54246 87158
146810 34610 81930
81930 34610 146810
34610 81930 146810
145646 28186 94070
28186 94070 145646
94070 28186 145646
100566 101200 105903
105903 100566 101200
101200 100566 105903
39685 18082 127868
127868 18082 39685
18082 39685 127868
132806 58013 109185
109185 58013 132806
58013 109185 132806
60142 14144 37693
37693 14144 60142
14144 37693 60142
143658 43146 114428
43146 114428 143658
114428 43146 143658
96444 98223 102307
98223 96444 102307
102307 96444 98223
118446 79961 101520
101520 79961 118446
79961 101520 118446
117957 59462 61086
59462 61086 117957
61086 59462 117957
5635 59294 82079
82079 5635 59294
59294 5635 82079
105862 140852 140879
140879 105862 140852
140852 105862 140879
48499 13907 43929
43929 13907 48499
13907 43929 48499
73238 38265 148864
148864 38265 73238
38265 73238 148864
50672 19417 125242
19417 50672 125242
125242 19417 50672
82456 43119 90931
90931 43119 82456
43119 82456 90931
30993 5208 98705
5208 30993 98705
98705 5208 30993
110590 2260 133634
133634 2260 110590
2260 110590 133634
96819 72885 137815
137815 72885 96819
72885 96819 137815
51576 41500 74958
41500 51576 74958
74958 41500 51576
136539 46984 137252
137252 46984 136539
46984 136539 137252
45453 51736 116930
51736 45453 116930
116930 45453 51736
58063 24349 31129
31129 24349 58063
24349 31129 58063
58625 1842 116417
116417 1842 58625
1842 58625 116417
69414 5293 6666
5293 6666 69414
6666 5293 69414
35326 22680 145445
145445 22680 35326
22680 35326 145445
50801 124545 130390
130390 50801 124545
124545 50801 130390
37711 133265 134071
133265 37711 134071
134071 37711 133265
63767 75092 118652
118652 63767 75092
75092 63767 118652
54944 142678 145276
145276 54944 142678
142678 54944 145276
3954 19308 110507
110507 3954 19308
19308 3954 110507
6667 13003 85730
13003 6667 85730
85730 6667 13003
47080 53830 135437
53830 47080 135437
135437 47080 53830
87273 119645 131634
119645 87273 131634
131634 87273 119645
63838 53396 134503
53396 63838 134503
134503 53396 63838
108774 139077 140003
139077 108774 140003
140003 108774 139077
80863 24639 67364
24639 67364 80863
67364 24639 80863
132527 83260 115143
115143 83260 132527
83260 115143 132527
87603 34225 132273
132273 34225 87603
34225 87603 132273
61022 2594 111438
2594 61022 111438
111438 2594 61022
126994 4079 103102
4079 103102 126994
103102 4079 126994
63247 80432 82829
82829 63247 80432
80432 63247 82829
93462 35413 126231
35413 93462 126231
126231 35413 93462
6300 37781 127959
127959 6300 37781
37781 6300 127959
90142 22788 99717
22788 90142 99717
99717 22788 90142
21076 8300 117026
117026 8300 21076
8300 21076 117026
141189 91728 141004
141004 91728 141189
91728 141004 141189
144744 70278 148989
70278 144744 148989
148989 70278 144744
52453 27237 128397
27237 52453 128397
128397 27237 52453
58697 64925 143693
64925 58697 143693
143693 58697 64925
132644 59762 140689
140689 59762 132644
59762 132644 140689
25365 52076 68481
68481 25365 52076
52076 25365 68481
66546 129933 138866
129933 66546 138866
138866 66546 129933
142170 50966 73051
50966 73051 142170
73051 50966 142170
120806 14644 116378
116378 14644 120806
14644 116378 120806
60636 117064 149474
149474 60636 117064
117064 60636 149474
29859 22541 26603
22541 26603 29859
26603 22541 29859
146111 11777 58364
11777 58364 146111
58364 11777 146111
42772 71139 106606
106606 42772 71139
71139 42772 106606
2205 37236 142892
142892 2205 37236
37236 2205 142892
90383 85197 91889
91889 85197 90383
85197 90383 91889
25479 85893 131100
85893 25479 131100
131100 25479 85893
44567 70259 132334
70259 44567 132334
132334 44567 70259
107860 26694 37991
37991 26694 107860
26694 37991 107860
95410 98191 121275
98191 95410 121275
121275 95410 98191
111771 91197 127457
91197 111771 127457
127457 91197 111771
17920 92081 95595
92081 17920 95595
95595 17920 92081
21533 464 5083
464 5083 21533
5083 464 21533
10844 72034 97093
72034 10844 97093
97093 10844 72034
17733 12001 20476
20476 12001 17733
12001 17733 20476
39689 26867 66450
26867 39689 66450
66450 26867 39689
126820 51147 149345
149345 51147 126820
51147 126820 149345
34937 80137 131393
131393 34937 80137
80137 34937 131393
65423 27594 61675
27594 61675 65423
61675 27594 65423
12112 14542 77941
14542 12112 77941
77941 12112 14542
39354 92070 108215
108215 39354 92070
92070 39354 108215
65647 48524 126916
48524 65647 126916
126916 48524 65647
56008 13371 27213
27213 13371 56008
13371 27213 56008
116731 50043 74485
74485 50043 116731
50043 74485 116731
71892 67407 109947
109947 67407 71892
67407 71892 109947
121562 70980 111473
111473 70980 121562
70980 111473 121562
131250 41071 118856
118856 41071 131250
41071 118856 131250
9821 109757 143363
109757 9821 143363
143363 9821 109757
25952 5492 124370
124370 5492 25952
5492 25952 124370
24842 55678 92717
92717 24842 55678
55678 24842 92717
32268 76306 139807
139807 32268 76306
76306 32268 139807
48311 88581 143193
143193 48311 88581
88581 48311 143193
43142 10731 52426
10731 43142 52426
52426 10731 43142
111035 56467 85912
85912 56467 111035
56467 85912 111035
36312 70692 114527
114527 36312 70692
70692 36312 114527
10383 58577 148801
58577 10383 148801
148801 10383 58577
24170 34203 136901
136901 24170 34203
34203 24170 136901
103813 87187 117450
87187 103813 117450
117450 87187 103813
118620 24356 121472
24356 118620 121472
121472 24356 118620
10785 29616 29874
29616 10785 29874
29874 10785 29616
107638 22468 140155
22468 107638 140155
140155 22468 107638
36117 17633 117618
117618 17633 36117
17633 36117 117618
55994 6590 44960
6590 44960 55994
44960 6590 55994
21360 16787 24593
16787 21360 24593
24593 16787 21360
132786 76261 96493
76261 96493 132786
96493 76261 132786
32035 4993 149393
4993 32035 149393
149393 4993 32035
60542 75988 149673
75988 60542 149673
149673 60542 75988
66059 24726 121184
24726 66059 121184
121184 24726 66059
39050 16008 17196
16008 17196 39050
17196 16008 39050
63960 15968 119960
119960 15968 63960
15968 63960 119960
90933 21594 110709
110709 21594 90933
21594 90933 110709
138427 24774 49221
24774 49221 138427
49221 24774 138427
73191 29602 57583
29602 57583 73191
57583 29602 73191
49703 42625 44581
44581 42625 49703
42625 44581 49703
139750 30078 147903
30078 139750 147903
147903 30078 139750
48587 68503 104824
68503 48587 104824
104824 48587 68503
25641 96410 103218
96410 25641 103218
103218 25641 96410
59408 17515 35668
35668 17515 59408
17515 35668 59408
89349 12079 39547
12079 39547 89349
39547 12079 89349
9536 16799 111346
111346 9536 16799
16799 9536 111346
63215 20933 149723
149723 20933 63215
20933 63215 149723
134581 47262 99998
99998 47262 134581
47262 99998 134581
69837 34923 35932
35932 34923 69837
34923 35932 69837
7711 37185 39054
39054 7711 37185
37185 7711 39054
51730 38437 149895
149895 38437 51730
38437 51730 149895
87344 44815 55222
44815 55222 87344
55222 44815 87344
18617 54657 113450
113450 18617 54657
54657 18617 113450
112635 129012 130630
129012 112635 130630
130630 112635 129012
63568 6828 131179
6828 63568 131179
131179 6828 63568
14954 11436 70140
70140 11436 14954
11436 14954 70140
90329 60952 137599
137599 60952 90329
60952 90329 137599
74942 12702 78501
78501 12702 74942
12702 74942 78501
9453 40343 58181
40343 9453 58181
58181 9453 40343
12356 56315 110068
56315 12356 110068
110068 12356 56315
61923 39198 138520
39198 61923 138520
138520 39198 61923
91351 37318 74196
74196 37318 91351
37318 74196 91351
104250 38206 66762
66762 38206 104250
38206 66762 104250
22937 6768 118073
118073 6768 22937
6768 22937 118073
96544 33312 60973
33312 60973 96544
60973 33312 96544
110612 39285 44954
39285 44954 110612
44954 39285 110612
6608 3522 127390
127390 3522 6608
3522 6608 127390
116695 23292 63907
23292 63907 116695
63907 23292 116695
4703 27228 54639
27228 4703 54639
54639 4703 27228
7432 42255 62311
42255 7432 62311
62311 7432 42255
52159 29342 73012
73012 29342 52159
29342 52159 73012
120817 42294 117925
42294 117925 120817
117925 42294 120817
14157 67734 132400
67734 14157 132400
132400 14157 67734
13635 81250 149482
149482 13635 81250
81250 13635 149482
22993 48856 65993
65993 22993 48856
48856 22993 65993
7470 6203 125759
6203 7470 125759
125759 6203 7470
118157 87420 95670
95670 87420 118157
87420 95670 118157
23957 748 130890
748 23957 130890
130890 748 23957
113115 60622 135214
60622 113115 135214
135214 60622 113115
133910 33705 138559
138559 33705 133910
33705 133910 138559
103680 69266 101644
69266 101644 103680
101644 69266 103680
50668 22534 116770
