1083 1272 1434
1434 1083 1272
1272 1083 1434
312 39 1303
39 312 1303
1303 39 312
1429 1178 1237
1178 1237 1429
1237 1178 1429
519 90 802
90 519 802
802 90 519
334 226 1067
226 334 1067
1067 226 334
1020 497 590
590 497 1020
497 590 1020
1169 941 1401
941 1169 1401
1401 941 1169
1221 341 763
763 341 1221
341 763 1221
861 502 1135
502 861 1135
1135 502 861
67 1314 1441
1314 67 1441
1441 67 1314
488 17 1182
1182 17 488
17 488 1182
724 666 965
666 724 965
965 666 724
443 339 1258
1258 339 443
339 443 1258
1469 160 1012
1012 160 1469
160 1012 1469
202 556 1282
556 202 1282
1282 202 556
1136 110 220
220 110 1136
110 220 1136
1454 323 1143
1143 323 1454
323 1143 1454
691 1145 1384
1145 691 1384
1384 691 1145
917 298 774
774 298 917
298 774 917
1396 246 275
275 246 1396
246 275 1396
1486 637 1029
1029 637 1486
637 1029 1486
767 10 354
10 354 767
354 10 767
84 914 1342
1342 84 914
914 84 1342
649 148 442
148 442 649
442 148 649
435 582 1096
582 435 1096
1096 435 582
1108 20 290
290 20 1108
20 290 1108
407 221 1019
221 407 1019
1019 221 407
600 124 1225
1225 124 600
124 600 1225
1 174 894
894 1 174
174 1 894
163 557 692
557 163 692
692 163 557
527 60 278
60 278 527
278 60 527
176 735 880
880 176 735
735 176 880
943 154 487
487 154 943
154 487 943
1348 282 959
959 282 1348
282 959 1348
912 177 1229
177 912 1229
1229 177 912
773 76 1176
1176 76 773
76 773 1176
168 105 1001
105 168 1001
1001 105 168
680 256 573
573 256 680
256 573 680
892 632 1324
632 892 1324
1324 632 892
1089 94 1447
94 1089 1447
1447 94 1089
1425 464 1014
1014 464 1425
464 1014 1425
980 147 863
863 147 980
147 863 980
1311 361 875
361 875 1311
875 361 1311
495 1017 1498
1498 495 1017
1017 495 1498
190 856 1451
856 190 1451
1451 190 856
457 474 831
831 457 474
474 457 831
560 787 1279
787 560 1279
1279 560 787
869 1327 1350
1327 869 1350
1350 869 1327
755 88 1268
88 755 1268
1268 88 755
658 816 1310
816 658 1310
1310 658 816
1228 242 1387
1387 242 1228
242 1228 1387
838 368 1110
368 838 1110
1110 368 838
833 1308 1351
1351 833 1308
1308 833 1351
737 675 1417
675 737 1417
1417 675 737
515 1040 1359
1359 515 1040
1040 515 1359
227 651 990
651 227 990
990 227 651
493 291 1244
1244 291 493
291 493 1244
430 415 1234
415 430 1234
1234 415 430
1125 1320 1435
1320 1125 1435
1435 1125 1320
1360 240 547
547 240 1360
240 547 1360
500 63 606
63 500 606
606 63 500
750 707 1219
1219 707 750
707 750 1219
1304 143 700
143 700 1304
700 143 1304
1118 1006 1248
1006 1118 1248
1248 1006 1118
391 490 989
490 391 989
989 391 490
142 1022 1048
1022 142 1048
1048 142 1022
314 667 751
751 314 667
667 314 751
551 477 571
571 477 551
477 551 571
483 164 187
187 164 483
164 187 483
1122 1009 1243
1009 1122 1243
1243 1009 1122
1388 565 1277
1277 565 1388
565 1277 1388
476 231 461
461 231 476
231 461 476
4 255 1183
1183 4 255
255 4 1183
1238 360 1367
1367 360 1238
360 1238 1367
254 81 1265
81 254 1265
1265 81 254
1372 30 1355
1355 30 1372
30 1355 1372
153 83 1175
83 153 1175
1175 83 153
1179 65 610
610 65 1179
65 610 1179
713 647 1264
1264 647 713
647 713 1264
885 672 1194
672 885 1194
1194 672 885
262 698 955
698 262 955
955 262 698
776 593 890
890 593 776
593 776 890
1157 540 1037
1037 540 1157
540 1037 1157
107 526 829
829 107 526
526 107 829
506 1120 1453
1120 506 1453
1453 506 1120
586 437 679
437 586 679
679 437 586
336 568 683
568 336 683
683 336 568
408 924 1239
924 408 1239
1239 408 924
693 425 1404
1404 425 693
425 693 1404
602 78 1479
1479 78 602
78 602 1479
1250 1159 1428
1428 1159 1250
1159 1250 1428
118 377 674
377 118 674
674 118 377
938 49 350
350 49 938
49 350 938
184 386 1251
1251 184 386
386 184 1251
803 952 1060
1060 803 952
952 803 1060
1051 293 948
948 293 1051
293 948 1051
181 900 1344
1344 181 900
900 181 1344
300 46 749
749 46 300
46 300 749
432 411 484
411 432 484
484 411 432
572 1100 1409
1409 572 1100
1100 572 1409
504 159 1049
159 504 1049
1049 159 504
1028 28 528
28 528 1028
528 28 1028
984 333 886
886 333 984
333 886 984
1077 198 811
811 198 1077
198 811 1077
113 976 1031
976 113 1031
1031 113 976
579 137 874
137 579 874
874 137 579
1468 634 1247
1247 634 1468
634 1247 1468
1316 753 1426
1426 753 1316
753 1316 1426
210 562 925
562 210 925
925 210 562
1131 261 599
599 261 1131
261 599 1131
199 1147 1414
1147 199 1414
1414 199 1147
382 512 1123
512 382 1123
1123 382 512
1011 218 903
218 903 1011
903 218 1011
125 224 570
570 125 224
224 125 570
47 216 549
549 47 216
216 47 549
472 1195 1298
1298 472 1195
1195 472 1298
1133 814 1093
814 1093 1133
1093 814 1133
132 3 1318
1318 3 132
3 132 1318
543 165 870
165 543 870
870 165 543
35 729 1119
729 35 1119
1119 35 729
1358 444 1427
444 1358 1427
1427 444 1358
12 50 835
50 12 835
835 12 50
481 677 1222
1222 481 677
677 481 1222
1259 324 719
324 719 1259
719 324 1259
57 173 379
379 57 173
173 57 379
563 546 1186
1186 546 563
546 563 1186
185 31 806
31 185 806
806 31 185
284 714 1240
714 284 1240
1240 284 714
961 212 492
212 492 961
492 212 961
438 681 958
681 438 958
958 438 681
652 1168 1373
1373 652 1168
1168 652 1373
119 349 629
629 119 349
349 119 629
982 363 878
363 878 982
878 363 982
804 947 1418
947 804 1418
1418 804 947
671 345 810
810 345 671
345 671 810
469 419 475
419 469 475
475 419 469
977 1325 1330
1325 977 1330
1330 977 1325
1420 1073 1338
1338 1073 1420
1073 1338 1420
607 329 611
329 607 611
611 329 607
370 69 807
807 69 370
69 370 807
550 688 1440
688 550 1440
1440 550 688
1092 171 785
785 171 1092
171 785 1092
1255 244 575
575 244 1255
244 575 1255
1000 82 1448
1448 82 1000
82 1000 1448
468 768 1459
1459 468 768
768 468 1459
754 61 895
61 754 895
895 61 754
669 337 1050
337 669 1050
1050 337 669
374 413 682
413 374 682
682 374 413
214 316 1484
1484 214 316
316 214 1484
770 351 721
351 721 770
721 351 770
966 257 1115
257 966 1115
1115 257 966
1466 699 1496
699 1466 1496
1496 699 1466
1046 884 1041
1041 884 1046
884 1041 1046
1500 306 1356
306 1356 1500
1356 306 1500
694 876 988
988 694 876
876 694 988
450 155 1149
1149 155 450
155 450 1149
1226 1394 1411
1394 1226 1411
1411 1226 1394
760 208 1467
1467 208 760
208 760 1467
1042 507 1079
1079 507 1042
507 1042 1079
732 797 1161
797 732 1161
1161 732 797
705 236 927
927 236 705
236 705 927
1078 630 827
630 827 1078
827 630 1078
99 762 830
762 99 830
830 99 762
179 623 1144
1144 179 623
623 179 1144
1074 1273 1488
1488 1074 1273
1273 1074 1488
1202 467 1072
1072 467 1202
467 1072 1202
95 189 409
189 95 409
409 95 189
898 1036 1306
1306 898 1036
1036 898 1306
1398 25 266
25 266 1398
266 25 1398
116 817 1130
1130 116 817
817 116 1130
624 536 854
854 536 624
536 624 854
1128 280 670
670 280 1128
280 670 1128
1218 809 1285
809 1218 1285
1285 809 1218
1293 14 471
14 471 1293
471 14 1293
186 24 911
24 186 911
911 24 186
1281 887 940
887 940 1281
940 887 1281
1027 648 974
974 648 1027
648 974 1027
764 613 888
613 764 888
888 613 764
1003 782 1053
1053 782 1003
782 1003 1053
122 222 398
222 122 398
398 122 222
1206 1290 1430
1290 1206 1430
1430 1206 1290
1313 183 834
183 834 1313
834 183 1313
574 405 1190
1190 405 574
405 574 1190
1332 399 1111
399 1111 1332
1111 399 1332
197 555 1196
555 197 1196
1196 197 555
358 1246 1253
1246 358 1253
1253 358 1246
1213 96 748
748 96 1213
96 748 1213
26 392 1023
392 26 1023
1023 26 392
1153 452 1415
1415 452 1153
452 1153 1415
1116 271 609
271 609 1116
609 271 1116
639 418 545
545 418 639
418 545 639
149 428 710
710 149 428
428 149 710
131 460 517
460 131 517
517 131 460
828 366 1275
366 828 1275
1275 366 828
40 1080 1460
1460 40 1080
1080 40 1460
1343 585 1366
1366 585 1343
585 1343 1366
660 534 738
738 534 660
534 660 738
340 635 850
850 340 635
635 340 850
592 793 1034
793 592 1034
1034 592 793
1199 881 1045
881 1045 1199
1045 881 1199
1146 866 994
866 994 1146
994 866 1146
1446 1208 1368
1368 1208 1446
1208 1368 1446
819 217 1180
217 819 1180
1180 217 819
268 161 501
501 161 268
161 268 501
54 310 578
578 54 310
310 54 578
1499 1192 1433
1192 1433 1499
1433 1192 1499
628 86 862
86 628 862
862 86 628
1102 778 1171
778 1102 1171
1171 778 1102
552 272 1084
272 552 1084
1084 272 552
253 1341 1483
1341 253 1483
1483 253 1341
712 34 1352
34 712 1352
1352 34 712
215 485 790
485 215 790
790 215 485
486 1389 1402
1389 486 1402
1402 486 1389
848 157 561
561 157 848
157 561 848
1025 357 936
357 936 1025
936 357 1025
307 109 1337
1337 109 307
109 307 1337
996 617 1252
617 996 1252
1252 617 996
516 53 614
614 53 516
53 516 614
169 1292 1365
1365 169 1292
1292 169 1365
622 426 1185
1185 426 622
426 622 1185
769 48 62
62 48 769
48 62 769
1032 491 744
744 491 1032
491 744 1032
1057 445 971
445 971 1057
971 445 1057
66 410 1494
410 66 1494
1494 66 410
789 178 843
843 178 789
178 789 843
619 967 1410
967 619 1410
1410 619 967
388 813 1323
813 388 1323
1323 388 813
328 103 867
867 103 328
103 328 867
1010 356 1294
1294 356 1010
356 1010 1294
951 521 1200
521 951 1200
1200 521 951
1421 104 901
104 901 1421
901 104 1421
1214 151 403
403 151 1214
151 403 1214
1112 58 1154
1154 58 1112
58 1112 1154
1371 68 1419
68 1371 1419
1419 68 1371
478 788 918
788 478 918
918 478 788
1291 702 1167
1167 702 1291
702 1167 1291
182 1141 1261
1261 182 1141
1141 182 1261
1400 302 1173
302 1173 1400
1173 302 1400
1184 727 1346
1346 727 1184
727 1184 1346
1493 93 209
93 209 1493
209 93 1493
135 529 1052
1052 135 529
529 135 1052
1137 665 1126
665 1126 1137
1126 665 1137
264 23 180
180 23 264
23 180 264
676 258 458
458 258 676
258 458 676
470 213 603
603 213 470
213 470 603
535 1300 1490
1300 535 1490
1490 535 1300
662 511 1462
1462 511 662
511 662 1462
659 1086 1274
1274 659 1086
1086 659 1274
1370 203 794
794 203 1370
203 794 1370
1347 653 1380
653 1347 1380
1380 653 1347
684 913 999
913 684 999
999 684 913
1215 598 839
598 839 1215
839 598 1215
897 446 1470
1470 446 897
446 897 1470
1151 114 919
114 919 1151
919 114 1151
1383 133 394
133 394 1383
394 133 1383
1138 315 1257
1257 315 1138
315 1138 1257
1174 779 1104
779 1104 1174
1104 779 1174
9 1095 1364
1364 9 1095
1095 9 1364
1391 381 440
381 440 1391
440 381 1391
205 281 855
855 205 281
281 205 855
422 508 1334
1334 422 508
508 422 1334
1476 558 1155
558 1155 1476
1155 558 1476
566 248 1007
248 566 1007
1007 248 566
618 188 663
188 618 663
663 188 618
175 100 473
473 100 175
100 175 473
252 297 1197
297 252 1197
1197 252 297
355 423 1033
1033 355 423
423 355 1033
1289 21 537
537 21 1289
21 537 1289
931 367 372
367 372 931
372 367 931
509 373 664
664 373 509
373 509 664
406 89 296
296 89 406
89 296 406
421 765 930
930 421 765
765 421 930
696 757 968
757 696 968
968 696 757
720 1056 1381
1056 720 1381
1381 720 1056
1312 228 1107
1107 228 1312
228 1107 1312
1177 146 1232
1232 146 1177
146 1177 1232
230 342 1354
342 230 1354
1354 230 342
98 979 1065
1065 98 979
979 98 1065
620 424 1458
424 620 1458
1458 424 620
987 1317 1369
1317 987 1369
1369 987 1317
1018 352 733
733 352 1018
352 733 1018
896 70 1382
1382 70 896
70 896 1382
1340 447 1201
447 1201 1340
1201 447 1340
1231 1082 1170
1082 1170 1231
1170 1082 1231
695 844 904
904 695 844
844 695 904
362 80 152
80 152 362
152 80 362
138 921 1081
1081 138 921
921 138 1081
1187 1160 1188
1188 1160 1187
1160 1187 1188
678 431 1463
431 678 1463
1463 431 678
638 845 1212
845 638 1212
1212 638 845
953 991 1013
991 953 1013
1013 953 991
347 580 1043
1043 347 580
580 347 1043
1333 92 1241
92 1241 1333
1241 92 1333
531 365 1375
365 531 1375
1375 365 531
723 313 1211
1211 313 723
313 723 1211
343 64 1439
1439 64 343
64 343 1439
796 842 1262
842 796 1262
1262 796 842
627 978 1165
1165 627 978
978 627 1165
820 346 625
625 346 820
346 625 820
1416 864 1464
864 1416 1464
1464 864 1416
808 144 1148
1148 144 808
144 808 1148
393 615 1444
1444 393 615
615 393 1444
633 589 841
589 633 841
841 589 633
384 631 1150
1150 384 631
631 384 1150
1035 879 934
934 879 1035
879 934 1035
1140 27 734
27 734 1140
734 27 1140
722 448 761
761 448 722
448 722 761
567 604 1098
604 567 1098
1098 567 604
595 479 1152
479 595 1152
1152 479 595
992 1113 1407
1407 992 1113
1113 992 1407
1209 304 708
708 304 1209
304 708 1209
1487 51 193
193 51 1487
51 193 1487
1299 5 353
5 353 1299
353 5 1299
15 939 1124
939 15 1124
1124 15 939
1117 416 463
416 463 1117
463 416 1117
823 378 1216
1216 378 823
378 823 1216
1284 108 1436
108 1284 1436
1436 108 1284
1474 645 906
645 906 1474
906 645 1474
1377 935 949
949 935 1377
935 949 1377
993 167 319
319 167 993
167 319 993
703 915 1097
1097 703 915
915 703 1097
1101 1004 1193
1004 1101 1193
1193 1004 1101
685 859 1162
1162 685 859
859 685 1162
1254 642 1189
1189 642 1254
642 1189 1254
1450 11 397
397 11 1450
11 397 1450
449 274 1456
274 449 1456
1456 274 449
937 330 893
330 893 937
893 330 937
728 225 1432
1432 225 728
225 728 1432
1256 269 1276
269 1256 1276
1276 269 1256
77 771 1309
771 77 1309
1309 77 771
954 784 877
877 784 954
784 877 954
995 998 1205
998 995 1205
1205 995 998
250 626 1495
1495 250 626
626 250 1495
1129 932 963
932 963 1129
963 932 1129
414 201 584
584 201 414
201 414 584
97 289 851
851 97 289
289 97 851
206 245 852
245 206 852
852 206 245
818 288 554
288 554 818
554 288 818
798 922 983
922 798 983
983 798 922
853 7 533
7 533 853
533 7 853
420 145 697
697 145 420
145 420 697
1393 920 1039
1039 920 1393
920 1039 1393
1437 962 1217
962 1217 1437
1217 962 1437
739 597 1263
1263 597 739
597 739 1263
1266 38 836
836 38 1266
38 836 1266
1489 74 985
985 74 1489
74 985 1489
706 87 581
581 87 706
87 581 706
1227 85 1061
1061 85 1227
85 1061 1227
686 704 1103
1103 686 704
704 686 1103
1472 18 1008
18 1008 1472
1008 18 1472
454 621 1164
1164 454 621
621 454 1164
170 191 1163
191 170 1163
1163 170 191
525 273 390
390 273 525
273 390 525
305 1287 1473
1473 305 1287
1287 305 1473
1139 207 1497
207 1139 1497
1497 207 1139
1480 318 1423
318 1423 1480
1423 318 1480
1442 837 1026
837 1026 1442
1026 837 1442
1090 846 1204
1204 846 1090
846 1090 1204
263 235 1224
1224 235 263
235 263 1224
541 455 1220
1220 455 541
455 541 1220
36 375 1271
375 36 1271
1271 36 375
130 279 715
715 130 279
279 130 715
950 195 417
417 195 950
195 417 950
1403 120 657
657 120 1403
120 657 1403
916 150 847
150 847 916
847 150 916
1283 736 933
933 736 1283
736 933 1283
1235 1236 1363
1236 1235 1363
1363 1235 1236
121 139 801
801 121 139
139 121 801
1059 364 756
364 756 1059
756 364 1059
1422 238 1465
1465 238 1422
238 1422 1465
402 106 456
106 402 456
456 106 402
1406 453 1002
1002 453 1406
453 1002 1406
322 1047 1477
1477 322 1047
1047 322 1477
162 295 997
295 162 997
997 162 295
326 503 1295
503 326 1295
1295 326 503
19 569 690
569 19 690
690 19 569
412 520 1349
520 412 1349
1349 412 520
1491 539 786
539 786 1491
786 539 1491
79 243 1121
1121 79 243
243 79 1121
45 583 661
661 45 583
583 45 661
636 232 641
232 636 641
641 232 636
1210 369 542
369 542 1210
542 369 1210
211 433 840
433 211 840
840 211 433
260 780 815
815 260 780
780 260 815
857 730 1301
1301 730 857
730 857 1301
499 668 1030
1030 499 668
668 499 1030
986 309 348
309 348 986
348 309 986
338 1319 1452
1452 338 1319
1319 338 1452
505 601 975
975 505 601
601 505 975
13 251 401
251 13 401
401 13 251
241 332 701
332 241 701
701 241 332
871 909 1305
909 871 1305
1305 871 909
1245 335 1005
1005 335 1245
335 1005 1245
462 219 1424
1424 219 462
219 462 1424
1339 383 1392
383 1339 1392
1392 383 1339
204 320 1385
1385 204 320
320 204 1385
655 643 1307
643 655 1307
1307 643 655
1357 725 1461
1461 725 1357
725 1357 1461
741 743 1405
1405 741 743
743 741 1405
129 451 1278
1278 129 451
451 129 1278
873 389 960
389 873 960
960 389 873
59 140 646
140 59 646
646 59 140
1345 718 805
805 718 1345
718 805 1345
387 969 1376
1376 387 969
969 387 1376
1397 192 1038
1038 192 1397
192 1038 1397
380 166 1044
1044 166 380
166 380 1044
395 465 926
465 395 926
926 395 465
1260 1064 1321
1321 1064 1260
1064 1260 1321
783 42 1412
42 783 1412
1412 42 783
75 559 640
640 75 559
559 75 640
1087 923 1438
1438 923 1087
923 1087 1438
22 200 1054
1054 22 200
200 22 1054
981 196 1475
196 981 1475
1475 196 981
1106 523 1166
523 1106 1166
1166 523 1106
1055 317 1109
317 1055 1109
1109 317 1055
376 587 759
759 376 587
587 376 759
429 294 945
294 429 945
945 294 429
957 2 1269
2 957 1269
1269 2 957
1075 286 459
459 286 1075
286 459 1075
673 553 644
644 553 673
553 644 673
249 71 907
907 71 249
71 249 907
908 1322 1471
1322 908 1471
1471 908 1322
564 650 1181
1181 564 650
650 564 1181
605 1021 1156
1156 605 1021
1021 605 1156
359 731 1015
1015 359 731
731 359 1015
1071 510 1068
1068 510 1071
510 1068 1071
1076 55 489
55 489 1076
489 55 1076
44 868 1379
1379 44 868
868 44 1379
496 299 1399
1399 299 496
299 496 1399
1413 494 944
494 944 1413
944 494 1413
902 970 1431
970 902 1431
1431 902 970
832 928 929
929 832 928
928 832 929
910 758 825
825 758 910
758 825 910
1230 612 1198
1198 612 1230
612 1198 1230
1280 711 799
799 711 1280
711 799 1280
1085 141 522
522 141 1085
141 522 1085
513 41 436
41 436 513
436 41 513
740 321 434
434 321 740
321 434 740
441 127 872
127 441 872
872 127 441
1390 134 1058
1058 134 1390
134 1058 1390
532 344 1066
1066 344 532
344 532 1066
726 781 1296
781 726 1296
1296 726 781
530 112 826
826 112 530
112 530 826
1297 102 752
752 102 1297
102 752 1297
1134 327 766
766 327 1134
327 766 1134
1361 308 742
742 308 1361
308 742 1361
91 115 1457
115 91 1457
1457 91 115
73 156 596
596 73 156
156 73 596
538 865 1063
1063 538 865
865 538 1063
237 285 1445
285 237 1445
1445 237 285
514 1099 1492
1492 514 1099
1099 514 1492
1378 745 1353
1353 745 1378
745 1353 1378
1328 6 1443
6 1328 1443
1443 6 1328
1449 544 792
544 792 1449
792 544 1449
654 371 482
371 482 654
482 371 654
16 466 821
821 16 466
466 16 821
1286 498 709
709 498 1286
498 709 1286
117 259 656
656 117 259
259 117 656
1207 524 1024
1024 524 1207
524 1024 1207
283 746 946
946 283 746
746 283 946
849 747 812
812 747 849
747 812 849
1267 37 973
37 973 1267
973 37 1267
883 8 1386
1386 8 883
8 883 1386
518 172 1335
1335 172 518
172 518 1335
239 860 891
891 239 860
860 239 891
1315 591 899
591 899 1315
899 591 1315
123 303 1091
1091 123 303
303 123 1091
29 158 942
158 29 942
942 29 158
576 577 1362
577 576 1362
1362 576 577
32 72 594
72 32 594
594 32 72
1127 1329 1481
1481 1127 1329
1329 1127 1481
689 126 824
126 689 824
824 126 689
1302 223 716
223 716 1302
716 223 1302
795 101 956
956 101 795
101 795 956
277 889 1062
889 277 1062
1062 277 889
33 287 1242
287 33 1242
1242 33 287
292 400 1172
400 292 1172
1172 292 400
52 136 772
136 52 772
772 52 136
905 777 1249
777 905 1249
1249 777 905
1070 1069 1485
1485 1069 1070
1069 1070 1485
229 1142 1408
1408 229 1142
1142 229 1408
588 385 1478
385 588 1478
1478 385 588
964 270 717
270 717 964
717 270 964
687 972 1331
972 687 1331
1331 687 972
1094 331 775
331 775 1094
775 331 1094
427 56 1016
56 427 1016
1016 56 427
1482 396 608
608 396 1482
396 608 1482
1114 616 1336
616 1114 1336
1336 616 1114
233 548 1270
1270 233 548
548 233 1270
325 194 301
301 194 325
194 301 325
1203 1288 1374
1374 1203 1288
1288 1203 1374
1233 311 1395
1395 311 1233
311 1233 1395
265 1132 1326
1132 265 1326
1326 265 1132
480 247 1223
247 480 1223
1223 247 480
111 128 822
822 111 128
128 111 822
1455 404 1191
1191 404 1455
404 1191 1455
1158 234 1105
1105 234 1158
234 1105 1158
791 43 858
43 791 858
858 43 791
439 267 1088
1088 267 439
267 439 1088
276 800 882
800 276 882
882 276 800
