1301 110 489
110 489 1301
489 110 1301
1048 786 846
846 786 1048
786 846 1048
129 337 348
337 129 348
348 129 337
1360 237 416
416 237 1360
237 416 1360
799 62 618
618 62 799
62 618 799
891 33 1094
33 891 1094
1094 33 891
43 299 514
299 43 514
514 43 299
1280 257 902
257 902 1280
902 257 1280
1228 230 474
230 474 1228
474 230 1228
1112 376 1072
1072 376 1112
376 1072 1112
125 367 1325
1325 125 367
367 125 1325
403 1211 1388
1388 403 1211
1211 403 1388
283 529 741
741 283 529
529 283 741
162 276 1103
276 162 1103
1103 162 276
1005 74 703
74 703 1005
703 74 1005
788 469 578
469 578 788
578 469 788
698 826 1039
826 698 1039
1039 698 826
1050 274 1068
274 1050 1068
1068 274 1050
377 1116 1345
1345 377 1116
1116 377 1345
666 574 1171
574 666 1171
1171 574 666
623 58 495
58 495 623
495 58 623
57 187 925
925 57 187
187 57 925
762 238 307
238 307 762
307 238 762
828 1220 1251
1220 828 1251
1251 828 1220
1014 31 792
31 792 1014
792 31 1014
549 228 330
330 228 549
228 330 549
443 271 1485
1485 271 443
271 443 1485
97 671 1204
1204 97 671
671 97 1204
1384 372 1213
1213 372 1384
372 1213 1384
434 782 1451
782 434 1451
1451 434 782
1064 432 867
867 432 1064
432 867 1064
1496 992 1478
1478 992 1496
992 1478 1496
116 497 774
774 116 497
497 116 774
1178 49 1241
49 1178 1241
1241 49 1178
291 156 1378
1378 156 291
156 291 1378
371 3 55
3 55 371
55 3 371
197 1245 1373
1245 197 1373
1373 197 1245
395 456 1265
456 395 1265
1265 395 456
1235 193 753
753 193 1235
193 753 1235
1404 196 1080
1080 196 1404
196 1080 1404
695 720 1049
1049 695 720
720 695 1049
619 427 1448
1448 427 619
427 619 1448
399 523 1059
523 399 1059
1059 399 523
483 1032 1352
1032 483 1352
1352 483 1032
315 884 987
987 315 884
884 315 987
509 466 629
466 509 629
629 466 509
91 924 1082
1082 91 924
924 91 1082
1283 998 1173
1173 998 1283
998 1173 1283
693 179 486
486 179 693
179 486 693
640 96 672
96 640 672
672 96 640
999 531 1351
531 999 1351
1351 531 999
204 173 815
173 204 815
815 173 204
1341 547 1393
547 1341 1393
1393 547 1341
984 20 1497
20 984 1497
1497 20 984
1392 700 1129
1129 700 1392
700 1129 1392
1092 207 265
265 207 1092
207 265 1092
1023 67 1006
1006 67 1023
67 1006 1023
643 298 863
863 298 643
298 643 863
570 750 1013
1013 570 750
750 570 1013
1033 1203 1300
1300 1033 1203
1203 1033 1300
303 171 967
967 171 303
171 303 967
900 425 1310
425 900 1310
1310 425 900
1254 777 1036
777 1036 1254
1036 777 1254
1440 233 1470
233 1440 1470
1470 233 1440
1223 127 1018
1018 127 1223
127 1018 1223
1188 682 1417
1417 682 1188
682 1188 1417
635 256 940
256 635 940
940 256 635
1295 670 1217
670 1217 1295
1217 670 1295
756 702 1293
1293 702 756
702 756 1293
36 1181 1286
1286 36 1181
1181 36 1286
1411 242 452
242 452 1411
452 242 1411
761 609 655
609 655 761
655 609 761
8 28 642
28 8 642
642 8 28
1492 263 411
411 263 1492
263 411 1492
1281 105 398
105 398 1281
398 105 1281
1029 113 602
113 602 1029
602 113 1029
796 400 634
634 400 796
400 634 796
117 165 1156
165 117 1156
1156 117 165
988 1160 1187
1160 988 1187
1187 988 1160
224 155 593
155 224 593
593 155 224
830 338 478
478 338 830
338 478 830
943 170 945
170 943 945
945 170 943
1089 834 1427
1427 834 1089
834 1089 1427
250 128 178
178 128 250
128 178 250
1060 1040 1443
1443 1040 1060
1040 1060 1443
1185 962 1467
1467 962 1185
962 1185 1467
841 4 981
4 841 981
981 4 841
1487 70 420
70 420 1487
420 70 1487
1290 47 1037
47 1037 1290
1037 47 1290
451 1294 1375
1294 451 1375
1375 451 1294
1102 200 631
631 200 1102
200 631 1102
126 287 616
287 126 616
616 126 287
684 101 1418
1418 101 684
101 684 1418
1058 1239 1249
1249 1058 1239
1239 1058 1249
865 321 1390
1390 321 865
321 865 1390
266 232 729
232 266 729
729 232 266
378 1153 1161
1153 378 1161
1161 378 1153
415 368 885
885 368 415
368 415 885
421 908 1091
1091 421 908
908 421 1091
802 355 1250
355 802 1250
1250 355 802
560 65 209
209 65 560
65 209 560
328 135 1216
1216 135 328
135 328 1216
776 507 1255
1255 507 776
507 776 1255
1258 503 1407
503 1258 1407
1407 503 1258
1398 285 1192
285 1192 1398
1192 285 1398
1163 1143 1465
1143 1163 1465
1465 1143 1163
211 1386 1484
1484 211 1386
1386 211 1484
139 628 1264
628 139 1264
1264 139 628
896 556 1314
1314 556 896
556 896 1314
1444 78 1118
78 1118 1444
1118 78 1444
543 446 883
883 446 543
446 543 883
1274 587 1076
587 1076 1274
1076 587 1274
837 251 704
704 251 837
251 704 837
245 181 464
464 181 245
181 245 464
441 449 1096
1096 441 449
449 441 1096
876 831 989
989 831 876
831 876 989
429 465 1493
1493 429 465
465 429 1493
169 300 701
300 169 701
701 169 300
1012 485 1399
485 1012 1399
1399 485 1012
960 286 972
286 960 972
972 286 960
897 842 1193
1193 842 897
842 897 1193
1227 874 1200
1200 874 1227
874 1200 1227
1446 696 913
696 913 1446
913 696 1446
1034 901 1230
901 1034 1230
1230 901 1034
801 325 1450
1450 325 801
325 801 1450
1259 102 1332
1332 102 1259
102 1259 1332
734 339 1109
1109 339 734
339 734 1109
40 545 1189
545 40 1189
1189 40 545
1019 437 615
437 615 1019
615 437 1019
1070 413 780
780 413 1070
413 780 1070
457 280 735
280 457 735
735 280 457
648 174 471
471 174 648
174 471 648
538 454 926
926 454 538
454 538 926
81 89 1285
1285 81 89
89 81 1285
622 304 473
473 304 622
304 473 622
1113 439 808
808 439 1113
439 808 1113
1424 182 1210
1210 182 1424
182 1210 1424
625 608 871
871 608 625
608 625 871
953 524 610
524 610 953
610 524 953
1402 1422 1429
1422 1402 1429
1429 1402 1422
1339 1085 1439
1085 1339 1439
1439 1085 1339
1327 1382 1476
1476 1327 1382
1382 1327 1476
544 261 1432
1432 261 544
261 544 1432
1067 458 599
458 599 1067
599 458 1067
98 192 492
492 98 192
192 98 492
37 1024 1090
1090 37 1024
1024 37 1090
1362 145 214
214 145 1362
145 214 1362
438 270 405
405 270 438
270 405 438
906 853 1155
1155 853 906
853 906 1155
396 653 954
653 396 954
954 396 653
1307 542 935
935 542 1307
542 935 1307
92 550 664
664 92 550
550 92 664
1288 7 772
7 772 1288
772 7 1288
351 121 1114
121 351 1114
1114 121 351
1321 525 533
525 533 1321
533 525 1321
784 166 800
166 784 800
800 166 784
275 611 1053
1053 275 611
611 275 1053
442 488 505
488 442 505
505 442 488
104 1000 1127
1127 104 1000
1000 104 1127
1135 1016 1242
1242 1016 1135
1016 1135 1242
253 272 818
272 253 818
818 253 272
646 450 1428
450 646 1428
1428 450 646
288 931 1379
1379 288 931
931 288 1379
278 402 1007
1007 278 402
402 278 1007
624 766 1335
1335 624 766
766 624 1335
590 592 1473
1473 590 592
592 590 1473
17 773 881
881 17 773
773 17 881
565 153 844
844 153 565
153 565 844
895 240 1087
1087 240 895
240 895 1087
1140 205 573
573 205 1140
205 573 1140
535 183 942
183 535 942
942 183 535
87 180 781
180 87 781
781 87 180
1198 42 1397
42 1198 1397
1397 42 1198
73 721 1299
1299 73 721
721 73 1299
768 273 326
273 326 768
326 273 768
1462 1236 1385
1385 1236 1462
1236 1385 1462
790 938 1069
1069 790 938
938 790 1069
824 30 1154
30 824 1154
1154 30 824
686 662 1337
1337 662 686
662 686 1337
1132 819 923
923 819 1132
819 923 1132
26 907 1460
1460 26 907
907 26 1460
557 412 1044
1044 412 557
412 557 1044
1162 198 1433
198 1162 1433
1433 198 1162
559 258 407
407 258 559
258 407 559
526 554 1240
1240 526 554
554 526 1240
1312 699 1009
1009 699 1312
699 1009 1312
479 916 1149
1149 479 916
916 479 1149
598 392 1051
392 598 1051
1051 392 598
1180 822 994
994 822 1180
822 994 1180
1197 418 1008
1008 418 1197
418 1008 1197
769 812 1248
1248 769 812
812 769 1248
290 1405 1431
1431 290 1405
1405 290 1431
747 208 1158
1158 208 747
208 747 1158
234 202 1315
1315 202 234
202 234 1315
71 752 1311
752 71 1311
1311 71 752
985 249 1257
1257 249 985
249 985 1257
558 152 1499
1499 152 558
152 558 1499
282 548 1459
548 282 1459
1459 282 548
829 1110 1270
1270 829 1110
1110 829 1270
151 1119 1486
1486 151 1119
1119 151 1486
9 537 1030
1030 9 537
537 9 1030
904 918 1186
1186 904 918
918 904 1186
335 111 1183
1183 111 335
111 335 1183
887 64 778
778 64 887
64 778 887
144 552 1107
1107 144 552
552 144 1107
481 243 1329
243 481 1329
1329 243 481
814 27 1425
27 814 1425
1425 27 814
1457 577 1038
1038 577 1457
577 1038 1457
591 1078 1414
1414 591 1078
1078 591 1414
1190 627 1342
627 1190 1342
1342 627 1190
620 480 651
480 620 651
651 480 620
375 717 959
717 375 959
959 375 717
697 235 511
235 511 697
511 235 697
422 262 583
262 422 583
583 262 422
1115 724 1263
724 1115 1263
1263 724 1115
787 835 1260
835 787 1260
1260 787 835
100 82 979
979 82 100
82 100 979
951 51 714
51 714 951
714 51 951
472 32 159
32 159 472
159 32 472
1269 19 1412
1412 19 1269
19 1269 1412
306 1010 1331
1331 306 1010
1010 306 1331
669 1232 1278
1232 669 1278
1278 669 1232
1177 264 656
656 264 1177
264 656 1177
763 1201 1472
1472 763 1201
1201 763 1472
1136 29 794
794 29 1136
29 794 1136
1456 817 1122
1122 817 1456
817 1122 1456
379 210 586
210 379 586
586 210 379
579 760 1221
1221 579 760
760 579 1221
751 322 1271
322 751 1271
1271 322 751
983 878 1338
878 983 1338
1338 878 983
915 281 1471
281 915 1471
1471 281 915
510 389 1142
1142 389 510
389 510 1142
809 167 859
167 809 859
859 167 809
244 94 177
177 94 244
94 177 244
1368 310 1349
310 1349 1368
1349 310 1368
86 882 1105
1105 86 882
882 86 1105
108 191 1267
1267 108 191
191 108 1267
1101 390 1088
1088 390 1101
390 1088 1101
448 431 561
561 431 448
431 448 561
294 663 1455
1455 294 663
663 294 1455
575 66 206
66 206 575
206 66 575
1447 553 563
553 563 1447
563 553 1447
93 650 755
755 93 650
650 93 755
1458 406 1302
406 1302 1458
1302 406 1458
1475 905 966
966 905 1475
905 966 1475
1442 410 961
410 961 1442
961 410 1442
645 168 1410
168 645 1410
1410 168 645
60 45 1202
1202 45 60
45 60 1202
1383 911 1062
1062 911 1383
911 1062 1383
851 748 785
748 785 851
785 748 851
950 109 1125
1125 109 950
109 950 1125
269 373 1367
373 269 1367
1367 269 373
875 582 743
743 582 875
582 743 875
1046 333 1401
333 1046 1401
1401 333 1046
749 134 836
134 749 836
836 134 749
517 685 1170
1170 517 685
685 517 1170
428 59 795
59 428 795
795 59 428
1196 733 1164
733 1164 1196
1164 733 1196
1434 293 487
487 293 1434
293 487 1434
1419 1205 1292
1205 1292 1419
1292 1205 1419
1218 190 1477
190 1218 1477
1477 190 1218
38 977 1277
977 38 1277
1277 38 977
856 69 1004
69 856 1004
1004 69 856
530 260 1326
1326 260 530
260 530 1326
146 866 1305
866 146 1305
1305 146 866
797 1066 1491
1491 797 1066
1066 797 1491
501 409 1396
409 501 1396
1396 409 501
521 212 660
212 521 660
660 212 521
571 80 246
246 80 571
80 246 571
320 691 898
691 320 898
898 320 691
154 119 1454
1454 119 154
119 154 1454
929 1168 1297
1297 929 1168
1168 929 1297
221 838 1284
1284 221 838
838 221 1284
318 1079 1253
1079 318 1253
1253 318 1079
25 312 1045
1045 25 312
312 25 1045
56 115 467
115 56 467
467 56 115
1042 742 1166
742 1042 1166
1166 742 1042
498 112 1421
1421 112 498
112 498 1421
140 424 958
958 140 424
424 140 958
1481 1098 1482
1482 1098 1481
1098 1481 1482
90 687 1231
687 90 1231
1231 90 687
1011 1148 1151
1151 1011 1148
1148 1011 1151
1026 188 934
188 934 1026
934 188 1026
613 518 941
518 613 941
941 518 613
1017 765 1355
765 1017 1355
1355 765 1017
1319 1100 1157
1100 1157 1319
1157 1100 1319
647 309 1256
309 647 1256
1256 309 647
363 384 1343
1343 363 384
384 363 1343
308 453 1099
453 308 1099
1099 308 453
1182 203 229
203 229 1182
229 203 1182
1380 343 444
444 343 1380
343 444 1380
1316 562 821
821 562 1316
562 821 1316
1437 665 1415
665 1415 1437
1415 665 1437
920 597 1324
1324 597 920
597 920 1324
1371 394 764
394 764 1371
764 394 1371
1224 148 676
148 676 1224
676 148 1224
1353 14 621
14 621 1353
621 14 1353
667 350 1130
1130 350 667
350 667 1130
833 712 811
811 712 833
712 811 833
1489 767 889
767 889 1489
889 767 1489
888 143 365
143 365 888
365 143 888
728 1139 1436
1139 728 1436
1436 728 1139
426 227 1438
227 426 1438
1438 227 426
1 759 775
759 1 775
775 1 759
345 957 1369
957 345 1369
1369 345 957
870 947 1086
1086 870 947
947 870 1086
1445 445 500
500 445 1445
445 500 1445
692 539 636
636 539 692
539 636 692
332 519 1480
519 332 1480
1480 332 519
754 520 877
520 754 877
877 520 754
546 477 858
858 477 546
477 546 858
1387 732 1304
1304 732 1387
732 1304 1387
1144 791 1104
791 1104 1144
1104 791 1144
532 861 1169
861 532 1169
1169 532 861
534 366 798
366 534 798
798 366 534
1395 852 1400
852 1395 1400
1400 852 1395
347 644 893
893 347 644
644 347 893
843 879 976
879 843 976
976 843 879
1057 118 971
118 971 1057
971 118 1057
827 1054 1334
1334 827 1054
1054 827 1334
848 462 1244
1244 462 848
462 848 1244
912 223 567
223 567 912
567 223 912
1128 370 868
370 868 1128
868 370 1128
839 661 1463
661 839 1463
1463 661 839
1022 83 461
461 83 1022
83 461 1022
513 952 1028
1028 513 952
952 513 1028
50 68 388
68 50 388
388 50 68
1420 255 1303
255 1303 1420
1303 255 1420
588 313 1364
1364 313 588
313 588 1364
219 48 813
813 48 219
48 219 813
681 1027 1041
1027 681 1041
1041 681 1027
277 369 744
369 277 744
744 277 369
95 603 1123
603 95 1123
1123 95 603
965 527 855
527 855 965
855 527 965
1134 53 189
53 189 1134
189 53 1134
88 713 1374
713 88 1374
1374 88 713
975 364 1063
1063 364 975
364 975 1063
1469 158 172
172 158 1469
158 172 1469
804 374 1194
374 804 1194
1194 374 804
324 948 1365
948 324 1365
1365 324 948
289 1214 1317
1214 289 1317
1317 289 1214
731 352 690
690 352 731
352 690 731
709 1052 1389
1052 709 1389
1389 709 1052
864 160 589
160 589 864
589 160 864
236 737 1234
1234 236 737
737 236 1234
705 397 1206
1206 397 705
397 705 1206
295 329 683
329 295 683
683 295 329
342 447 1124
1124 342 447
447 342 1124
222 11 499
11 222 499
499 11 222
1071 241 823
241 823 1071
823 241 1071
1025 248 738
738 248 1025
248 738 1025
336 652 1330
1330 336 652
652 336 1330
13 860 1095
860 13 1095
1095 13 860
6 317 1340
1340 6 317
317 6 1340
1209 131 316
131 316 1209
316 131 1209
35 630 886
886 35 630
630 35 886
872 1061 1172
1172 872 1061
1061 872 1172
1133 334 723
723 334 1133
334 723 1133
990 39 1273
39 990 1273
1273 39 990
61 132 880
880 61 132
132 61 880
536 494 1147
494 536 1147
1147 494 536
596 1137 1500
1137 596 1500
1500 596 1137
5 810 928
810 5 928
928 5 810
267 551 933
551 267 933
933 267 551
1225 564 1344
1344 564 1225
564 1225 1344
1423 840 1361
1361 840 1423
840 1361 1423
580 76 890
76 580 890
890 76 580
1287 314 711
711 314 1287
314 711 1287
1413 1003 1083
1083 1003 1413
1003 1083 1413
770 932 1176
932 770 1176
1176 770 932
805 1159 1359
1359 805 1159
1159 805 1359
632 84 1021
84 632 1021
1021 84 632
937 1047 1262
1047 937 1262
1262 937 1047
1298 34 502
34 502 1298
502 34 1298
184 771 1055
1055 184 771
771 184 1055
195 22 175
175 22 195
22 175 195
626 854 1077
854 626 1077
1077 626 854
614 120 522
522 120 614
120 522 614
607 1403 1483
1483 607 1403
1403 607 1483
99 133 1322
1322 99 133
133 99 1322
922 1226 1394
1226 922 1394
1394 922 1226
1179 138 1347
1347 138 1179
138 1179 1347
1131 141 1015
141 1015 1131
1015 141 1131
164 346 707
707 164 346
346 164 707
899 254 1376
1376 254 899
254 899 1376
380 176 677
677 176 380
176 380 677
356 46 1199
1199 46 356
46 356 1199
491 515 1152
515 491 1152
1152 491 515
225 1167 1468
1468 225 1167
1167 225 1468
679 739 1498
1498 679 739
739 679 1498
216 106 572
106 216 572
572 106 216
414 463 715
463 414 715
715 414 463
213 385 849
849 213 385
385 213 849
1406 974 1275
974 1275 1406
1275 974 1406
302 969 1490
1490 302 969
969 302 1490
914 259 475
259 475 914
475 259 914
746 44 468
44 468 746
468 44 746
107 694 892
892 107 694
694 107 892
1479 199 793
793 199 1479
199 793 1479
157 149 1279
1279 149 157
149 157 1279
641 1043 1452
1452 641 1043
1043 641 1452
968 401 688
401 688 968
688 401 968
1081 600 807
807 600 1081
600 807 1081
1308 52 393
52 393 1308
393 52 1308
504 18 417
18 417 504
417 18 504
910 678 1291
678 910 1291
1291 678 910
1306 360 986
986 360 1306
360 986 1306
1313 349 594
349 594 1313
594 349 1313
946 391 757
391 757 946
757 391 946
1084 54 727
54 727 1084
727 54 1084
1075 386 508
508 386 1075
386 508 1075
226 122 1430
1430 122 226
122 226 1430
114 716 1031
716 114 1031
1031 114 716
23 279 991
991 23 279
279 23 991
1391 970 1328
970 1328 1391
1328 970 1391
917 758 1435
1435 758 917
758 917 1435
142 673 1289
1289 142 673
673 142 1289
470 436 1488
436 470 1488
1488 436 470
147 358 584
584 147 358
358 147 584
845 124 1366
1366 124 845
124 845 1366
217 382 1461
382 217 1461
1461 217 382
639 77 1363
77 639 1363
1363 77 639
1336 617 783
617 783 1336
783 617 1336
1120 847 850
847 850 1120
850 847 1120
601 1215 1318
1318 601 1215
1215 601 1318
779 387 569
569 387 779
387 569 779
980 718 1377
1377 718 980
718 980 1377
2 490 1175
490 2 1175
1175 2 490
24 297 566
566 24 297
297 24 566
1207 803 1108
803 1108 1207
1108 803 1207
1449 194 430
194 430 1449
430 194 1449
1243 435 1346
435 1243 1346
1346 435 1243
85 1354 1466
1466 85 1354
1354 85 1466
354 649 949
649 354 949
949 354 649
1323 604 719
719 604 1323
604 719 1323
1357 528 936
528 936 1357
936 528 1357
1165 72 455
455 72 1165
72 455 1165
730 331 1233
1233 331 730
331 730 1233
825 323 1065
323 825 1065
1065 323 825
252 137 955
137 252 955
955 137 252
1238 220 1370
1370 220 1238
220 1238 1370
218 41 1474
41 218 1474
1474 41 218
789 506 1106
506 789 1106
1106 506 789
201 482 1117
482 201 1117
1117 201 482
460 103 1208
1208 103 460
103 460 1208
944 997 1356
1356 944 997
997 944 1356
1426 15 996
996 15 1426
15 996 1426
894 136 1247
136 894 1247
1247 136 894
1222 919 1150
1150 919 1222
919 1150 1222
1348 16 541
541 16 1348
16 541 1348
973 319 930
319 930 973
930 319 973
1093 1276 1464
1464 1093 1276
1276 1093 1464
1035 440 745
440 745 1035
745 440 1035
12 956 1453
1453 12 956
956 12 1453
869 1191 1212
1191 869 1212
1212 869 1191
383 1002 1272
1272 383 1002
1002 383 1272
1184 327 873
327 873 1184
873 327 1184
606 10 1121
1121 10 606
10 606 1121
710 1381 1441
1381 710 1441
1441 710 1381
305 186 284
186 284 305
284 186 305
484 419 585
419 484 585
585 419 484
659 568 736
568 659 736
736 568 659
423 247 576
576 247 423
247 423 576
493 978 1246
1246 493 978
978 493 1246
820 404 706
706 404 820
404 706 820
1074 301 1266
301 1074 1266
1266 301 1074
806 63 1237
1237 63 806
63 806 1237
1320 516 1001
516 1001 1320
1001 516 1320
675 512 740
740 512 675
512 675 740
459 832 1282
832 459 1282
1282 459 832
1056 612 637
637 612 1056
612 637 1056
1261 344 1195
344 1195 1261
1195 344 1261
433 1138 1296
1296 433 1138
1138 433 1296
341 595 657
657 341 595
595 341 657
1268 311 927
927 311 1268
311 927 1268
921 215 816
816 215 921
215 816 921
708 722 1333
722 708 1333
1333 708 722
658 268 1495
268 658 1495
1495 268 658
1229 362 1146
1146 362 1229
362 1146 1229
130 1097 1372
1372 130 1097
1097 130 1372
995 357 689
357 689 995
689 357 995
993 963 1145
963 993 1145
1145 963 993
231 726 1350
1350 231 726
726 231 1350
1111 1073 1408
1408 1073 1111
1073 1111 1408
1252 79 1174
79 1174 1252
1174 79 1252
21 123 909
123 21 909
909 21 123
408 638 1309
638 408 1309
1309 408 638
1358 296 939
296 939 1358
939 296 1358
581 361 633
633 361 581
361 581 633
496 353 674
674 353 496
353 496 674
654 359 1416
1416 359 654
359 654 1416
964 292 381
292 381 964
381 292 964
1126 540 903
903 540 1126
540 903 1126
982 239 862
862 239 982
239 862 982
605 185 1219
1219 185 605
185 605 1219
668 680 857
680 668 857
857 668 680
555 1141 1409
1141 555 1409
1409 555 1141
1020 75 476
476 75 1020
75 476 1020
1494 163 725
725 163 1494
163 725 1494
340 150 161
161 150 340
150 161 340
