5386 7362 8599
7362 5386 8599
8599 5386 7362
1978 6421 13299
6421 1978 13299
13299 1978 6421
8740 547 14774
14774 547 8740
547 8740 14774
6173 7068 13958
13958 6173 7068
7068 6173 13958
5906 6954 9221
6954 5906 9221
9221 5906 6954
12061 5717 6248
6248 5717 12061
5717 6248 12061
14041 7203 13313
13313 7203 14041
7203 13313 14041
4923 1731 11330
1731 4923 11330
11330 1731 4923
1281 6340 13645
13645 1281 6340
6340 1281 13645
767 4750 11274
4750 767 11274
11274 767 4750
9500 8534 12765
8534 9500 12765
12765 8534 9500
13282 4094 14641
14641 4094 13282
4094 13282 14641
10477 4641 14586
4641 10477 14586
14586 4641 10477
10823 3679 13855
3679 10823 13855
13855 3679 10823
3600 5750 6865
5750 3600 6865
6865 3600 5750
2045 5653 8216
5653 2045 8216
8216 2045 5653
6306 422 624
624 422 6306
422 624 6306
2511 4463 5839
5839 2511 4463
4463 2511 5839
10270 1229 4949
1229 4949 10270
4949 1229 10270
12681 4342 9777
4342 9777 12681
9777 4342 12681
3937 1821 9838
1821 3937 9838
9838 1821 3937
1877 1567 12798
12798 1567 1877
1567 1877 12798
13603 2990 3195
3195 2990 13603
2990 3195 13603
10640 4626 13919
13919 4626 10640
4626 10640 13919
9466 5987 13335
5987 9466 13335
13335 5987 9466
8087 626 5412
5412 626 8087
626 5412 8087
5821 864 7734
864 5821 7734
7734 864 5821
11167 369 8701
8701 369 11167
369 8701 11167
1704 2562 8345
8345 1704 2562
2562 1704 8345
10652 383 9344
9344 383 10652
383 9344 10652
4837 3707 6559
6559 3707 4837
3707 4837 6559
485 6561 6861
6561 485 6861
6861 485 6561
14660 8598 9389
9389 8598 14660
8598 9389 14660
12652 2431 14000
2431 12652 14000
14000 2431 12652
4534 2734 14668
2734 4534 14668
14668 2734 4534
5205 10574 13709
13709 5205 10574
10574 5205 13709
6660 5559 7210
5559 6660 7210
7210 5559 6660
8063 6464 7769
7769 6464 8063
6464 7769 8063
12064 3224 12780
12780 3224 12064
3224 12064 12780
8030 1991 6263
6263 1991 8030
1991 6263 8030
8636 72 4632
72 4632 8636
4632 72 8636
8998 8026 13045
8026 8998 13045
13045 8026 8998
7449 7544 13943
7544 7449 13943
13943 7449 7544
14421 3675 12707
3675 12707 14421
12707 3675 14421
12532 13976 14875
13976 12532 14875
14875 12532 13976
13055 1665 10059
1665 10059 13055
10059 1665 13055
14288 9943 11151
11151 9943 14288
9943 11151 14288
5203 1279 5799
5799 1279 5203
1279 5203 5799
12568 503 4648
503 4648 12568
4648 503 12568
12717 6818 14278
14278 6818 12717
6818 12717 14278
10859 7981 9129
9129 7981 10859
7981 9129 10859
5796 9038 13264
13264 5796 9038
9038 5796 13264
14302 5727 5881
5881 5727 14302
5727 5881 14302
4844 7284 9645
7284 4844 9645
9645 4844 7284
6283 8490 10586
10586 6283 8490
8490 6283 10586
240 5032 9268
5032 240 9268
9268 240 5032
246 2510 12173
2510 246 12173
12173 246 2510
9404 2402 7868
7868 2402 9404
2402 7868 9404
3046 3785 13386
3785 3046 13386
13386 3046 3785
9459 851 4148
851 4148 9459
4148 851 9459
3331 4849 10750
4849 3331 10750
10750 3331 4849
8597 1321 10407
10407 1321 8597
1321 8597 10407
5901 8828 13639
8828 5901 13639
13639 5901 8828
11093 3336 13474
13474 3336 11093
3336 11093 13474
3491 6463 6781
6781 3491 6463
6463 3491 6781
3781 8398 10274
10274 3781 8398
8398 3781 10274
7462 39 14180
39 7462 14180
14180 39 7462
3948 3216 4528
3216 3948 4528
4528 3216 3948
79 5288 10329
10329 79 5288
5288 79 10329
1077 7739 12332
7739 1077 12332
12332 1077 7739
4127 1658 7295
7295 1658 4127
1658 4127 7295
2321 4073 8194
4073 2321 8194
8194 2321 4073
1878 6720 10499
6720 1878 10499
10499 1878 6720
1527 207 5197
207 1527 5197
5197 207 1527
9167 4444 10711
4444 9167 10711
10711 4444 9167
14436 3908 13861
13861 3908 14436
3908 13861 14436
4841 1830 12213
1830 4841 12213
12213 1830 4841
11936 6665 12770
12770 6665 11936
6665 11936 12770
1206 2919 13866
2919 1206 13866
13866 1206 2919
2982 1249 13095
1249 2982 13095
13095 1249 2982
9358 9348 9379
9348 9358 9379
9379 9348 9358
13212 4618 13370
13370 4618 13212
4618 13212 13370
2097 2359 5490
5490 2097 2359
2359 2097 5490
1771 5008 7626
5008 1771 7626
7626 1771 5008
13210 3164 13338
3164 13210 13338
13338 3164 13210
12340 9956 14159
14159 9956 12340
9956 12340 14159
1591 3794 12453
12453 1591 3794
3794 1591 12453
12957 5807 10539
5807 10539 12957
10539 5807 12957
13286 5289 12398
5289 12398 13286
12398 5289 13286
3431 727 5751
727 3431 5751
5751 727 3431
8605 1395 4997
4997 1395 8605
1395 4997 8605
14173 4350 14979
14979 4350 14173
4350 14173 14979
1519 313 13621
313 1519 13621
13621 313 1519
11105 910 12969
12969 910 11105
910 11105 12969
2214 1152 14863
1152 2214 14863
14863 1152 2214
8496 11254 11295
11295 8496 11254
11254 8496 11295
3954 9771 10297
9771 3954 10297
10297 3954 9771
12909 1843 4465
1843 4465 12909
4465 1843 12909
8365 293 10406
10406 293 8365
293 8365 10406
2051 5388 9669
5388 2051 9669
9669 2051 5388
13019 9725 9891
9891 9725 13019
9725 9891 13019
9457 4226 5672
5672 4226 9457
4226 5672 9457
1906 6845 11965
11965 1906 6845
6845 1906 11965
4954 9027 11229
11229 4954 9027
9027 4954 11229
1942 12567 12696
12567 1942 12696
12696 1942 12567
5176 30 9461
30 5176 9461
9461 30 5176
6600 1338 11559
11559 1338 6600
1338 6600 11559
9983 4709 9085
9085 4709 9983
4709 9085 9983
10502 1267 4704
4704 1267 10502
1267 4704 10502
3568 6698 14758
14758 3568 6698
6698 3568 14758
12915 8192 14649
14649 8192 12915
8192 12915 14649
13890 1517 6900
1517 6900 13890
6900 1517 13890
12065 2884 12706
12706 2884 12065
2884 12065 12706
12157 567 640
567 640 12157
640 567 12157
11492 1917 9850
9850 1917 11492
1917 9850 11492
11909 7111 7345
7111 7345 11909
7345 7111 11909
5528 854 2170
854 2170 5528
2170 854 5528
12255 9114 13563
13563 9114 12255
9114 12255 13563
9698 29 3758
29 3758 9698
3758 29 9698
5699 945 9730
9730 945 5699
945 5699 9730
4790 4518 14489
4518 4790 14489
14489 4518 4790
6203 1265 5030
5030 1265 6203
1265 5030 6203
6840 2339 8153
8153 2339 6840
2339 6840 8153
12772 11744 13738
11744 12772 13738
13738 11744 12772
12941 759 7507
7507 759 12941
759 7507 12941
2285 10065 11514
11514 2285 10065
10065 2285 11514
12052 1280 10369
10369 1280 12052
1280 10369 12052
6476 3145 11127
3145 6476 11127
11127 3145 6476
3523 1176 14842
1176 3523 14842
14842 1176 3523
3786 686 5073
686 3786 5073
5073 686 3786
1433 7081 9966
9966 1433 7081
7081 1433 9966
1913 1538 8613
1538 1913 8613
8613 1538 1913
14777 6590 9686
9686 6590 14777
6590 9686 14777
4650 2621 10516
10516 2621 4650
2621 4650 10516
11482 3974 12548
3974 11482 12548
12548 3974 11482
7665 2040 7510
2040 7510 7665
7510 2040 7665
8779 4870 10199
4870 8779 10199
10199 4870 8779
9053 10429 13860
13860 9053 10429
10429 9053 13860
6745 1508 4294
4294 1508 6745
1508 4294 6745
11828 1064 12586
1064 11828 12586
12586 1064 11828
10225 5037 5896
5037 5896 10225
5896 5037 10225
6359 2061 12712
12712 2061 6359
2061 6359 12712
5552 6228 6726
6726 5552 6228
6228 5552 6726
11289 538 12779
12779 538 11289
538 11289 12779
746 876 12482
12482 746 876
876 746 12482
13843 5685 12994
12994 5685 13843
5685 12994 13843
6219 3909 10031
10031 3909 6219
3909 6219 10031
3990 465 3814
3814 465 3990
465 3814 3990
5283 1984 12622
12622 1984 5283
1984 5283 12622
6793 5662 14307
5662 6793 14307
14307 5662 6793
10188 8474 14768
14768 8474 10188
8474 10188 14768
2728 1927 8897
8897 1927 2728
1927 2728 8897
13013 7973 14416
14416 7973 13013
7973 13013 14416
34 6160 10211
10211 34 6160
6160 34 10211
8434 2578 10331
10331 2578 8434
2578 8434 10331
13973 5580 13930
5580 13930 13973
13930 5580 13973
10510 272 7777
272 7777 10510
7777 272 10510
5027 61 1596
1596 61 5027
61 1596 5027
1485 137 11100
11100 137 1485
137 1485 11100
2735 4451 9052
9052 2735 4451
4451 2735 9052
7212 1108 9249
9249 1108 7212
1108 7212 9249
9665 4606 13889
4606 9665 13889
13889 4606 9665
13853 10876 10950
10950 10876 13853
10876 10950 13853
2124 5710 13032
13032 2124 5710
5710 2124 13032
13402 3711 11493
11493 3711 13402
3711 11493 13402
10432 814 2750
2750 814 10432
814 2750 10432
5326 4978 13439
4978 5326 13439
13439 4978 5326
10917 4184 11574
4184 10917 11574
11574 4184 10917
10149 3572 10915
10915 3572 10149
3572 10149 10915
3590 4629 4848
4629 3590 4848
4848 3590 4629
8178 11483 13276
11483 8178 13276
13276 8178 11483
7821 1714 5079
1714 5079 7821
5079 1714 7821
1636 11886 14822
14822 1636 11886
11886 1636 14822
2067 5526 12046
12046 2067 5526
5526 2067 12046
13965 9243 13707
13707 9243 13965
9243 13707 13965
14748 329 5233
5233 329 14748
329 5233 14748
1796 3294 13796
3294 1796 13796
13796 1796 3294
5934 12267 13763
12267 5934 13763
13763 5934 12267
8720 2737 11989
11989 2737 8720
2737 8720 11989
385 4757 14701
4757 385 14701
14701 385 4757
8108 12016 13000
13000 8108 12016
12016 8108 13000
14076 2495 8515
8515 2495 14076
2495 8515 14076
2313 7944 8615
8615 2313 7944
7944 2313 8615
8428 7580 11743
11743 7580 8428
7580 8428 11743
10337 7045 12175
12175 7045 10337
7045 10337 12175
14532 7296 13145
7296 13145 14532
13145 7296 14532
12069 5094 10247
10247 5094 12069
5094 10247 12069
8278 627 1337
627 1337 8278
1337 627 8278
6736 3559 10683
10683 3559 6736
3559 6736 10683
4446 3654 5999
3654 4446 5999
5999 3654 4446
12074 9979 14917
14917 9979 12074
9979 12074 14917
13779 3682 8197
8197 3682 13779
3682 8197 13779
6493 9153 12162
9153 6493 12162
12162 6493 9153
7471 5340 11569
11569 5340 7471
5340 7471 11569
5869 6631 14976
6631 5869 14976
14976 5869 6631
3632 6690 12440
12440 3632 6690
6690 3632 12440
13451 3071 10311
10311 3071 13451
3071 10311 13451
10632 8559 13667
8559 10632 13667
13667 8559 10632
12481 5354 7952
7952 5354 12481
5354 7952 12481
9589 3894 14248
14248 3894 9589
3894 9589 14248
11826 13157 13917
13917 11826 13157
13157 11826 13917
7903 7686 10161
10161 7686 7903
7686 7903 10161
9527 150 13030
13030 150 9527
150 9527 13030
489 9423 12335
9423 489 12335
12335 489 9423
2524 1109 3279
3279 1109 2524
1109 2524 3279
4344 7711 9930
7711 4344 9930
9930 4344 7711
3349 10964 14347
10964 3349 14347
14347 3349 10964
7613 7819 13633
7819 7613 13633
13633 7613 7819
11114 2068 7989
7989 2068 11114
2068 7989 11114
1857 711 7878
7878 711 1857
711 1857 7878
10545 3455 6762
6762 3455 10545
3455 6762 10545
12718 8031 8105
8031 8105 12718
8105 8031 12718
534 10355 13758
10355 534 13758
13758 534 10355
3541 12746 13242
13242 3541 12746
12746 3541 13242
10025 6196 14797
6196 10025 14797
14797 6196 10025
13259 3077 7825
7825 3077 13259
3077 7825 13259
1526 1779 8962
8962 1526 1779
1779 1526 8962
13378 6656 10226
6656 10226 13378
10226 6656 13378
6576 10424 13921
10424 6576 13921
13921 6576 10424
9313 8694 14464
8694 9313 14464
14464 8694 9313
9382 8906 12386
12386 8906 9382
8906 9382 12386
11126 1958 5892
5892 1958 11126
1958 5892 11126
2890 10554 14772
14772 2890 10554
10554 2890 14772
12893 5639 6540
6540 5639 12893
5639 6540 12893
4699 1686 7841
7841 1686 4699
1686 4699 7841
724 5775 13612
13612 724 5775
5775 724 13612
12908 225 2691
225 2691 12908
2691 225 12908
14277 4909 13680
4909 13680 14277
13680 4909 14277
4040 2312 3100
3100 2312 4040
2312 3100 4040
6394 4241 10776
10776 4241 6394
4241 6394 10776
2201 877 1629
877 1629 2201
1629 877 2201
7438 8687 12447
12447 7438 8687
8687 7438 12447
3674 3362 3485
3362 3485 3674
3485 3362 3674
14522 8241 8554
8241 8554 14522
8554 8241 14522
10288 11335 14982
14982 10288 11335
11335 10288 14982
13586 10486 12965
12965 10486 13586
10486 12965 13586
9356 6110 14897
14897 6110 9356
6110 9356 14897
9207 9892 14891
14891 9207 9892
9892 9207 14891
6801 10157 14736
10157 6801 14736
14736 6801 10157
6782 6098 8708
6098 6782 8708
8708 6098 6782
10558 8689 8870
8689 8870 10558
8870 8689 10558
7105 344 10463
344 7105 10463
10463 344 7105
8575 5335 8133
5335 8133 8575
8133 5335 8575
3920 8791 9405
9405 3920 8791
8791 3920 9405
12385 1035 4320
1035 4320 12385
4320 1035 12385
1870 3072 6036
6036 1870 3072
3072 1870 6036
6343 5594 11169
11169 5594 6343
5594 6343 11169
13285 4702 11120
4702 11120 13285
11120 4702 13285
8145 1277 2406
1277 2406 8145
2406 1277 8145
247 2012 3780
2012 247 3780
3780 247 2012
1209 850 5216
850 1209 5216
5216 850 1209
6132 9054 12381
12381 6132 9054
9054 6132 12381
2411 7421 9672
9672 2411 7421
7421 2411 9672
11625 11702 13675
11702 11625 13675
13675 11625 11702
2706 5016 5836
5016 2706 5836
5836 2706 5016
17 7778 14627
14627 17 7778
7778 17 14627
4460 11111 14999
14999 4460 11111
11111 4460 14999
6302 3123 4555
3123 4555 6302
4555 3123 6302
11429 5998 8215
5998 8215 11429
8215 5998 11429
11539 2627 11372
11372 2627 11539
2627 11372 11539
7871 6764 13808
13808 6764 7871
6764 7871 13808
357 9898 13201
13201 357 9898
9898 357 13201
5808 472 3420
472 3420 5808
3420 472 5808
7987 3594 10838
3594 7987 10838
10838 3594 7987
6791 5846 6863
5846 6791 6863
6863 5846 6791
3128 326 4381
326 3128 4381
4381 326 3128
8128 1603 10072
1603 8128 10072
10072 1603 8128
10742 2268 4146
2268 4146 10742
4146 2268 10742
11717 6193 10181
10181 6193 11717
6193 10181 11717
521 5514 14406
5514 521 14406
14406 521 5514
6923 9209 9886
9886 6923 9209
9209 6923 9886
9791 989 3936
3936 989 9791
989 3936 9791
14961 3586 10178
10178 3586 14961
3586 10178 14961
1411 12610 14770
14770 1411 12610
12610 1411 14770
8236 2027 14412
14412 2027 8236
2027 8236 14412
1200 6603 14812
14812 1200 6603
6603 1200 14812
10645 13356 13359
13359 10645 13356
13356 10645 13359
13269 2346 11579
2346 11579 13269
11579 2346 13269
2410 4897 13151
13151 2410 4897
4897 2410 13151
13897 11992 13319
13319 11992 13897
11992 13319 13897
6662 202 6635
202 6635 6662
6635 202 6662
3669 828 2848
2848 828 3669
828 2848 3669
13085 7713 8096
8096 7713 13085
7713 8096 13085
8616 4967 11339
11339 4967 8616
4967 8616 11339
12975 1652 8025
1652 8025 12975
8025 1652 12975
7140 1123 9596
9596 1123 7140
1123 7140 9596
5128 365 6300
365 5128 6300
6300 365 5128
690 6967 10940
6967 690 10940
10940 690 6967
7403 8436 13999
8436 7403 13999
13999 7403 8436
4096 275 10622
10622 275 4096
275 4096 10622
11336 6022 11349
6022 11336 11349
11349 6022 11336
12959 1408 8556
1408 8556 12959
8556 1408 12959
995 846 10813
10813 846 995
846 995 10813
11925 4583 9616
9616 4583 11925
4583 9616 11925
6337 2039 6185
6185 2039 6337
2039 6185 6337
6200 1475 8457
8457 1475 6200
1475 6200 8457
13705 292 3591
3591 292 13705
292 3591 13705
4323 217 13234
13234 217 4323
217 4323 13234
8015 1130 13804
13804 1130 8015
1130 8015 13804
12298 834 5212
834 5212 12298
5212 834 12298
5745 687 14419
687 5745 14419
14419 687 5745
3176 257 3823
3823 257 3176
257 3176 3823
1715 1720 9885
9885 1715 1720
1720 1715 9885
9118 8604 14756
8604 9118 14756
14756 8604 9118
5534 4085 8901
8901 4085 5534
4085 5534 8901
9227 1670 12190
12190 1670 9227
1670 9227 12190
2873 5363 9813
9813 2873 5363
5363 2873 9813
2072 4953 7984
7984 2072 4953
4953 2072 7984
12291 6028 12170
6028 12170 12291
12170 6028 12291
13084 7307 9815
7307 9815 13084
9815 7307 13084
8307 581 4371
4371 581 8307
581 4371 8307
1443 1076 7990
1076 1443 7990
7990 1076 1443
6448 10690 12142
12142 6448 10690
10690 6448 12142
3084 1250 14312
14312 1250 3084
1250 3084 14312
2814 2831 12506
2831 2814 12506
12506 2814 2831
10404 8021 11211
8021 10404 11211
11211 8021 10404
9174 3817 11073
11073 3817 9174
3817 9174 11073
9283 4032 14543
4032 9283 14543
14543 4032 9283
7662 12121 12348
12121 7662 12348
12348 7662 12121
11122 7340 14195
14195 7340 11122
7340 11122 14195
1925 931 7751
931 1925 7751
7751 931 1925
14538 1678 1747
1747 1678 14538
1678 1747 14538
9937 1371 2194
2194 1371 9937
1371 2194 9937
7601 605 2011
2011 605 7601
605 2011 7601
4306 395 14182
395 4306 14182
14182 395 4306
8479 12182 14158
12182 8479 14158
14158 8479 12182
12759 2372 6378
2372 6378 12759
6378 2372 12759
409 11013 12458
11013 409 12458
12458 409 11013
9752 6694 14430
14430 6694 9752
6694 9752 14430
3903 11563 11834
11834 3903 11563
11563 3903 11834
8225 748 9197
9197 748 8225
748 8225 9197
1975 115 1758
1758 115 1975
115 1758 1975
5360 2460 6743
2460 5360 6743
6743 2460 5360
5225 4645 12280
4645 5225 12280
12280 4645 5225
6315 8262 10756
8262 6315 10756
10756 6315 8262
11589 113 14959
14959 113 11589
113 11589 14959
11463 3228 14808
3228 11463 14808
14808 3228 11463
11102 6507 7538
6507 7538 11102
7538 6507 11102
413 6653 9571
6653 413 9571
9571 413 6653
939 3808 6597
6597 939 3808
3808 939 6597
5001 7947 8314
8314 5001 7947
7947 5001 8314
8787 7774 9120
9120 7774 8787
7774 8787 9120
11629 6067 13719
13719 6067 11629
6067 11629 13719
9144 3607 6377
6377 3607 9144
3607 6377 9144
11222 245 6267
245 6267 11222
6267 245 11222
8670 117 5125
117 5125 8670
5125 117 8670
6435 6342 7313
6342 6435 7313
7313 6342 6435
3043 1947 13850
1947 3043 13850
13850 1947 3043
5967 738 6964
6964 738 5967
738 5967 6964
10123 7630 14033
14033 7630 10123
7630 10123 14033
4267 5049 6520
5049 4267 6520
6520 4267 5049
9108 6890 10585
10585 6890 9108
6890 9108 10585
7620 7543 12541
12541 7543 7620
7543 7620 12541
2754 7817 13616
7817 2754 13616
13616 2754 7817
5680 11786 14550
11786 5680 14550
14550 5680 11786
7961 6357 8175
8175 6357 7961
6357 7961 8175
2164 6686 9422
6686 2164 9422
9422 2164 6686
9308 1309 4377
1309 4377 9308
4377 1309 9308
5495 5536 11807
5536 5495 11807
11807 5495 5536
3641 7611 8898
7611 3641 8898
8898 3641 7611
6535 3218 10383
3218 6535 10383
10383 3218 6535
1480 2702 6585
6585 1480 2702
2702 1480 6585
12850 1066 4348
1066 4348 12850
4348 1066 12850
3302 5237 8413
5237 3302 8413
8413 3302 5237
1823 3910 4754
4754 1823 3910
3910 1823 4754
10752 9707 9961
9707 9961 10752
9961 9707 10752
5867 6866 12573
12573 5867 6866
6866 5867 12573
3262 6441 12296
6441 3262 12296
12296 3262 6441
13526 3139 3314
3314 3139 13526
3139 3314 13526
5771 1114 7541
1114 5771 7541
7541 1114 5771
9670 2842 9355
2842 9355 9670
9355 2842 9670
2274 7519 13228
13228 2274 7519
7519 2274 13228
3315 4198 14348
4198 3315 14348
14348 3315 4198
8722 7424 13605
7424 8722 13605
13605 7424 8722
2958 1166 9278
1166 2958 9278
9278 1166 2958
494 1010 3787
1010 494 3787
3787 494 1010
4988 6093 11705
11705 4988 6093
6093 4988 11705
5130 1452 5968
5968 1452 5130
1452 5130 5968
3231 7236 10624
7236 3231 10624
10624 3231 7236
7418 6993 10390
10390 6993 7418
6993 7418 10390
6278 3570 5975
5975 3570 6278
3570 5975 6278
6251 3689 8711
8711 3689 6251
3689 6251 8711
14578 7406 11894
11894 7406 14578
7406 11894 14578
5371 4950 10261
10261 4950 5371
4950 5371 10261
2656 7467 7717
7467 2656 7717
7717 2656 7467
8012 7756 10153
7756 8012 10153
10153 7756 8012
1159 4261 7042
4261 1159 7042
7042 1159 4261
82 3576 13044
13044 82 3576
3576 82 13044
13759 7516 7866
7516 7866 13759
7866 7516 13759
13187 263 6839
263 6839 13187
6839 263 13187
9914 8535 13339
8535 9914 13339
13339 8535 9914
8114 3677 5387
5387 3677 8114
3677 5387 8114
12263 7431 10260
7431 10260 12263
10260 7431 12263
7956 2308 9319
2308 7956 9319
9319 2308 7956
14403 11817 12633
12633 11817 14403
11817 12633 14403
8619 3490 8275
8275 3490 8619
3490 8275 8619
12297 234 13856
13856 234 12297
234 12297 13856
14809 3625 13562
3625 13562 14809
13562 3625 14809
6528 2916 9452
9452 2916 6528
2916 6528 9452
1190 3030 6824
6824 1190 3030
3030 1190 6824
6090 1859 14988
1859 6090 14988
14988 1859 6090
11130 8738 13016
8738 11130 13016
13016 8738 11130
4607 2862 4877
4877 2862 4607
2862 4607 4877
3760 10236 10945
10945 3760 10236
10236 3760 10945
13461 4140 10490
4140 10490 13461
10490 4140 13461
785 13022 13497
13497 785 13022
13022 785 13497
10555 6750 13585
6750 10555 13585
13585 6750 10555
9239 12703 14400
12703 9239 14400
14400 9239 12703
9807 5246 11727
5246 9807 11727
11727 5246 9807
9148 6820 14362
6820 9148 14362
14362 6820 9148
7889 3540 6570
6570 3540 7889
3540 6570 7889
12270 3959 7884
7884 3959 12270
3959 7884 12270
13431 6395 11411
11411 6395 13431
6395 11411 13431
991 2808 6059
2808 991 6059
6059 991 2808
4388 4582 11656
4582 4388 11656
11656 4388 4582
486 144 6972
144 486 6972
6972 144 486
13432 8651 9200
9200 8651 13432
8651 9200 13432
1307 1333 14675
14675 1307 1333
1333 1307 14675
2657 6574 10719
10719 2657 6574
6574 2657 10719
13565 3227 11221
11221 3227 13565
3227 11221 13565
10060 7385 12094
7385 10060 12094
12094 7385 10060
9685 1938 4499
1938 4499 9685
4499 1938 9685
12758 23 9932
9932 23 12758
23 9932 12758
7232 4891 11630
11630 4891 7232
4891 7232 11630
2288 9487 10111
10111 2288 9487
9487 2288 10111
12715 6883 10552
6883 10552 12715
10552 6883 12715
1548 4428 5189
5189 1548 4428
4428 1548 5189
13504 6088 6094
6094 6088 13504
6088 6094 13504
14038 2662 13898
13898 2662 14038
2662 13898 14038
4060 315 7763
315 4060 7763
7763 315 4060
4345 1549 8239
1549 4345 8239
8239 1549 4345
1693 2968 7112
7112 1693 2968
2968 1693 7112
6035 6317 12722
12722 6035 6317
6317 6035 12722
3872 11513 11921
11513 3872 11921
11921 3872 11513
14095 9524 12210
9524 12210 14095
12210 9524 14095
12392 9428 10684
10684 9428 12392
9428 10684 12392
579 1151 13553
1151 579 13553
13553 579 1151
12939 4506 12543
4506 12543 12939
12543 4506 12939
13559 1146 14161
1146 13559 14161
14161 1146 13559
7491 5356 5505
5356 5505 7491
5505 5356 7491
5903 1896 9180
1896 5903 9180
9180 1896 5903
13581 7682 10968
7682 10968 13581
10968 7682 13581
105 12454 14171
14171 105 12454
12454 105 14171
13977 7721 13441
13441 7721 13977
7721 13441 13977
3044 4806 5080
4806 3044 5080
5080 3044 4806
2452 1928 7999
7999 1928 2452
1928 2452 7999
3680 1869 2567
2567 1869 3680
1869 2567 3680
14815 1026 7213
1026 7213 14815
7213 1026 14815
11934 5755 14622
14622 5755 11934
5755 11934 14622
4774 6400 13718
13718 4774 6400
6400 4774 13718
810 1065 2080
1065 810 2080
2080 810 1065
4980 4721 14625
14625 4721 4980
4721 4980 14625
2466 2522 8624
2522 2466 8624
8624 2466 2522
10138 9086 13617
9086 10138 13617
13617 9086 10138
10850 2006 7414
2006 7414 10850
7414 2006 10850
12891 2650 8969
2650 8969 12891
8969 2650 12891
5702 1388 2235
2235 1388 5702
1388 2235 5702
3425 236 893
236 893 3425
893 236 3425
4955 4668 4843
4668 4843 4955
4843 4668 4955
3720 1105 8970
8970 1105 3720
1105 3720 8970
229 6525 14716
6525 229 14716
14716 229 6525
6855 3154 8948
8948 3154 6855
3154 6855 8948
11376 2122 7151
2122 7151 11376
7151 2122 11376
13304 10444 11858
11858 10444 13304
10444 11858 13304
5248 1266 4764
1266 4764 5248
4764 1266 5248
5050 9969 12091
9969 5050 12091
12091 5050 9969
6216 1192 14886
14886 1192 6216
1192 6216 14886
11725 9501 9823
9823 9501 11725
9501 9823 11725
13035 9568 12174
12174 9568 13035
9568 12174 13035
13484 6931 13953
13953 6931 13484
6931 13484 13953
1043 6572 12516
6572 1043 12516
12516 1043 6572
5328 824 11714
11714 824 5328
824 5328 11714
4037 349 3307
349 3307 4037
3307 349 4037
884 355 1487
355 884 1487
1487 355 884
11413 5679 13608
13608 5679 11413
5679 11413 13608
12068 5978 10187
10187 5978 12068
5978 10187 12068
14890 4204 9100
4204 9100 14890
9100 4204 14890
587 7675 9131
9131 587 7675
7675 587 9131
13737 68 10814
68 10814 13737
10814 68 13737
7172 8337 10873
10873 7172 8337
8337 7172 10873
10600 5473 10454
5473 10454 10600
10454 5473 10600
7360 1580 14324
1580 7360 14324
14324 1580 7360
11758 4206 14405
14405 4206 11758
4206 11758 14405
5415 623 4503
4503 623 5415
623 4503 5415
14297 9564 9874
9564 9874 14297
9874 9564 14297
8623 26 2301
26 2301 8623
2301 26 8623
7729 7808 10456
7808 7729 10456
10456 7729 7808
6613 7975 14873
7975 6613 14873
14873 6613 7975
12883 1127 10045
1127 10045 12883
10045 1127 12883
8642 367 10343
367 8642 10343
10343 367 8642
6013 7764 9107
9107 6013 7764
7764 6013 9107
12351 8909 9656
8909 9656 12351
9656 8909 12351
4904 3020 13321
13321 3020 4904
3020 4904 13321
474 7542 13298
13298 474 7542
7542 474 13298
4008 5512 7370
7370 4008 5512
5512 4008 7370
6618 4397 14293
14293 4397 6618
4397 6618 14293
8983 841 3197
3197 841 8983
841 3197 8983
11933 827 12397
827 11933 12397
12397 827 11933
322 1627 5452
1627 322 5452
5452 322 1627
2183 1464 5676
5676 1464 2183
1464 2183 5676
7060 3611 7070
3611 7060 7070
7070 3611 7060
1875 11806 11897
11806 1875 11897
11897 1875 11806
14882 8903 12095
12095 8903 14882
8903 12095 14882
5103 1539 9134
9134 1539 5103
1539 5103 9134
10498 10793 11046
11046 10498 10793
10793 10498 11046
11531 3232 6274
6274 3232 11531
3232 6274 11531
11427 3913 12723
3913 11427 12723
12723 3913 11427
8473 6578 11410
11410 6578 8473
6578 8473 11410
11614 5344 6775
5344 6775 11614
6775 5344 11614
7420 3244 13551
13551 3244 7420
3244 7420 13551
11952 1217 9938
1217 9938 11952
9938 1217 11952
13615 2843 12193
12193 2843 13615
2843 12193 13615
1647 1158 13146
13146 1158 1647
1158 1647 13146
752 1057 12136
1057 752 12136
12136 752 1057
10208 2581 10718
10718 2581 10208
2581 10208 10718
13735 319 9093
9093 319 13735
319 9093 13735
8352 9663 14123
14123 8352 9663
9663 8352 14123
11118 12319 14192
12319 11118 14192
14192 11118 12319
9824 118 1759
118 1759 9824
1759 118 9824
8894 6981 11796
11796 6981 8894
6981 8894 11796
14127 2033 6641
6641 2033 14127
2033 6641 14127
14975 1786 3481
1786 3481 14975
3481 1786 14975
8362 5952 13123
5952 8362 13123
13123 5952 8362
2644 8877 10200
8877 2644 10200
10200 2644 8877
438 9312 10727
10727 438 9312
9312 438 10727
4935 3339 14107
14107 3339 4935
3339 4935 14107
11668 9691 13967
13967 9691 11668
9691 11668 13967
5800 1661 14932
1661 5800 14932
14932 1661 5800
4715 7531 11265
11265 4715 7531
7531 4715 11265
6438 9655 11750
11750 6438 9655
9655 6438 11750
13346 549 9436
9436 549 13346
549 9436 13346
4030 4621 7900
4621 4030 7900
7900 4030 4621
7002 2275 12692
12692 2275 7002
2275 7002 12692
4327 9542 14115
14115 4327 9542
9542 4327 14115
12655 6636 11096
6636 11096 12655
11096 6636 12655
9585 3509 10473
10473 3509 9585
3509 9585 10473
12394 5469 9098
5469 9098 12394
9098 5469 12394
6566 3050 14236
14236 3050 6566
3050 6566 14236
12166 9650 11196
11196 9650 12166
9650 11196 12166
651 12922 14561
12922 651 14561
14561 651 12922
10765 262 3612
3612 262 10765
262 3612 10765
11780 8180 10439
10439 8180 11780
8180 10439 11780
7085 7269 13597
13597 7085 7269
7269 7085 13597
8191 328 5352
328 5352 8191
5352 328 8191
12831 1390 9918
1390 9918 12831
9918 1390 12831
1840 5092 9837
9837 1840 5092
5092 1840 9837
13641 6753 11328
11328 6753 13641
6753 11328 13641
13 7883 10195
7883 13 10195
10195 13 7883
8511 9668 14687
9668 8511 14687
14687 8511 9668
11669 6901 7651
7651 6901 11669
6901 7651 11669
6480 3450 5147
3450 5147 6480
5147 3450 6480
9136 4493 8223
8223 4493 9136
4493 8223 9136
6715 1999 9625
9625 1999 6715
1999 6715 9625
14869 3457 13884
3457 13884 14869
13884 3457 14869
3763 5060 10543
5060 3763 10543
10543 3763 5060
9171 7293 14360
14360 7293 9171
7293 9171 14360
11675 7214 9047
9047 7214 11675
7214 9047 11675
6066 3479 12183
3479 6066 12183
12183 3479 6066
6706 1861 5718
1861 5718 6706
5718 1861 6706
2384 108 11465
108 2384 11465
11465 108 2384
9756 80 5916
80 5916 9756
5916 80 9756
12129 5995 14448
5995 12129 14448
14448 5995 12129
380 7876 9472
7876 380 9472
9472 380 7876
12402 13160 14254
14254 12402 13160
13160 12402 14254
3545 2935 7548
2935 3545 7548
7548 2935 3545
12775 887 8430
887 8430 12775
8430 887 12775
10022 1269 2386
2386 1269 10022
1269 2386 10022
3366 512 13787
13787 512 3366
512 3366 13787
3364 12637 14934
12637 3364 14934
14934 3364 12637
4129 2429 10975
10975 2429 4129
2429 4129 10975
2768 1789 12816
12816 1789 2768
1789 2768 12816
10926 4958 9747
9747 4958 10926
4958 9747 10926
5487 2269 9699
9699 2269 5487
2269 5487 9699
9260 600 4394
4394 600 9260
600 4394 9260
7194 2366 8993
2366 7194 8993
8993 2366 7194
2690 10033 13460
13460 2690 10033
10033 2690 13460
11700 5374 7873
7873 5374 11700
5374 7873 11700
1121 7364 7985
7985 1121 7364
7364 1121 7985
8942 2035 10944
10944 2035 8942
2035 8942 10944
13362 11761 12732
12732 11761 13362
11761 12732 13362
7464 3070 3533
3533 3070 7464
3070 3533 7464
2311 778 8546
778 2311 8546
8546 778 2311
9214 6194 13809
6194 9214 13809
13809 6194 9214
4167 75 3988
3988 75 4167
75 3988 4167
6437 516 12318
516 6437 12318
12318 516 6437
14679 10935 13510
13510 10935 14679
10935 13510 14679
5175 4827 11074
11074 4827 5175
4827 5175 11074
5678 2983 6286
6286 2983 5678
2983 5678 6286
12265 9251 13795
13795 9251 12265
9251 12265 13795
13161 2442 9630
2442 9630 13161
9630 2442 13161
10097 2526 12955
2526 10097 12955
12955 2526 10097
8468 3623 11975
3623 8468 11975
11975 3623 8468
210 3015 14455
14455 210 3015
3015 210 14455
7147 4882 7858
4882 7147 7858
7858 4882 7147
7415 2145 8429
8429 2145 7415
2145 7415 8429
9005 5645 7262
5645 7262 9005
7262 5645 9005
3938 11820 12117
12117 3938 11820
11820 3938 12117
13753 4143 14359
4143 13753 14359
14359 4143 13753
10986 1202 4087
4087 1202 10986
1202 4087 10986
12946 4913 7592
7592 4913 12946
4913 7592 12946
2428 6040 11510
6040 2428 11510
11510 2428 6040
5382 859 863
863 859 5382
859 863 5382
8376 873 4009
4009 873 8376
873 4009 8376
4205 4139 13816
13816 4139 4205
4139 4205 13816
1844 4070 4478
4478 1844 4070
4070 1844 4478
11785 12342 12820
12342 11785 12820
12820 11785 12342
13772 4568 6529
4568 6529 13772
6529 4568 13772
9058 4869 7102
4869 7102 9058
7102 4869 9058
958 10394 10528
10394 958 10528
10528 958 10394
9195 7319 11420
11420 7319 9195
7319 9195 11420
10860 2965 7942
7942 2965 10860
2965 7942 10860
5211 788 10308
788 5211 10308
10308 788 5211
3565 2672 13564
13564 2672 3565
2672 3565 13564
9887 1350 10799
10799 1350 9887
1350 9887 10799
12888 2010 3222
3222 2010 12888
2010 3222 12888
3067 1761 9858
1761 3067 9858
9858 1761 3067
905 5824 6334
5824 905 6334
6334 905 5824
11460 2421 8446
2421 8446 11460
8446 2421 11460
6078 6568 6624
6568 6078 6624
6624 6078 6568
3702 6017 10864
6017 3702 10864
10864 3702 6017
11634 4014 13086
4014 11634 13086
13086 4014 11634
8884 10895 14203
10895 8884 14203
14203 8884 10895
9289 94 5917
94 5917 9289
5917 94 9289
6805 8760 14789
8760 6805 14789
14789 6805 8760
7304 5184 7208
5184 7208 7304
7208 5184 7304
3592 8513 13780
8513 3592 13780
13780 3592 8513
2780 4742 10571
10571 2780 4742
4742 2780 10571
8251 2560 6541
2560 6541 8251
6541 2560 8251
10993 4119 14270
14270 4119 10993
4119 10993 14270
6659 7540 12874
12874 6659 7540
7540 6659 12874
7119 5785 9485
9485 5785 7119
5785 7119 9485
11079 3121 9654
9654 3121 11079
3121 9654 11079
9590 3866 6398
3866 6398 9590
6398 3866 9590
4760 1532 3167
3167 1532 4760
1532 3167 4760
10942 7009 9036
9036 7009 10942
7009 9036 10942
13903 5893 13635
13635 5893 13903
5893 13635 13903
12531 6797 13416
6797 12531 13416
13416 6797 12531
5805 7290 14369
14369 5805 7290
7290 5805 14369
2472 2206 13208
13208 2206 2472
2206 2472 13208
9970 3062 14656
14656 3062 9970
3062 9970 14656
342 7077 14319
7077 342 14319
14319 342 7077
7075 2756 14466
14466 2756 7075
2756 7075 14466
5000 4741 5879
5879 4741 5000
4741 5000 5879
473 4654 12359
12359 473 4654
4654 473 12359
2822 1762 3918
1762 2822 3918
3918 1762 2822
11649 2047 11048
2047 11048 11649
11048 2047 11649
11113 10537 13446
13446 10537 11113
10537 11113 13446
7038 5605 8451
5605 7038 8451
8451 5605 7038
43 5002 9326
5002 43 9326
9326 43 5002
10109 6740 11025
11025 6740 10109
6740 10109 11025
7660 7955 8845
8845 7660 7955
7955 7660 8845
6104 4780 9548
9548 4780 6104
4780 6104 9548
8810 5440 11590
5440 8810 11590
11590 5440 8810
14857 2077 13142
2077 13142 14857
13142 2077 14857
5159 4628 13261
13261 4628 5159
4628 5159 13261
12796 7155 8805
7155 8805 12796
8805 7155 12796
14364 9314 14905
9314 14364 14905
14905 9314 14364
9383 8039 9315
9315 8039 9383
8039 9315 9383
11799 871 5375
5375 871 11799
871 5375 11799
1246 6087 8481
6087 1246 8481
8481 1246 6087
14208 7259 9401
7259 9401 14208
9401 7259 14208
705 4383 13710
4383 705 13710
13710 705 4383
14453 11696 12024
11696 12024 14453
12024 11696 14453
3413 4318 11178
4318 3413 11178
11178 3413 4318
4828 3032 7168
3032 4828 7168
7168 3032 4828
9495 8250 9332
9332 8250 9495
8250 9332 9495
7814 879 6134
879 6134 7814
6134 879 7814
7289 5904 10770
5904 7289 10770
10770 5904 7289
6974 6755 9570
9570 6755 6974
6755 6974 9570
3803 4192 8493
8493 3803 4192
4192 3803 8493
12322 4180 11364
4180 11364 12322
11364 4180 12322
7271 8674 8879
8879 7271 8674
8674 7271 8879
13984 3398 9909
3398 9909 13984
9909 3398 13984
6697 749 895
749 895 6697
895 749 6697
2940 280 10583
280 2940 10583
10583 280 2940
3463 4525 8023
8023 3463 4525
4525 3463 8023
8954 1204 12841
1204 8954 12841
12841 1204 8954
4710 4251 10053
10053 4251 4710
4251 4710 10053
1055 93 10808
10808 93 1055
93 1055 10808
9522 4946 14916
14916 4946 9522
4946 9522 14916
11298 2463 6628
2463 6628 11298
6628 2463 11298
3376 5891 7389
5891 3376 7389
7389 3376 5891
9274 11107 12762
12762 9274 11107
11107 9274 12762
754 10224 14423
10224 754 14423
14423 754 10224
10431 665 11970
665 10431 11970
11970 665 10431
986 10010 11076
11076 986 10010
10010 986 11076
906 11456 11772
11456 906 11772
11772 906 11456
8283 2482 13875
2482 8283 13875
13875 2482 8283
11464 7069 14780
14780 7069 11464
7069 11464 14780
913 2589 12868
2589 913 12868
12868 913 2589
14451 2879 8576
8576 2879 14451
2879 8576 14451
7171 9709 12768
12768 7171 9709
9709 7171 12768
3759 1288 11882
1288 3759 11882
11882 1288 3759
4666 969 6794
6794 969 4666
969 4666 6794
9155 2658 13622
2658 9155 13622
13622 2658 9155
1428 11193 11987
11193 1428 11987
11987 1428 11193
5403 7708 11978
11978 5403 7708
7708 5403 11978
8438 1466 9731
9731 1466 8438
1466 8438 9731
14521 8295 9505
9505 8295 14521
8295 9505 14521
7374 1381 13088
1381 7374 13088
13088 1381 7374
5477 3947 6850
6850 3947 5477
3947 5477 6850
3122 5070 9014
9014 3122 5070
5070 3122 9014
6878 1374 10447
10447 1374 6878
1374 6878 10447
13874 5315 11158
11158 5315 13874
5315 11158 13874
1412 7256 12670
7256 1412 12670
12670 1412 7256
13478 9 1357
9 1357 13478
1357 9 13478
2763 3596 7355
3596 2763 7355
7355 2763 3596
11977 3726 12358
3726 11977 12358
12358 3726 11977
14343 6881 13778
13778 6881 14343
6881 13778 14343
3536 6358 10095
10095 3536 6358
6358 3536 10095
2451 8503 14191
8503 2451 14191
14191 2451 8503
10493 7658 11040
11040 7658 10493
7658 10493 11040
9651 10112 13724
13724 9651 10112
10112 9651 13724
4805 1996 11345
1996 4805 11345
11345 1996 4805
3400 235 5787
235 3400 5787
5787 235 3400
14803 4613 14260
4613 14260 14803
14260 4613 14803
3038 3282 7158
7158 3038 3282
3282 3038 7158
7022 6312 11756
11756 6312 7022
6312 7022 11756
8207 4212 5402
5402 4212 8207
4212 5402 8207
9103 5749 9947
9947 5749 9103
5749 9103 9947
4054 1075 13485
13485 1075 4054
1075 4054 13485
11341 1155 6117
1155 6117 11341
6117 1155 11341
11314 5798 6281
6281 5798 11314
5798 6281 11314
3055 9022 10183
9022 3055 10183
10183 3055 9022
1544 4408 8138
8138 1544 4408
4408 1544 8138
6153 4771 7880
7880 4771 6153
4771 6153 7880
9384 7136 13643
7136 9384 13643
13643 7136 9384
14196 10903 12839
12839 10903 14196
10903 12839 14196
6326 10376 11741
10376 6326 11741
11741 6326 10376
12761 481 11333
11333 481 12761
481 11333 12761
4249 696 12308
696 4249 12308
12308 696 4249
6654 11920 14599
14599 6654 11920
11920 6654 14599
13042 8529 10185
10185 8529 13042
8529 10185 13042
3935 4612 10969
10969 3935 4612
4612 3935 10969
2473 12140 12802
12140 2473 12802
12802 2473 12140
8492 6230 7872
6230 7872 8492
7872 6230 8492
7011 4731 8131
8131 4731 7011
4731 7011 8131
3484 12438 12598
12598 3484 12438
12438 3484 12598
3001 1699 3147
1699 3001 3147
3147 1699 3001
14242 9194 14105
14105 9194 14242
9194 14105 14242
9659 3287 10580
10580 3287 9659
3287 9659 10580
7652 8055 13469
13469 7652 8055
8055 7652 13469
5516 3111 9511
3111 5516 9511
9511 3111 5516
7862 11652 13924
13924 7862 11652
11652 7862 13924
4252 928 2306
928 2306 4252
2306 928 4252
10934 672 11526
672 10934 11526
11526 672 10934
5062 7853 10560
7853 5062 10560
10560 5062 7853
3608 5874 12921
12921 3608 5874
5874 3608 12921
11123 980 6952
6952 980 11123
980 6952 11123
9187 7893 9297
7893 9187 9297
9297 7893 9187
11628 1037 6602
6602 1037 11628
1037 6602 11628
6449 1300 12708
1300 6449 12708
12708 1300 6449
11049 1611 12869
12869 1611 11049
1611 11049 12869
4452 276 12181
276 4452 12181
12181 276 4452
8122 1716 4404
1716 4404 8122
4404 1716 8122
9189 3791 3816
3816 3791 9189
3791 3816 9189
1051 4945 10856
4945 1051 10856
10856 1051 4945
11993 423 6155
423 6155 11993
6155 423 11993
14100 3151 10145
10145 3151 14100
3151 10145 14100
14867 10997 13418
13418 10997 14867
10997 13418 14867
11640 2668 14565
14565 2668 11640
2668 11640 14565
3793 5361 8212
5361 3793 8212
8212 3793 5361
9361 573 8181
573 8181 9361
8181 573 9361
14134 6121 12244
12244 6121 14134
6121 12244 14134
1680 2986 8895
8895 1680 2986
2986 1680 8895
12278 408 1424
408 1424 12278
1424 408 12278
12895 14425 14761
14425 12895 14761
14761 12895 14425
10759 1713 3451
3451 1713 10759
1713 3451 10759
14167 621 4075
621 4075 14167
4075 621 14167
5942 2189 14904
14904 2189 5942
2189 5942 14904
2785 988 10720
988 2785 10720
10720 988 2785
12971 2139 6063
2139 6063 12971
6063 2139 12971
8335 2556 5149
2556 5149 8335
5149 2556 8335
499 6313 12220
6313 499 12220
12220 499 6313
11555 9673 12910
9673 11555 12910
12910 9673 11555
2630 6539 9133
6539 2630 9133
9133 2630 6539
8299 1454 10075
1454 8299 10075
10075 1454 8299
8060 4112 10310
10310 4112 8060
4112 8060 10310
8968 620 13934
620 8968 13934
13934 620 8968
5346 10646 11813
10646 5346 11813
11813 5346 10646
11508 4474 11602
11602 4474 11508
4474 11508 11602
14706 2979 7338
7338 2979 14706
2979 7338 14706
12826 2069 7899
2069 7899 12826
7899 2069 12826
4646 9508 12932
12932 4646 9508
9508 4646 12932
4591 4137 11838
4137 4591 11838
11838 4137 4591
7128 837 6707
837 6707 7128
6707 837 7128
4624 2304 8628
8628 2304 4624
2304 4624 8628
1863 1673 4418
4418 1673 1863
1673 1863 4418
11367 11779 13600
13600 11367 11779
11779 11367 13600
4157 3243 12564
3243 4157 12564
12564 3243 4157
12417 12264 14783
12264 12417 14783
14783 12264 12417
8392 7450 10902
10902 7450 8392
7450 8392 10902
9043 4697 10939
4697 9043 10939
10939 4697 9043
296 5145 11711
5145 296 11711
11711 296 5145
2603 4859 7657
4859 2603 7657
7657 2603 4859
12434 2813 7790
2813 7790 12434
7790 2813 12434
11699 575 10897
575 10897 11699
10897 575 11699
11231 1063 1368
1063 1368 11231
1368 1063 11231
978 2758 13882
13882 978 2758
2758 978 13882
5038 5919 10126
10126 5038 5919
5919 5038 10126
11681 714 4981
4981 714 11681
714 4981 11681
12472 4719 5308
4719 5308 12472
5308 4719 12472
4831 1935 12738
12738 1935 4831
1935 4831 12738
13822 5854 14089
5854 13822 14089
14089 5854 13822
2356 5312 6261
5312 2356 6261
6261 2356 5312
9465 5174 7631
5174 7631 9465
7631 5174 9465
10017 5105 10342
5105 10017 10342
10342 5105 10017
14881 8220 13046
13046 8220 14881
8220 13046 14881
6632 7416 14102
7416 6632 14102
14102 6632 7416
9797 28 7879
28 7879 9797
7879 28 9797
7518 447 10970
10970 447 7518
447 7518 10970
5700 13224 14007
14007 5700 13224
13224 5700 14007
11643 451 13923
451 11643 13923
13923 451 11643
4386 4508 6928
4508 4386 6928
6928 4386 4508
13868 5993 9794
9794 5993 13868
5993 9794 13868
4834 4701 10335
4701 4834 10335
10335 4701 4834
1053 8146 10169
8146 1053 10169
10169 1053 8146
1327 9789 11784
9789 1327 11784
11784 1327 9789
6804 3686 7887
3686 6804 7887
7887 3686 6804
4160 8794 9323
8794 4160 9323
9323 4160 8794
2296 4703 8378
4703 2296 8378
8378 2296 4703
10812 5923 14283
5923 10812 14283
14283 5923 10812
14497 5939 14695
5939 14497 14695
14695 5939 14497
5687 3873 10028
3873 5687 10028
10028 3873 5687
221 9151 9917
9151 221 9917
9917 221 9151
3896 4620 6617
4620 3896 6617
6617 3896 4620
9393 176 12689
176 9393 12689
12689 176 9393
12882 13862 14766
14766 12882 13862
13862 12882 14766
8221 1407 14922
1407 8221 14922
14922 1407 8221
2078 274 11199
11199 274 2078
274 2078 11199
13488 6916 11822
6916 11822 13488
11822 6916 13488
7496 1242 7405
1242 7405 7496
7405 1242 7496
8370 2438 11641
2438 8370 11641
11641 2438 8370
2844 2280 7941
7941 2280 2844
2280 2844 7941
13547 4172 12029
4172 12029 13547
12029 4172 13547
1768 3137 4732
3137 1768 4732
4732 1768 3137
10232 2405 13704
13704 2405 10232
2405 10232 13704
332 2946 12645
2946 332 12645
12645 332 2946
8069 3061 8038
3061 8038 8069
8038 3061 8069
7393 6557 13878
13878 6557 7393
6557 7393 13878
8840 8853 8908
8853 8840 8908
8908 8840 8853
9644 10125 13798
13798 9644 10125
10125 9644 13798
10268 3107 3178
3178 3107 10268
3107 3178 10268
11353 3106 7250
3106 7250 11353
7250 3106 11353
6055 5015 12835
12835 5015 6055
5015 6055 12835
12285 7648 9820
9820 7648 12285
7648 9820 12285
10643 5086 5748
5086 5748 10643
5748 5086 10643
