149432 22703 44479
44479 22703 149432
22703 44479 149432
141419 81108 142100
142100 81108 141419
81108 141419 142100
50159 82040 90698
82040 50159 90698
90698 50159 82040
131633 43164 97265
43164 97265 131633
97265 43164 131633
9940 40567 43837
40567 9940 43837
43837 9940 40567
142113 23846 123133
23846 123133 142113
123133 23846 142113
35928 68636 111418
68636 35928 111418
111418 35928 68636
60172 93965 130261
130261 60172 93965
93965 60172 130261
142609 12090 115406
115406 12090 142609
12090 115406 142609
131653 8576 23603
23603 8576 131653
8576 23603 131653
42583 16000 21356
16000 21356 42583
21356 16000 42583
9151 2450 44512
2450 9151 44512
44512 2450 9151
74123 94221 102779
102779 74123 94221
94221 74123 102779
62802 17731 44294
17731 44294 62802
44294 17731 62802
49201 42887 121410
121410 42887 49201
42887 49201 121410
62643 87702 89230
89230 62643 87702
87702 62643 89230
54116 59645 107522
59645 54116 107522
107522 54116 59645
7209 19 30467
19 7209 30467
30467 19 7209
43898 4314 95309
95309 4314 43898
4314 43898 95309
51926 130576 144173
144173 51926 130576
130576 51926 144173
26945 14172 141451
14172 26945 141451
141451 14172 26945
106299 38992 119898
38992 106299 119898
119898 38992 106299
11398 59576 148628
148628 11398 59576
59576 11398 148628
27191 10058 29124
10058 27191 29124
29124 10058 27191
10016 21009 93827
21009 10016 93827
93827 10016 21009
56869 7523 84691
7523 56869 84691
84691 7523 56869
55133 71557 79658
79658 55133 71557
71557 55133 79658
28388 22747 103469
22747 28388 103469
103469 22747 28388
121677 92197 106878
106878 92197 121677
92197 106878 121677
99360 17837 124693
17837 99360 124693
124693 17837 99360
9112 92957 135725
135725 9112 92957
92957 9112 135725
27044 48879 87308
48879 27044 87308
87308 27044 48879
52986 21959 134616
134616 21959 52986
21959 52986 134616
22645 89171 135087
135087 22645 89171
89171 22645 135087
82010 80848 130539
130539 80848 82010
80848 82010 130539
13186 63147 125679
125679 13186 63147
63147 13186 125679
78664 55363 75872
75872 55363 78664
55363 75872 78664
136253 32169 123906
123906 32169 136253
32169 123906 136253
110548 332 55309
332 55309 110548
55309 332 110548
125530 14612 72030
72030 14612 125530
14612 72030 125530
145554 120222 128087
128087 120222 145554
120222 128087 145554
132140 53774 96258
96258 53774 132140
53774 96258 132140
143421 8239 31509
8239 31509 143421
31509 8239 143421
136254 48827 65530
65530 48827 136254
48827 65530 136254
106863 47241 81977
47241 81977 106863
81977 47241 106863
108921 24823 113156
113156 24823 108921
24823 108921 113156
92217 19013 98265
19013 92217 98265
98265 19013 92217
19378 19669 38152
38152 19378 19669
19669 19378 38152
31216 81599 144595
144595 31216 81599
81599 31216 144595
15267 96864 135697
135697 15267 96864
96864 15267 135697
45587 87888 92169
92169 45587 87888
87888 45587 92169
49929 89960 138900
89960 49929 138900
138900 49929 89960
44651 30625 44903
44903 30625 44651
30625 44651 44903
83333 137943 149124
149124 83333 137943
137943 83333 149124
137553 22021 87441
22021 87441 137553
87441 22021 137553
57103 44101 58355
44101 57103 58355
58355 44101 57103
136547 46628 84065
84065 46628 136547
46628 84065 136547
144498 16134 49758
49758 16134 144498
16134 49758 144498
142424 34960 127524
127524 34960 142424
34960 127524 142424
38227 79305 100816
79305 38227 100816
100816 38227 79305
65498 64290 81049
81049 64290 65498
64290 65498 81049
11743 41570 112454
41570 11743 112454
112454 11743 41570
113765 130986 135149
135149 113765 130986
130986 113765 135149
136552 36120 46412
36120 46412 136552
46412 36120 136552
60336 129758 138027
129758 60336 138027
138027 60336 129758
37811 13977 87807
87807 13977 37811
13977 37811 87807
38319 28852 104095
104095 28852 38319
28852 38319 104095
46441 30856 70851
30856 46441 70851
70851 30856 46441
105853 9435 47128
9435 47128 105853
47128 9435 105853
105799 24508 143222
24508 105799 143222
143222 24508 105799
93367 89067 93798
93798 89067 93367
89067 93367 93798
119666 91282 134642
91282 119666 134642
134642 91282 119666
101776 81590 136379
136379 81590 101776
81590 101776 136379
14042 93763 149680
93763 14042 149680
149680 14042 93763
122277 21342 64952
64952 21342 122277
21342 64952 122277
1822 28669 107531
107531 1822 28669
28669 1822 107531
95059 27216 91312
91312 27216 95059
27216 91312 95059
75194 70032 143649
143649 70032 75194
70032 75194 143649
66934 64327 109076
64327 66934 109076
109076 64327 66934
128486 33887 137833
137833 33887 128486
33887 128486 137833
112211 105422 124394
105422 112211 124394
124394 105422 112211
96521 123214 135054
135054 96521 123214
123214 96521 135054
11833 104253 141927
141927 11833 104253
104253 11833 141927
76342 79725 146097
146097 76342 79725
79725 76342 146097
83786 62158 149139
62158 83786 149139
149139 62158 83786
90422 50576 103906
103906 50576 90422
50576 90422 103906
133908 11320 80441
11320 80441 133908
80441 11320 133908
74842 53137 95322
95322 53137 74842
53137 74842 95322
70229 25672 42468
25672 42468 70229
42468 25672 70229
129368 93135 95134
95134 93135 129368
93135 95134 129368
17451 38222 46450
38222 17451 46450
46450 17451 38222
100075 53752 58906
58906 53752 100075
53752 58906 100075
15473 32637 101799
32637 15473 101799
101799 15473 32637
131569 70808 115221
70808 115221 131569
115221 70808 131569
16953 60299 96386
60299 16953 96386
96386 16953 60299
87115 357 76884
357 76884 87115
76884 357 87115
46402 25267 60600
25267 46402 60600
60600 25267 46402
76663 46854 100683
100683 46854 76663
46854 76663 100683
38830 29861 113068
29861 38830 113068
113068 29861 38830
9777 15426 144136
144136 9777 15426
15426 9777 144136
43181 27292 74273
74273 27292 43181
27292 43181 74273
26597 7971 26556
26556 7971 26597
7971 26556 26597
22756 2099 19571
2099 19571 22756
19571 2099 22756
21312 57114 75732
75732 21312 57114
57114 21312 75732
133246 94233 124941
124941 94233 133246
94233 124941 133246
138639 81940 136382
81940 136382 138639
136382 81940 138639
126493 104280 129210
104280 126493 129210
129210 104280 126493
143564 11180 133247
11180 133247 143564
133247 11180 143564
19735 12625 33714
33714 12625 19735
12625 19735 33714
31924 54824 58163
58163 31924 54824
54824 31924 58163
87467 29896 92175
92175 29896 87467
29896 87467 92175
13285 364 30083
364 13285 30083
30083 364 13285
111660 76023 149949
76023 111660 149949
149949 76023 111660
71965 52320 112276
52320 71965 112276
112276 52320 71965
46816 76044 109810
76044 46816 109810
109810 46816 76044
106438 52021 123047
123047 52021 106438
52021 106438 123047
82491 9383 50357
9383 50357 82491
50357 9383 82491
133102 61340 86557
86557 61340 133102
61340 86557 133102
25022 42644 88060
88060 25022 42644
42644 25022 88060
38400 111188 137049
111188 38400 137049
137049 38400 111188
81391 35645 140228
140228 35645 81391
35645 81391 140228
70919 81180 121591
121591 70919 81180
81180 70919 121591
84076 30163 50754
50754 30163 84076
30163 50754 84076
36107 30095 84668
84668 30095 36107
30095 36107 84668
95138 45520 58966
58966 45520 95138
45520 58966 95138
2432 10555 133335
10555 2432 133335
133335 2432 10555
124509 17192 36021
17192 36021 124509
36021 17192 124509
142880 82435 141263
82435 141263 142880
141263 82435 142880
33917 103981 113013
113013 33917 103981
103981 33917 113013
43917 101958 134439
134439 43917 101958
101958 43917 134439
4316 141157 147523
147523 4316 141157
141157 4316 147523
63646 77456 105374
105374 63646 77456
77456 63646 105374
147754 23929 51714
23929 51714 147754
51714 23929 147754
83813 62258 64179
64179 62258 83813
62258 64179 83813
21216 44870 122919
44870 21216 122919
122919 21216 44870
117710 24201 145087
24201 117710 145087
145087 24201 117710
74182 15325 147900
15325 74182 147900
147900 15325 74182
132292 42559 116478
42559 116478 132292
116478 42559 132292
111821 37698 52819
52819 37698 111821
37698 52819 111821
145812 6911 64635
64635 6911 145812
6911 64635 145812
105200 9815 76435
9815 76435 105200
76435 9815 105200
103877 72361 97191
72361 97191 103877
97191 72361 103877
114376 106967 140189
140189 106967 114376
106967 114376 140189
47890 14805 54215
54215 14805 47890
14805 47890 54215
118820 898 69446
898 69446 118820
69446 898 118820
57860 87257 138456
87257 57860 138456
138456 57860 87257
53499 63788 105277
105277 53499 63788
63788 53499 105277
25591 98948 127464
98948 25591 127464
127464 25591 98948
80839 17769 80611
80611 17769 80839
17769 80611 80839
98322 25971 97774
25971 97774 98322
97774 25971 98322
131714 46676 125481
125481 46676 131714
46676 125481 131714
149948 85151 111638
85151 111638 149948
111638 85151 149948
44362 76905 97202
76905 44362 97202
97202 44362 76905
143290 72146 147330
147330 72146 143290
72146 143290 147330
98120 78649 103553
78649 98120 103553
103553 78649 98120
31664 46310 106796
46310 31664 106796
106796 31664 46310
76378 55733 94174
94174 55733 76378
55733 76378 94174
72966 100784 130718
100784 72966 130718
130718 72966 100784
79388 11141 134092
11141 79388 134092
134092 11141 79388
88331 62348 118029
118029 62348 88331
62348 88331 118029
55676 91634 106321
91634 55676 106321
106321 55676 91634
79954 47744 93969
93969 47744 79954
47744 79954 93969
60987 18777 41960
41960 18777 60987
18777 41960 60987
85764 49849 126906
49849 85764 126906
126906 49849 85764
43179 4616 91356
91356 4616 43179
4616 43179 91356
59150 101194 108359
108359 59150 101194
101194 59150 108359
113208 56311 137221
56311 113208 137221
137221 56311 113208
105894 3070 107574
3070 105894 107574
107574 3070 105894
20480 68159 124330
68159 20480 124330
124330 20480 68159
109492 84931 111101
84931 109492 111101
111101 84931 109492
132004 45453 118835
118835 45453 132004
45453 118835 132004
2744 129677 149840
149840 2744 129677
129677 2744 149840
91845 34097 39000
34097 39000 91845
39000 34097 91845
36612 103882 145648
103882 36612 145648
145648 36612 103882
1846 105976 142460
142460 1846 105976
105976 1846 142460
42492 39261 40201
39261 40201 42492
40201 39261 42492
67360 92439 135181
92439 67360 135181
135181 67360 92439
109666 118242 130128
118242 109666 130128
130128 109666 118242
138727 104470 124236
104470 124236 138727
124236 104470 138727
70235 96081 144683
144683 70235 96081
96081 70235 144683
73217 26941 137920
137920 26941 73217
26941 73217 137920
119377 56737 82961
82961 56737 119377
56737 82961 119377
46814 120310 132618
120310 46814 132618
132618 46814 120310
28372 25347 42352
42352 25347 28372
25347 28372 42352
70738 86036 100584
86036 70738 100584
100584 70738 86036
562 21329 74435
74435 562 21329
21329 562 74435
58614 9174 43277
9174 43277 58614
43277 9174 58614
29791 11830 130000
130000 11830 29791
11830 29791 130000
94156 78301 116776
116776 78301 94156
78301 94156 116776
48143 19167 67492
19167 48143 67492
67492 19167 48143
24345 39541 98676
98676 24345 39541
39541 24345 98676
140402 37950 107066
107066 37950 140402
37950 107066 140402
31429 35669 46996
35669 31429 46996
46996 31429 35669
84640 17702 44993
44993 17702 84640
17702 44993 84640
91660 94427 128160
94427 91660 128160
128160 91660 94427
128653 93071 141845
93071 128653 141845
141845 93071 128653
31070 1957 147741
147741 1957 31070
1957 31070 147741
129840 61749 101199
101199 61749 129840
61749 101199 129840
60176 38876 40962
38876 40962 60176
40962 38876 60176
34032 9776 92993
92993 9776 34032
9776 34032 92993
42765 55748 122296
122296 42765 55748
55748 42765 122296
136403 12136 103126
103126 12136 136403
12136 103126 136403
85194 42783 107092
107092 42783 85194
42783 85194 107092
93207 69139 81504
81504 69139 93207
69139 81504 93207
105000 69738 144948
69738 105000 144948
144948 69738 105000
31548 67123 79017
67123 31548 79017
79017 31548 67123
91734 142709 145753
145753 91734 142709
142709 91734 145753
21636 68478 135541
68478 21636 135541
135541 21636 68478
50594 34599 97732
34599 50594 97732
97732 34599 50594
120897 74011 141090
141090 74011 120897
74011 120897 141090
122122 62072 108023
62072 108023 122122
108023 62072 122122
96031 35058 39899
35058 39899 96031
39899 35058 96031
71244 50592 105717
50592 71244 105717
105717 50592 71244
46228 92283 130059
92283 46228 130059
130059 46228 92283
61605 37973 107570
107570 37973 61605
37973 61605 107570
39466 76096 127881
76096 39466 127881
127881 39466 76096
125780 4977 43303
43303 4977 125780
4977 43303 125780
56928 57012 109356
109356 56928 57012
57012 56928 109356
112049 32542 77139
32542 77139 112049
77139 32542 112049
22211 40671 87453
40671 22211 87453
87453 22211 40671
55439 15357 106316
106316 15357 55439
15357 55439 106316
66755 16013 120391
16013 66755 120391
120391 16013 66755
24403 35703 59387
35703 24403 59387
59387 24403 35703
63676 76119 81313
76119 63676 81313
81313 63676 76119
92605 10551 88478
88478 10551 92605
10551 88478 92605
71369 17893 24258
17893 24258 71369
24258 17893 71369
36045 22194 125445
125445 22194 36045
22194 36045 125445
54348 4854 146467
4854 54348 146467
146467 4854 54348
85756 39275 65870
65870 39275 85756
39275 65870 85756
112762 42600 94922
94922 42600 112762
42600 94922 112762
138037 54973 114624
114624 54973 138037
54973 114624 138037
40134 30920 38009
38009 30920 40134
30920 38009 40134
147244 34509 121775
34509 121775 147244
121775 34509 147244
77690 76697 127489
127489 76697 77690
76697 77690 127489
118937 17129 133827
17129 118937 133827
133827 17129 118937
142364 95395 109048
95395 109048 142364
109048 95395 142364
78374 85249 87915
85249 78374 87915
87915 78374 85249
149694 6565 113450
113450 6565 149694
6565 113450 149694
27193 88249 99819
88249 27193 99819
99819 27193 88249
29190 106830 149457
106830 29190 149457
149457 29190 106830
113465 47876 117317
47876 113465 117317
117317 47876 113465
67154 70956 80329
70956 67154 80329
80329 67154 70956
84025 4165 45577
4165 45577 84025
45577 4165 84025
8088 6260 112934
112934 6260 8088
6260 8088 112934
22780 39988 82228
82228 22780 39988
39988 22780 82228
136526 68169 94503
68169 94503 136526
94503 68169 136526
58178 20175 57538
20175 57538 58178
57538 20175 58178
76398 26581 149888
26581 76398 149888
149888 26581 76398
17656 110082 147089
147089 17656 110082
110082 17656 147089
29230 121425 134939
121425 29230 134939
134939 29230 121425
94773 14710 140422
140422 14710 94773
14710 94773 140422
82480 50316 124008
124008 50316 82480
50316 82480 124008
92931 106665 140383
106665 92931 140383
140383 92931 106665
17427 12077 102375
102375 12077 17427
12077 17427 102375
43099 49063 107776
49063 43099 107776
107776 43099 49063
25428 51951 135004
51951 25428 135004
135004 25428 51951
115336 84783 130716
130716 84783 115336
84783 115336 130716
138807 43915 146583
43915 138807 146583
146583 43915 138807
135672 135186 140044
140044 135186 135672
135186 135672 140044
81744 18635 130751
130751 18635 81744
18635 81744 130751
46098 78801 97105
78801 46098 97105
97105 46098 78801
66300 30890 137731
30890 66300 137731
137731 30890 66300
98892 5915 20096
5915 20096 98892
20096 5915 98892
72046 12294 12829
12829 12294 72046
12294 12829 72046
131090 6537 55550
6537 55550 131090
55550 6537 131090
12085 49861 56950
49861 12085 56950
56950 12085 49861
73565 16183 37296
16183 37296 73565
37296 16183 73565
30924 45650 56561
45650 30924 56561
56561 30924 45650
27017 10829 40192
10829 27017 40192
40192 10829 27017
138189 59429 60219
59429 60219 138189
60219 59429 138189
120028 38869 39730
39730 38869 120028
38869 39730 120028
72534 8582 108812
8582 72534 108812
108812 8582 72534
74012 19608 130874
19608 74012 130874
130874 19608 74012
84135 3112 54485
54485 3112 84135
3112 54485 84135
141356 94263 138809
138809 94263 141356
94263 138809 141356
125962 26756 83457
26756 83457 125962
83457 26756 125962
110693 38509 48425
38509 48425 110693
48425 38509 110693
25512 929 39182
39182 929 25512
929 25512 39182
36769 14115 58568
58568 14115 36769
14115 36769 58568
55914 75365 145706
145706 55914 75365
75365 55914 145706
120205 26595 86086
26595 86086 120205
86086 26595 120205
55304 11284 142097
142097 11284 55304
11284 55304 142097
104827 24114 26350
26350 24114 104827
24114 26350 104827
34867 66919 78773
66919 34867 78773
78773 34867 66919
29500 61041 118771
118771 29500 61041
61041 29500 118771
86192 46901 63419
63419 46901 86192
46901 63419 86192
90853 126378 140048
126378 90853 140048
140048 90853 126378
147941 42014 122264
122264 42014 147941
42014 122264 147941
6403 74205 84631
84631 6403 74205
74205 6403 84631
31033 67742 127610
67742 31033 127610
127610 31033 67742
92095 31517 96828
96828 31517 92095
31517 92095 96828
40492 15223 69079
69079 15223 40492
15223 40492 69079
95735 46743 77100
77100 46743 95735
46743 77100 95735
19546 86580 132855
86580 19546 132855
132855 19546 86580
137574 47742 123014
47742 123014 137574
123014 47742 137574
40623 119542 132209
132209 40623 119542
119542 40623 132209
131580 25265 129770
129770 25265 131580
25265 129770 131580
54671 9536 116424
116424 9536 54671
9536 54671 116424
134102 88412 134700
134700 88412 134102
88412 134102 134700
66645 29644 47223
47223 29644 66645
29644 47223 66645
52163 7102 51225
7102 51225 52163
51225 7102 52163
122580 67746 113020
67746 113020 122580
113020 67746 122580
28264 122659 149791
122659 28264 149791
149791 28264 122659
13943 61034 99328
61034 13943 99328
99328 13943 61034
35813 2784 143511
143511 2784 35813
2784 35813 143511
18622 35346 54531
35346 18622 54531
54531 18622 35346
138787 73416 106862
106862 73416 138787
73416 106862 138787
10173 73972 79373
73972 10173 79373
79373 10173 73972
13409 116777 138589
138589 13409 116777
116777 13409 138589
62120 68439 82320
82320 62120 68439
68439 62120 82320
119143 5444 52070
52070 5444 119143
5444 52070 119143
113897 96793 114047
114047 96793 113897
96793 113897 114047
2162 24699 132060
132060 2162 24699
24699 2162 132060
126166 42664 139643
139643 42664 126166
42664 126166 139643
123553 4084 77330
77330 4084 123553
4084 77330 123553
19072 97424 120480
97424 19072 120480
120480 19072 97424
71839 34361 122092
34361 71839 122092
122092 34361 71839
20434 95785 101526
101526 20434 95785
95785 20434 101526
27660 23181 139030
139030 23181 27660
23181 27660 139030
107634 50968 67315
50968 67315 107634
67315 50968 107634
67469 106147 132331
106147 67469 132331
132331 67469 106147
136315 100785 110338
100785 110338 136315
110338 100785 136315
30946 80982 143890
80982 30946 143890
143890 30946 80982
120779 14479 78675
14479 78675 120779
78675 14479 120779
103665 59432 113062
113062 59432 103665
59432 103665 113062
12227 77666 115865
77666 12227 115865
115865 12227 77666
123531 19089 70110
19089 70110 123531
70110 19089 123531
91997 46538 98946
46538 91997 98946
98946 46538 91997
146783 7592 17364
7592 17364 146783
17364 7592 146783
64629 78475 125997
125997 64629 78475
78475 64629 125997
140555 89342 147151
89342 140555 147151
147151 89342 140555
110760 75303 108197
108197 75303 110760
75303 108197 110760
120633 43571 106639
43571 106639 120633
106639 43571 120633
149004 18009 42371
18009 42371 149004
42371 18009 149004
41999 34020 80770
34020 41999 80770
80770 34020 41999
27815 12274 122137
122137 12274 27815
12274 27815 122137
44265 64326 113903
64326 44265 113903
113903 44265 64326
15924 6985 41790
6985 15924 41790
41790 6985 15924
77110 397 148491
148491 397 77110
397 77110 148491
44359 53307 77592
77592 44359 53307
53307 44359 77592
138904 59616 146347
146347 59616 138904
59616 138904 146347
80571 53188 114099
53188 80571 114099
114099 53188 80571
24305 54239 61588
54239 24305 61588
61588 24305 54239
43938 28191 105595
105595 28191 43938
28191 43938 105595
87006 28384 118989
118989 28384 87006
28384 87006 118989
17900 93264 131808
131808 17900 93264
93264 17900 131808
74719 119909 139398
139398 74719 119909
119909 74719 139398
109271 112775 126882
112775 109271 126882
126882 109271 112775
119762 56824 93402
56824 93402 119762
93402 56824 119762
105095 62444 119817
119817 62444 105095
62444 105095 119817
103582 19868 49776
49776 19868 103582
19868 49776 103582
130238 104661 134756
134756 104661 130238
104661 130238 134756
8092 23386 57167
23386 8092 57167
57167 8092 23386
40223 57233 71139
71139 40223 57233
57233 40223 71139
20500 4021 145538
4021 20500 145538
145538 4021 20500
85585 103097 129698
103097 85585 129698
129698 85585 103097
36241 1757 38672
1757 36241 38672
38672 1757 36241
91199 15506 49857
49857 15506 91199
15506 49857 91199
82071 58695 95721
58695 82071 95721
95721 58695 82071
17820 19340 119121
19340 17820 119121
119121 17820 19340
60376 91298 136997
136997 60376 91298
91298 60376 136997
39924 37493 38902
38902 37493 39924
37493 38902 39924
82694 51683 64316
64316 51683 82694
51683 64316 82694
124787 40123 118780
40123 118780 124787
118780 40123 124787
67883 33899 117712
117712 33899 67883
33899 67883 117712
59105 62651 125108
125108 59105 62651
62651 59105 125108
3302 22218 144657
144657 3302 22218
22218 3302 144657
97135 85414 130935
130935 85414 97135
85414 97135 130935
68680 103156 144980
144980 68680 103156
103156 68680 144980
93704 25580 27266
25580 27266 93704
27266 25580 93704
74095 14660 116903
116903 14660 74095
14660 74095 116903
60927 44908 65536
65536 44908 60927
44908 60927 65536
149843 39311 121091
121091 39311 149843
39311 121091 149843
141540 28157 51547
28157 51547 141540
51547 28157 141540
100938 7584 136201
136201 7584 100938
7584 100938 136201
128702 21800 50115
21800 50115 128702
50115 21800 128702
41423 59194 89717
89717 41423 59194
59194 41423 89717
73122 38237 132459
132459 38237 73122
38237 73122 132459
5742 58597 119081
119081 5742 58597
58597 5742 119081
60518 11087 33117
11087 33117 60518
33117 11087 60518
105358 42415 134656
42415 105358 134656
134656 42415 105358
117061 15253 83116
83116 15253 117061
15253 83116 117061
15363 123994 133343
123994 15363 133343
133343 15363 123994
24861 5029 100550
100550 5029 24861
5029 24861 100550
140534 26512 68296
68296 26512 140534
26512 68296 140534
54595 89222 145530
89222 54595 145530
145530 54595 89222
40150 3129 9028
9028 3129 40150
3129 9028 40150
139136 8916 38229
8916 38229 139136
38229 8916 139136
90193 14793 148985
14793 90193 148985
148985 14793 90193
66081 56560 139793
139793 56560 66081
56560 66081 139793
45019 124793 140247
140247 45019 124793
124793 45019 140247
116956 15410 141068
15410 116956 141068
141068 15410 116956
10442 36957 80641
80641 10442 36957
36957 10442 80641
65514 70198 136857
70198 65514 136857
136857 65514 70198
105904 32711 82474
32711 82474 105904
82474 32711 105904
2415 40307 92252
40307 2415 92252
92252 2415 40307
108502 61892 92764
61892 92764 108502
92764 61892 108502
45174 11799 108276
108276 11799 45174
11799 45174 108276
109377 54381 55238
54381 55238 109377
55238 54381 109377
142883 19457 81257
19457 81257 142883
81257 19457 142883
96280 37819 147576
37819 96280 147576
147576 37819 96280
62024 23615 135551
23615 62024 135551
135551 23615 62024
132947 117125 117770
117770 117125 132947
117125 117770 132947
77397 38961 142406
38961 77397 142406
142406 38961 77397
130079 55295 97132
97132 55295 130079
55295 97132 130079
5374 83216 111773
111773 5374 83216
83216 5374 111773
16703 106309 128090
128090 16703 106309
106309 16703 128090
95916 115903 128870
115903 95916 128870
128870 95916 115903
130875 14767 83347
14767 83347 130875
83347 14767 130875
114736 19198 130671
19198 114736 130671
130671 19198 114736
61258 99729 107605
99729 61258 107605
107605 61258 99729
78938 16094 123288
16094 78938 123288
123288 16094 78938
130439 35689 108202
35689 108202 130439
108202 35689 130439
105671 19155 111378
111378 19155 105671
19155 105671 111378
23282 55607 68811
68811 23282 55607
55607 23282 68811
12499 6898 7764
6898 7764 12499
7764 6898 12499
89058 44626 138243
138243 44626 89058
44626 89058 138243
91609 4841 105883
105883 4841 91609
4841 91609 105883
123070 62813 74929
62813 74929 123070
74929 62813 123070
128187 43946 94680
43946 94680 128187
94680 43946 128187
128116 50080 119695
119695 50080 128116
50080 119695 128116
29945 14888 124135
14888 29945 124135
124135 14888 29945
52595 33829 138877
138877 33829 52595
33829 52595 138877
51532 85072 140678
85072 51532 140678
140678 51532 85072
119054 69378 94259
69378 94259 119054
94259 69378 119054
8553 28094 129436
129436 8553 28094
28094 8553 129436
4242 36841 110973
110973 4242 36841
36841 4242 110973
122835 48833 111620
111620 48833 122835
48833 111620 122835
138380 66442 114393
66442 114393 138380
114393 66442 138380
99775 32993 59641
59641 32993 99775
32993 59641 99775
78702 4365 16887
4365 16887 78702
16887 4365 78702
136592 26264 134267
26264 134267 136592
134267 26264 136592
124810 30764 98800
98800 30764 124810
30764 98800 124810
24537 58647 82380
82380 24537 58647
58647 24537 82380
38829 49710 62883
49710 38829 62883
62883 38829 49710
124625 59639 67914
67914 59639 124625
59639 67914 124625
126985 51263 148717
148717 51263 126985
51263 126985 148717
77120 100260 115850
100260 77120 115850
115850 77120 100260
24825 50868 72700
50868 24825 72700
72700 24825 50868
101567 85593 149900
149900 85593 101567
85593 101567 149900
107782 35535 57115
35535 57115 107782
57115 35535 107782
109775 66087 96865
96865 66087 109775
66087 96865 109775
147690 76611 134960
76611 134960 147690
134960 76611 147690
123277 59120 105263
59120 105263 123277
105263 59120 123277
17521 81488 134571
134571 17521 81488
81488 17521 134571
64528 26215 137343
137343 26215 64528
26215 64528 137343
101762 62821 100902
100902 62821 101762
62821 100902 101762
25013 72103 125320
72103 25013 125320
125320 25013 72103
121327 40308 135298
135298 40308 121327
40308 121327 135298
16869 18634 111947
111947 16869 18634
18634 16869 111947
53242 55079 83323
83323 53242 55079
55079 53242 83323
142725 50081 102636
50081 102636 142725
102636 50081 142725
85383 26115 70384
26115 70384 85383
70384 26115 85383
83097 2291 73957
73957 2291 83097
2291 73957 83097
68765 55900 133163
55900 68765 133163
133163 55900 68765
82352 90498 101426
90498 82352 101426
101426 82352 90498
8000 121517 135058
121517 8000 135058
135058 8000 121517
103055 96151 102285
102285 96151 103055
96151 102285 103055
114701 12330 62190
12330 62190 114701
62190 12330 114701
81724 77461 123876
77461 81724 123876
123876 77461 81724
55757 118577 132746
132746 55757 118577
118577 55757 132746
117111 30644 142693
142693 30644 117111
30644 117111 142693
125023 67402 116909
116909 67402 125023
67402 116909 125023
51802 30692 63219
30692 51802 63219
63219 30692 51802
100445 18724 62058
62058 18724 100445
18724 62058 100445
22419 82434 95586
95586 22419 82434
82434 22419 95586
135378 145440 146946
145440 135378 146946
146946 135378 145440
138193 53687 89353
53687 89353 138193
89353 53687 138193
131560 4106 28545
28545 4106 131560
4106 28545 131560
105650 94445 123649
94445 105650 123649
123649 94445 105650
130629 25791 113234
113234 25791 130629
25791 113234 130629
57779 60201 72074
60201 57779 72074
72074 57779 60201
119658 65837 147907
147907 65837 119658
65837 119658 147907
53789 38607 131052
38607 53789 131052
131052 38607 53789
14474 17263 73139
73139 14474 17263
17263 14474 73139
122611 83638 140103
83638 122611 140103
140103 83638 122611
30789 27064 101839
101839 27064 30789
27064 30789 101839
134059 879 66799
879 66799 134059
66799 879 134059
52863 117618 147640
147640 52863 117618
117618 52863 147640
59343 110710 144918
110710 59343 144918
144918 59343 110710
149119 5448 107062
5448 107062 149119
107062 5448 149119
37848 79860 90929
79860 37848 90929
90929 37848 79860
79811 949 134244
134244 949 79811
949 79811 134244
134807 44084 144068
144068 44084 134807
44084 134807 144068
16148 63783 79676
79676 16148 63783
63783 16148 79676
15965 90525 127163
127163 15965 90525
90525 15965 127163
91534 40479 97770
97770 40479 91534
40479 91534 97770
57639 79329 93517
93517 57639 79329
79329 57639 93517
149178 129186 134692
134692 129186 149178
129186 134692 149178
94517 75703 86352
86352 75703 94517
75703 86352 94517
23193 74030 89434
74030 23193 89434
89434 23193 74030
43290 10262 72061
72061 10262 43290
10262 43290 72061
67223 87515 135969
135969 67223 87515
87515 67223 135969
127119 18670 81107
81107 18670 127119
18670 81107 127119
105045 87110 148346
87110 105045 148346
148346 87110 105045
81834 1055 24903
24903 1055 81834
1055 24903 81834
9221 106172 107065
107065 9221 106172
106172 9221 107065
113579 94803 120428
94803 113579 120428
120428 94803 113579
87871 75664 134099
134099 75664 87871
75664 87871 134099
135996 38445 84462
38445 84462 135996
84462 38445 135996
4879 103238 119287
103238 4879 119287
119287 4879 103238
62530 8316 109596
8316 62530 109596
109596 8316 62530
54120 63072 85245
85245 54120 63072
63072 54120 85245
20518 3659 114856
3659 20518 114856
114856 3659 20518
697 46417 74165
74165 697 46417
46417 697 74165
29739 57403 86507
86507 29739 57403
57403 29739 86507
127392 16355 135373
135373 16355 127392
16355 127392 135373
103134 14559 69010
69010 14559 103134
14559 69010 103134
104357 5307 49402
5307 49402 104357
49402 5307 104357
59768 2340 96415
2340 59768 96415
96415 2340 59768
44483 75976 118715
75976 44483 118715
118715 44483 75976
65264 83204 137563
83204 65264 137563
137563 65264 83204
59981 45945 128136
128136 45945 59981
45945 59981 128136
38691 41243 113615
41243 38691 113615
113615 38691 41243
49427 41165 50406
50406 41165 49427
41165 49427 50406
23736 5714 32497
32497 5714 23736
5714 23736 32497
140658 93416 110455
110455 93416 140658
93416 110455 140658
129552 83978 145573
83978 129552 145573
145573 83978 129552
45273 34917 64598
34917 45273 64598
64598 34917 45273
46679 113276 120443
113276 46679 120443
120443 46679 113276
61585 48677 106906
106906 48677 61585
48677 61585 106906
18476 76355 113209
76355 18476 113209
113209 18476 76355
90087 35963 57799
57799 35963 90087
35963 57799 90087
64422 37174 129786
37174 64422 129786
129786 37174 64422
95863 50925 142112
50925 95863 142112
142112 50925 95863
82686 17401 24505
24505 17401 82686
17401 24505 82686
65372 11765 120594
11765 65372 120594
120594 11765 65372
1678 50593 52520
52520 1678 50593
50593 1678 52520
138387 8822 19987
19987 8822 138387
8822 19987 138387
148324 1248 35314
35314 1248 148324
1248 35314 148324
86296 147205 148292
147205 86296 148292
148292 86296 147205
109822 40783 144161
40783 109822 144161
144161 40783 109822
104860 38171 45993
45993 38171 104860
38171 45993 104860
26254 18164 140669
140669 18164 26254
18164 26254 140669
79064 64522 74565
64522 74565 79064
74565 64522 79064
127988 19754 100737
100737 19754 127988
19754 100737 127988
118102 22856 64141
64141 22856 118102
22856 64141 118102
96818 108614 116167
116167 96818 108614
108614 96818 116167
22607 99745 125927
99745 22607 125927
125927 22607 99745
108200 82796 132319
132319 82796 108200
82796 108200 132319
144250 58926 132990
132990 58926 144250
58926 132990 144250
102879 366 80044
366 80044 102879
80044 366 102879
47732 3207 69454
3207 47732 69454
69454 3207 47732
97681 112270 143506
143506 97681 112270
112270 97681 143506
78103 95255 142525
142525 78103 95255
95255 78103 142525
70443 2134 54878
2134 54878 70443
54878 2134 70443
57077 47622 118025
118025 47622 57077
47622 57077 118025
87991 1884 8111
1884 8111 87991
8111 1884 87991
38825 121856 128230
128230 38825 121856
121856 38825 128230
78430 11552 117107
117107 11552 78430
11552 78430 117107
90232 131762 146480
131762 90232 146480
146480 90232 131762
52748 100196 140285
140285 52748 100196
100196 52748 140285
10343 8310 79391
8310 10343 79391
79391 8310 10343
69970 90702 121341
121341 69970 90702
90702 69970 121341
91480 40939 148754
40939 91480 148754
148754 40939 91480
48453 52019 56576
52019 48453 56576
56576 48453 52019
108984 22868 28352
28352 22868 108984
22868 28352 108984
37257 118208 148261
118208 37257 148261
148261 37257 118208
45974 26575 54806
26575 45974 54806
54806 26575 45974
57720 28084 102919
102919 28084 57720
28084 57720 102919
149352 124470 141295
124470 141295 149352
141295 124470 149352
93218 69173 90685
90685 69173 93218
69173 90685 93218
43315 124387 138672
124387 43315 138672
138672 43315 124387
82682 69122 139506
139506 69122 82682
69122 82682 139506
104694 82675 122409
82675 104694 122409
122409 82675 104694
42461 126264 145379
126264 42461 145379
145379 42461 126264
19732 98880 118056
118056 19732 98880
98880 19732 118056
95552 31775 50293
50293 31775 95552
31775 50293 95552
137546 4686 120355
4686 120355 137546
120355 4686 137546
104160 72350 82061
72350 82061 104160
82061 72350 104160
133248 13035 85407
85407 13035 133248
13035 85407 133248
42998 8398 142879
142879 8398 42998
8398 42998 142879
145811 66026 103031
66026 103031 145811
103031 66026 145811
9149 96891 148650
96891 9149 148650
148650 9149 96891
23761 17466 78991
17466 23761 78991
78991 17466 23761
1402 63898 140474
140474 1402 63898
63898 1402 140474
117750 3712 72085
72085 3712 117750
3712 72085 117750
43065 32122 105299
32122 43065 105299
105299 32122 43065
21349 118635 128515
128515 21349 118635
118635 21349 128515
83228 2673 51995
51995 2673 83228
2673 51995 83228
11781 587 57975
57975 587 11781
587 11781 57975
43364 62043 144290
62043 43364 144290
144290 43364 62043
47649 25143 133221
25143 47649 133221
133221 25143 47649
102419 69636 97310
69636 97310 102419
97310 69636 102419
13516 81382 127875
81382 13516 127875
127875 13516 81382
118123 42361 68732
68732 42361 118123
42361 68732 118123
88613 64750 98502
98502 64750 88613
64750 88613 98502
130328 46925 107767
107767 46925 130328
46925 107767 130328
112971 66349 72195
72195 66349 112971
66349 72195 112971
132962 128377 130724
130724 128377 132962
128377 130724 132962
114642 19080 25121
25121 19080 114642
19080 25121 114642
110087 39381 136893
136893 39381 110087
39381 110087 136893
23201 21888 104440
104440 21888 23201
21888 23201 104440
133032 41387 122251
41387 122251 133032
122251 41387 133032
71571 107365 149454
107365 71571 149454
149454 71571 107365
97821 80056 144935
80056 97821 144935
144935 80056 97821
102291 24451 76666
76666 24451 102291
24451 76666 102291
81281 69434 130799
130799 69434 81281
69434 81281 130799
98011 42858 110941
110941 42858 98011
42858 98011 110941
143285 71370 116157
116157 71370 143285
71370 116157 143285
147604 31123 52145
52145 31123 147604
31123 52145 147604
74620 36698 47004
47004 36698 74620
36698 47004 74620
97404 103109 130271
130271 97404 103109
103109 97404 130271
113947 13307 17794
17794 13307 113947
13307 17794 113947
66204 2135 136393
136393 2135 66204
2135 66204 136393
74828 15362 123566
15362 74828 123566
123566 15362 74828
38426 41845 83152
41845 38426 83152
83152 38426 41845
132419 13376 47246
47246 13376 132419
13376 47246 132419
64647 107276 117440
107276 64647 117440
117440 64647 107276
25416 69 141027
141027 69 25416
69 25416 141027
26932 39812 70951
39812 26932 70951
70951 26932 39812
123756 40255 45818
45818 40255 123756
40255 45818 123756
139139 65076 92938
92938 65076 139139
65076 92938 139139
142107 41246 55159
41246 55159 142107
55159 41246 142107
6811 127228 135247
127228 6811 135247
135247 6811 127228
96474 41843 136241
41843 96474 136241
136241 41843 96474
59676 11762 96688
96688 11762 59676
11762 59676 96688
37222 29722 147131
29722 37222 147131
147131 29722 37222
104282 32134 104621
32134 104282 104621
104621 32134 104282
83684 2178 14847
14847 2178 83684
2178 14847 83684
74373 22104 140177
140177 22104 74373
22104 74373 140177
133498 21739 38987
21739 38987 133498
38987 21739 133498
124870 20177 125200
125200 20177 124870
20177 124870 125200
128083 78653 143108
78653 128083 143108
143108 78653 128083
141788 2742 62103
2742 62103 141788
62103 2742 141788
2229 16964 136576
136576 2229 16964
16964 2229 136576
86009 69934 94449
69934 86009 94449
94449 69934 86009
135146 93930 96520
93930 96520 135146
96520 93930 135146
14469 1019 100089
1019 14469 100089
100089 1019 14469
109359 37357 123761
37357 109359 123761
123761 37357 109359
136291 126010 142405
142405 126010 136291
126010 136291 142405
68911 10511 41264
41264 10511 68911
10511 41264 68911
61060 9212 55910
9212 55910 61060
55910 9212 61060
111156 81207 147434
147434 81207 111156
81207 111156 147434
74651 7331 104243
104243 7331 74651
7331 74651 104243
123909 60864 96184
96184 60864 123909
60864 96184 123909
100275 22058 90220
22058 90220 100275
90220 22058 100275
116790 73637 138689
138689 73637 116790
73637 116790 138689
46164 27233 116427
116427 27233 46164
27233 46164 116427
41359 9345 31813
9345 31813 41359
31813 9345 41359
56607 31111 136221
31111 56607 136221
136221 31111 56607
148077 4575 111631
4575 111631 148077
111631 4575 148077
87405 75628 111825
75628 87405 111825
111825 75628 87405
70828 16079 20087
16079 20087 70828
20087 16079 70828
3809 26505 49356
26505 3809 49356
49356 3809 26505
45763 39581 141409
141409 39581 45763
39581 45763 141409
135406 41659 86323
41659 86323 135406
86323 41659 135406
21709 2530 6224
6224 2530 21709
2530 6224 21709
99203 90559 139825
90559 99203 139825
139825 90559 99203
102242 104326 116198
116198 102242 104326
104326 102242 116198
14453 132627 148274
132627 14453 148274
148274 14453 132627
107244 53253 103252
103252 53253 107244
53253 103252 107244
77882 23576 139190
139190 23576 77882
23576 77882 139190
45757 11899 20388
20388 11899 45757
11899 20388 45757
88610 18021 64463
18021 64463 88610
64463 18021 88610
7992 89877 121047
89877 7992 121047
121047 7992 89877
37506 90273 136040
90273 37506 136040
136040 37506 90273
52675 77285 95465
95465 52675 77285
77285 52675 95465
102469 52787 81017
81017 52787 102469
52787 81017 102469
14073 126594 132438
132438 14073 126594
126594 14073 132438
25126 54119 113521
54119 25126 113521
113521 25126 54119
97025 32705 114275
114275 32705 97025
32705 97025 114275
105691 20865 136098
20865 105691 136098
136098 20865 105691
70935 31119 94276
94276 31119 70935
31119 70935 94276
62095 92499 130256
92499 62095 130256
130256 62095 92499
58673 50214 51638
50214 51638 58673
51638 50214 58673
23444 14332 121660
14332 23444 121660
121660 14332 23444
68274 12123 77476
77476 12123 68274
12123 68274 77476
87545 75607 110480
110480 75607 87545
75607 87545 110480
54262 57672 77928
77928 54262 57672
57672 54262 77928
80094 56578 145632
56578 80094 145632
145632 56578 80094
142974 51002 128589
128589 51002 142974
51002 128589 142974
60709 39314 68885
68885 39314 60709
39314 60709 68885
15766 20300 42442
42442 15766 20300
20300 15766 42442
83054 22583 44751
44751 22583 83054
22583 44751 83054
132720 50391 76592
50391 76592 132720
76592 50391 132720
67368 68976 137303
68976 67368 137303
137303 67368 68976
12486 131027 147080
131027 12486 147080
147080 12486 131027
143928 86609 112700
112700 86609 143928
86609 112700 143928
10549 96770 102096
96770 10549 102096
102096 10549 96770
79869 73765 95609
73765 79869 95609
95609 73765 79869
98162 106604 143143
143143 98162 106604
106604 98162 143143
63420 8360 83172
83172 8360 63420
8360 63420 83172
127403 32294 68196
32294 68196 127403
68196 32294 127403
20160 61814 148191
61814 20160 148191
148191 20160 61814
32523 78296 133058
133058 32523 78296
78296 32523 133058
55790 26463 81613
81613 26463 55790
26463 55790 81613
38216 25252 50169
50169 25252 38216
25252 38216 50169
55823 30773 72868
30773 55823 72868
72868 30773 55823
56866 103326 111974
111974 56866 103326
103326 56866 111974
61859 68007 146736
146736 61859 68007
68007 61859 146736
18679 77860 97108
77860 18679 97108
97108 18679 77860
95625 25152 27974
27974 25152 95625
25152 27974 95625
113094 102555 145645
102555 113094 145645
145645 102555 113094
25119 40058 85984
40058 25119 85984
85984 25119 40058
66796 45413 61399
45413 61399 66796
61399 45413 66796
117991 33537 39520
39520 33537 117991
33537 39520 117991
20910 7850 53151
7850 20910 53151
53151 7850 20910
108136 1674 67826
1674 67826 108136
67826 1674 108136
120899 104845 129734
129734 104845 120899
104845 120899 129734
104086 75823 87707
75823 87707 104086
87707 75823 104086
131534 645 148660
645 131534 148660
148660 645 131534
116578 10641 110355
10641 110355 116578
110355 10641 116578
68328 17380 87154
17380 68328 87154
87154 17380 68328
69427 22874 78353
22874 69427 78353
78353 22874 69427
113881 60440 102317
102317 60440 113881
60440 102317 113881
99797 8432 136584
136584 8432 99797
8432 99797 136584
108408 94836 136670
136670 94836 108408
94836 108408 136670
