58731 73442 123134
123134 58731 73442
73442 58731 123134
144027 24741 35232
24741 35232 144027
35232 24741 144027
39760 72640 119505
119505 39760 72640
72640 39760 119505
2242 5070 32703
5070 2242 32703
32703 2242 5070
116145 70286 99348
70286 99348 116145
99348 70286 116145
149572 8567 105480
8567 105480 149572
105480 8567 149572
107868 25390 87996
87996 25390 107868
25390 87996 107868
70958 95850 139562
139562 70958 95850
95850 70958 139562
13285 36871 49567
49567 13285 36871
36871 13285 49567
80078 14955 18778
14955 18778 80078
18778 14955 80078
131702 49893 55943
49893 55943 131702
55943 49893 131702
65441 46678 139254
46678 65441 139254
139254 46678 65441
22677 63175 147743
63175 22677 147743
147743 22677 63175
46887 39517 147798
147798 39517 46887
39517 46887 147798
130296 33945 117064
33945 117064 130296
117064 33945 130296
81491 33535 34469
34469 33535 81491
33535 34469 81491
124183 61995 63635
63635 61995 124183
61995 63635 124183
135443 20391 21787
20391 21787 135443
21787 20391 135443
26650 10976 119038
10976 26650 119038
119038 10976 26650
722 32404 87897
87897 722 32404
32404 722 87897
32532 91626 103404
103404 32532 91626
91626 32532 103404
107098 59166 84909
84909 59166 107098
59166 84909 107098
136226 13222 106502
106502 13222 136226
13222 106502 136226
50657 107653 125412
125412 50657 107653
107653 50657 125412
66300 54665 117207
54665 66300 117207
117207 54665 66300
82737 20086 24643
20086 24643 82737
24643 20086 82737
141565 32356 80720
32356 80720 141565
80720 32356 141565
101110 24723 93824
24723 93824 101110
93824 24723 101110
66912 33892 145010
145010 33892 66912
33892 66912 145010
47959 19084 84372
19084 47959 84372
84372 19084 47959
74181 28505 78087
28505 74181 78087
78087 28505 74181
128771 9352 65572
65572 9352 128771
9352 65572 128771
55683 49365 64699
64699 49365 55683
49365 55683 64699
144606 291 51583
291 51583 144606
51583 291 144606
80039 51712 68747
51712 68747 80039
68747 51712 80039
101434 50343 67461
50343 67461 101434
67461 50343 101434
128641 23080 67975
67975 23080 128641
23080 67975 128641
37446 51608 104009
51608 37446 104009
104009 37446 51608
96311 6552 141533
6552 96311 141533
141533 6552 96311
3634 111041 143120
143120 3634 111041
111041 3634 143120
47619 109061 109425
109425 47619 109061
109061 47619 109425
143047 144308 148528
144308 143047 148528
148528 143047 144308
67277 9390 70433
9390 67277 70433
70433 9390 67277
123148 82816 98901
98901 82816 123148
82816 98901 123148
103604 81846 125799
81846 103604 125799
125799 81846 103604
62819 67835 137407
67835 62819 137407
137407 62819 67835
58363 19135 99912
99912 19135 58363
19135 58363 99912
29426 90291 95738
90291 29426 95738
95738 29426 90291
85415 22593 42151
42151 22593 85415
22593 42151 85415
43424 113652 117698
117698 43424 113652
113652 43424 117698
83523 8777 65196
65196 8777 83523
8777 65196 83523
127916 93629 112128
93629 112128 127916
112128 93629 127916
141849 7220 77467
77467 7220 141849
7220 77467 141849
89359 63788 100984
100984 63788 89359
63788 89359 100984
83136 2181 84407
84407 2181 83136
2181 83136 84407
69123 61863 146747
61863 69123 146747
146747 61863 69123
91110 54367 55806
55806 54367 91110
54367 55806 91110
120465 80873 145803
145803 80873 120465
80873 120465 145803
94944 16415 144863
144863 16415 94944
16415 94944 144863
48667 142178 144721
144721 48667 142178
142178 48667 144721
51276 25013 103876
25013 51276 103876
103876 25013 51276
21641 37543 93271
37543 21641 93271
93271 21641 37543
138626 65893 135064
135064 65893 138626
65893 135064 138626
55975 26835 87464
87464 26835 55975
26835 55975 87464
75260 15103 69354
15103 69354 75260
69354 15103 75260
7669 96829 115424
96829 7669 115424
115424 7669 96829
29214 29263 108683
29263 29214 108683
108683 29214 29263
23273 107859 119989
119989 23273 107859
107859 23273 119989
5727 22264 91954
91954 5727 22264
22264 5727 91954
31197 84841 125162
125162 31197 84841
84841 31197 125162
43725 85070 148929
85070 43725 148929
148929 43725 85070
85203 9240 69296
69296 9240 85203
9240 69296 85203
71081 50207 75659
50207 71081 75659
75659 50207 71081
29597 89541 107452
107452 29597 89541
89541 29597 107452
139436 21616 84603
84603 21616 139436
21616 84603 139436
24275 91710 149528
91710 24275 149528
149528 24275 91710
101043 92413 115393
92413 101043 115393
115393 92413 101043
4116 50674 56739
50674 4116 56739
56739 4116 50674
7942 78667 132802
78667 7942 132802
132802 7942 78667
68157 9545 115510
115510 9545 68157
9545 68157 115510
72294 39809 99699
99699 39809 72294
39809 72294 99699
61438 44102 60516
44102 60516 61438
60516 44102 61438
1522 79386 112804
112804 1522 79386
79386 1522 112804
118801 6912 82528
82528 6912 118801
6912 82528 118801
60524 12708 101525
12708 60524 101525
101525 12708 60524
57072 11523 124379
124379 11523 57072
11523 57072 124379
59383 109029 149200
109029 59383 149200
149200 59383 109029
137148 58914 65978
65978 58914 137148
58914 65978 137148
47030 29723 146499
29723 47030 146499
146499 29723 47030
127538 80316 122304
122304 80316 127538
80316 122304 127538
148809 13403 87810
13403 87810 148809
87810 13403 148809
64563 2576 103835
103835 2576 64563
2576 64563 103835
129284 25048 112647
112647 25048 129284
25048 112647 129284
71962 25961 51999
51999 25961 71962
25961 51999 71962
90893 61911 83316
83316 61911 90893
61911 83316 90893
21384 120752 128928
120752 21384 128928
128928 21384 120752
58043 55092 72688
55092 58043 72688
72688 55092 58043
135387 31684 38278
31684 38278 135387
38278 31684 135387
78705 61234 94492
94492 61234 78705
61234 78705 94492
86598 43384 111791
43384 86598 111791
111791 43384 86598
101701 75595 138311
75595 101701 138311
138311 75595 101701
75395 95717 115986
115986 75395 95717
95717 75395 115986
44668 56201 71650
71650 44668 56201
56201 44668 71650
59418 27706 61992
27706 59418 61992
61992 27706 59418
68646 85023 120554
120554 68646 85023
85023 68646 120554
102492 112231 113905
113905 102492 112231
112231 102492 113905
31340 9906 26097
26097 9906 31340
9906 26097 31340
61208 36756 118557
118557 36756 61208
36756 61208 118557
53209 5148 25988
5148 25988 53209
25988 5148 53209
44177 52015 118899
52015 44177 118899
118899 44177 52015
94175 31388 92563
92563 31388 94175
31388 92563 94175
41280 85212 98565
98565 41280 85212
85212 41280 98565
93579 126237 149461
149461 93579 126237
126237 93579 149461
1241 2882 127851
127851 1241 2882
2882 1241 127851
105463 82745 116129
116129 82745 105463
82745 105463 116129
124451 87057 145316
145316 87057 124451
87057 124451 145316
52155 85624 97095
85624 52155 97095
97095 52155 85624
52070 53691 88120
53691 52070 88120
88120 52070 53691
49470 45199 136156
45199 49470 136156
136156 45199 49470
117112 11474 70793
11474 70793 117112
70793 11474 117112
139147 25299 59391
59391 25299 139147
25299 59391 139147
108783 25294 38038
38038 25294 108783
25294 38038 108783
7094 31798 76361
76361 7094 31798
31798 7094 76361
59995 132786 137404
132786 59995 137404
137404 59995 132786
99820 97834 120559
97834 99820 120559
120559 97834 99820
120965 11921 96963
11921 96963 120965
96963 11921 120965
5600 101340 132654
132654 5600 101340
101340 5600 132654
62470 77086 121296
77086 62470 121296
121296 62470 77086
14396 47802 63462
63462 14396 47802
47802 14396 63462
129158 29471 101042
29471 101042 129158
101042 29471 129158
87217 89417 138127
89417 87217 138127
138127 87217 89417
41049 57534 82519
57534 41049 82519
82519 41049 57534
64384 8503 42678
42678 8503 64384
8503 42678 64384
147471 49667 145688
145688 49667 147471
49667 145688 147471
136158 36357 104136
104136 36357 136158
36357 104136 136158
63003 24546 110783
110783 24546 63003
24546 63003 110783
26815 3585 3950
3950 3585 26815
3585 3950 26815
84991 73522 113192
113192 73522 84991
73522 84991 113192
104714 111230 118387
118387 104714 111230
111230 104714 118387
92362 18483 46641
18483 46641 92362
46641 18483 92362
13012 50559 82371
82371 13012 50559
50559 13012 82371
53616 68399 78289
68399 53616 78289
78289 53616 68399
103741 64793 96782
64793 96782 103741
96782 64793 103741
50590 25043 101824
101824 25043 50590
25043 50590 101824
69478 80000 106545
106545 69478 80000
80000 69478 106545
25276 58425 101713
58425 25276 101713
101713 25276 58425
99033 72851 79527
72851 79527 99033
79527 72851 99033
39393 111129 122640
111129 39393 122640
122640 39393 111129
117132 36747 132778
132778 36747 117132
36747 117132 132778
77010 38211 136061
38211 77010 136061
136061 38211 77010
129090 60377 141360
141360 60377 129090
60377 129090 141360
41033 12335 63615
12335 41033 63615
63615 12335 41033
3282 97965 112721
97965 3282 112721
112721 3282 97965
69801 31735 95034
31735 69801 95034
95034 31735 69801
73003 73730 138121
138121 73003 73730
73730 73003 138121
149580 81869 107555
81869 107555 149580
107555 81869 149580
56529 47734 88146
47734 56529 88146
88146 47734 56529
22471 114567 130719
114567 22471 130719
130719 22471 114567
23189 77386 139123
77386 23189 139123
139123 23189 77386
63383 46823 123018
123018 46823 63383
46823 63383 123018
57113 31116 74786
31116 57113 74786
74786 31116 57113
79902 12528 67906
12528 67906 79902
67906 12528 79902
68394 3630 112432
3630 68394 112432
112432 3630 68394
113438 11733 42659
42659 11733 113438
11733 42659 113438
81841 97386 108809
108809 81841 97386
97386 81841 108809
1057 56531 65307
65307 1057 56531
56531 1057 65307
34219 18538 59745
59745 18538 34219
18538 34219 59745
140103 9277 97660
9277 97660 140103
97660 9277 140103
14613 13304 129759
129759 13304 14613
13304 14613 129759
147646 42806 114151
42806 114151 147646
114151 42806 147646
54785 35273 68013
68013 35273 54785
35273 54785 68013
31664 10780 71837
71837 10780 31664
10780 31664 71837
110404 30444 136708
30444 110404 136708
136708 30444 110404
10018 11682 17277
17277 10018 11682
11682 10018 17277
49825 18401 83598
18401 49825 83598
83598 18401 49825
149674 90880 137227
90880 137227 149674
137227 90880 149674
94955 47062 80898
47062 80898 94955
80898 47062 94955
120051 107677 127353
107677 120051 127353
127353 107677 120051
136459 19132 143975
19132 136459 143975
143975 19132 136459
38350 95264 133576
133576 38350 95264
95264 38350 133576
139792 26343 111517
111517 26343 139792
26343 111517 139792
19070 68611 141260
141260 19070 68611
68611 19070 141260
111300 78946 137131
137131 78946 111300
78946 111300 137131
1586 10107 146511
146511 1586 10107
10107 1586 146511
126601 24685 38996
24685 38996 126601
38996 24685 126601
104354 97620 114695
114695 97620 104354
97620 104354 114695
138751 128611 142624
128611 138751 142624
142624 128611 138751
23180 13494 114905
114905 13494 23180
13494 23180 114905
113817 7555 10426
10426 7555 113817
7555 10426 113817
141442 87204 129487
87204 129487 141442
129487 87204 141442
46809 22234 99334
22234 46809 99334
99334 22234 46809
32900 24772 87224
24772 32900 87224
87224 24772 32900
17325 17844 90295
17844 17325 90295
90295 17325 17844
38561 3086 93805
93805 3086 38561
3086 38561 93805
107813 118627 125326
125326 107813 118627
118627 107813 125326
10295 94530 102072
94530 10295 102072
102072 10295 94530
30675 1062 105863
1062 30675 105863
105863 1062 30675
92464 38039 82011
38039 82011 92464
82011 38039 92464
98163 17210 113097
17210 98163 113097
113097 17210 98163
22359 101416 101852
101852 22359 101416
101416 22359 101852
128964 27831 112718
27831 112718 128964
112718 27831 128964
48956 45084 128388
128388 45084 48956
45084 48956 128388
109522 30582 67981
67981 30582 109522
30582 67981 109522
87247 1695 38180
38180 1695 87247
1695 38180 87247
83746 40351 137324
40351 83746 137324
137324 40351 83746
8614 86237 137883
137883 8614 86237
86237 8614 137883
119099 27860 58685
58685 27860 119099
27860 58685 119099
112791 76528 131423
131423 76528 112791
76528 112791 131423
11722 56637 146994
56637 11722 146994
146994 11722 56637
18029 45186 48066
45186 18029 48066
48066 18029 45186
76267 47247 51581
51581 47247 76267
47247 51581 76267
709 57299 94106
94106 709 57299
57299 709 94106
51131 38716 104077
38716 51131 104077
104077 38716 51131
32761 28003 28208
28208 28003 32761
28003 28208 32761
80690 8888 117250
117250 8888 80690
8888 80690 117250
89640 92769 121258
121258 89640 92769
92769 89640 121258
86712 28451 54242
28451 54242 86712
54242 28451 86712
99493 107411 143955
107411 99493 143955
143955 99493 107411
103430 72189 86640
86640 72189 103430
72189 86640 103430
33700 9323 115579
115579 9323 33700
9323 33700 115579
144071 45661 76494
76494 45661 144071
45661 76494 144071
41025 61877 97901
97901 41025 61877
61877 41025 97901
13984 42668 130609
42668 13984 130609
130609 13984 42668
124983 10914 38819
38819 10914 124983
10914 38819 124983
26444 49523 83694
49523 26444 83694
83694 26444 49523
27155 88232 90724
88232 27155 90724
90724 27155 88232
33454 14703 47023
14703 33454 47023
47023 14703 33454
41492 95916 117288
95916 41492 117288
117288 41492 95916
102053 101835 121575
121575 101835 102053
101835 102053 121575
137086 7665 59367
7665 59367 137086
59367 7665 137086
107831 77401 85154
85154 77401 107831
77401 85154 107831
85155 16890 42938
16890 42938 85155
42938 16890 85155
116385 53284 66560
66560 53284 116385
53284 66560 116385
41089 12638 52102
52102 12638 41089
12638 41089 52102
23734 35342 48291
48291 23734 35342
35342 23734 48291
16561 66218 94099
66218 16561 94099
94099 16561 66218
12427 102026 145217
145217 12427 102026
102026 12427 145217
70329 23040 64614
64614 23040 70329
23040 64614 70329
8007 77695 144790
144790 8007 77695
77695 8007 144790
8421 72078 72828
72828 8421 72078
72078 8421 72828
48302 24964 105824
105824 24964 48302
24964 48302 105824
65256 28583 95231
95231 28583 65256
28583 65256 95231
145133 5534 144691
5534 144691 145133
144691 5534 145133
17276 102223 138355
102223 17276 138355
138355 17276 102223
108036 46088 64515
46088 64515 108036
64515 46088 108036
107094 43243 90839
43243 90839 107094
90839 43243 107094
106365 79828 139230
139230 79828 106365
79828 106365 139230
36861 36085 108079
36085 36861 108079
108079 36085 36861
135867 55413 89857
89857 55413 135867
55413 89857 135867
35589 12059 41932
41932 12059 35589
12059 35589 41932
149578 35641 146941
146941 35641 149578
35641 146941 149578
9243 36460 92512
92512 9243 36460
36460 9243 92512
99113 98652 119393
98652 99113 119393
119393 98652 99113
63837 20807 126037
126037 20807 63837
20807 63837 126037
131606 49774 133002
49774 131606 133002
133002 49774 131606
87346 14727 20581
14727 20581 87346
20581 14727 87346
95445 21932 93322
93322 21932 95445
21932 93322 95445
12322 63452 87274
63452 12322 87274
87274 12322 63452
34686 39241 129931
129931 34686 39241
39241 34686 129931
45928 27676 117543
27676 45928 117543
117543 27676 45928
4050 948 84269
948 4050 84269
84269 948 4050
93303 66873 83261
66873 83261 93303
83261 66873 93303
24620 69000 102054
69000 24620 102054
102054 24620 69000
22136 35390 84279
35390 22136 84279
84279 22136 35390
56943 43601 148524
148524 43601 56943
43601 56943 148524
58174 69143 130461
130461 58174 69143
69143 58174 130461
110984 9353 136318
9353 110984 136318
136318 9353 110984
131468 69231 102727
69231 102727 131468
102727 69231 131468
69286 8616 12021
8616 12021 69286
12021 8616 69286
118736 77888 94176
94176 77888 118736
77888 94176 118736
34244 15639 104255
104255 15639 34244
15639 34244 104255
82981 48871 136754
136754 48871 82981
48871 82981 136754
146870 52356 64105
64105 52356 146870
52356 64105 146870
24293 72305 101158
101158 24293 72305
72305 24293 101158
67493 83249 143804
83249 67493 143804
143804 67493 83249
99481 36223 39618
39618 36223 99481
36223 39618 99481
143725 3101 90224
3101 90224 143725
90224 3101 143725
128149 103318 113979
113979 103318 128149
103318 113979 128149
51657 34284 111505
34284 51657 111505
111505 34284 51657
31834 114543 120265
120265 31834 114543
114543 31834 120265
129301 475 72523
72523 475 129301
475 72523 129301
73316 80855 82065
80855 73316 82065
82065 73316 80855
29151 12843 49363
12843 29151 49363
49363 12843 29151
116801 27950 123927
27950 116801 123927
123927 27950 116801
129974 27674 95886
95886 27674 129974
27674 95886 129974
36841 36111 131957
36111 36841 131957
131957 36111 36841
71087 6486 89158
89158 6486 71087
6486 71087 89158
18231 27863 85071
85071 18231 27863
27863 18231 85071
128206 31550 62261
31550 62261 128206
62261 31550 128206
106082 21413 91008
91008 21413 106082
21413 91008 106082
8018 52652 67864
52652 8018 67864
67864 8018 52652
20638 54010 149672
149672 20638 54010
54010 20638 149672
1412 60728 60940
60728 1412 60940
60940 1412 60728
42685 105247 126878
126878 42685 105247
105247 42685 126878
90104 116002 145452
145452 90104 116002
116002 90104 145452
24150 88725 122039
88725 24150 122039
122039 24150 88725
84990 57536 133499
133499 57536 84990
57536 84990 133499
135374 33724 133538
133538 33724 135374
33724 133538 135374
27444 2505 103526
103526 2505 27444
2505 27444 103526
67305 4747 115372
115372 4747 67305
4747 67305 115372
76438 108681 117215
117215 76438 108681
108681 76438 117215
24371 62337 93531
62337 24371 93531
93531 24371 62337
136567 47413 70403
70403 47413 136567
47413 70403 136567
51716 4782 38084
4782 38084 51716
38084 4782 51716
116634 1097 115905
1097 115905 116634
115905 1097 116634
78148 58429 102826
58429 78148 102826
102826 58429 78148
18828 73800 74773
73800 18828 74773
74773 18828 73800
132616 62850 133787
62850 132616 133787
133787 62850 132616
31187 62887 135494
135494 31187 62887
62887 31187 135494
50526 5151 142249
142249 5151 50526
5151 50526 142249
55184 14059 69968
14059 55184 69968
69968 14059 55184
56955 97155 117884
117884 56955 97155
97155 56955 117884
144675 70026 111991
70026 111991 144675
111991 70026 144675
145030 38163 39432
39432 38163 145030
38163 39432 145030
87636 93786 140331
140331 87636 93786
93786 87636 140331
8271 36013 110929
36013 8271 110929
110929 8271 36013
19289 112608 145208
145208 19289 112608
112608 19289 145208
52734 40378 147913
147913 40378 52734
40378 52734 147913
93836 43390 132967
43390 93836 132967
132967 43390 93836
99718 10663 26788
10663 26788 99718
26788 10663 99718
3573 3530 75645
75645 3530 3573
3530 3573 75645
145020 8376 127002
127002 8376 145020
8376 127002 145020
75035 35430 129644
129644 35430 75035
35430 75035 129644
28511 51683 77618
77618 28511 51683
51683 28511 77618
110032 27681 45515
27681 45515 110032
45515 27681 110032
102764 41290 117621
117621 41290 102764
41290 102764 117621
2218 95687 107766
107766 2218 95687
95687 2218 107766
104406 30262 65989
65989 30262 104406
30262 65989 104406
80598 53165 110022
53165 80598 110022
110022 53165 80598
78975 2352 105667
2352 78975 105667
105667 2352 78975
138877 68164 144380
144380 68164 138877
68164 138877 144380
86169 104584 119044
104584 86169 119044
119044 86169 104584
134644 33702 71881
33702 71881 134644
71881 33702 134644
107974 86388 149779
149779 86388 107974
86388 107974 149779
32444 65166 143605
65166 32444 143605
143605 32444 65166
51681 48916 97940
48916 51681 97940
97940 48916 51681
73845 7146 34536
7146 34536 73845
34536 7146 73845
125827 45419 84532
45419 84532 125827
84532 45419 125827
108125 112428 118884
118884 108125 112428
112428 108125 118884
69177 52179 127067
52179 69177 127067
127067 52179 69177
134757 7387 122275
7387 122275 134757
122275 7387 134757
67661 47052 130337
130337 47052 67661
47052 67661 130337
41166 33639 41148
41148 33639 41166
33639 41148 41166
16758 45536 67039
67039 16758 45536
45536 16758 67039
47255 63597 94296
63597 47255 94296
94296 47255 63597
53532 95279 108371
95279 53532 108371
108371 53532 95279
20241 18521 42401
42401 18521 20241
18521 20241 42401
69967 10405 105812
10405 69967 105812
105812 10405 69967
130422 12421 54089
54089 12421 130422
12421 54089 130422
77610 19113 34863
19113 34863 77610
34863 19113 77610
72987 66272 135105
66272 72987 135105
135105 66272 72987
111093 15418 41134
15418 41134 111093
41134 15418 111093
14667 11988 70001
11988 14667 70001
70001 11988 14667
47721 97397 133407
97397 47721 133407
133407 47721 97397
15193 57332 79304
57332 15193 79304
79304 15193 57332
137275 51551 100765
51551 100765 137275
100765 51551 137275
48117 95089 142168
142168 48117 95089
95089 48117 142168
86952 77084 144083
77084 86952 144083
144083 77084 86952
74009 9320 128223
128223 9320 74009
9320 74009 128223
117578 75953 79418
79418 75953 117578
75953 79418 117578
18004 85152 125758
125758 18004 85152
85152 18004 125758
35776 53426 57700
57700 35776 53426
53426 35776 57700
118163 112503 121092
121092 112503 118163
112503 118163 121092
51088 80797 104552
104552 51088 80797
80797 51088 104552
108679 23075 68639
23075 68639 108679
68639 23075 108679
87780 56563 82173
82173 56563 87780
56563 82173 87780
62373 109494 132925
132925 62373 109494
109494 62373 132925
40773 8652 88812
88812 8652 40773
8652 40773 88812
69276 77771 121451
77771 69276 121451
121451 69276 77771
61588 86534 121449
86534 61588 121449
121449 61588 86534
103386 3179 60540
60540 3179 103386
3179 60540 103386
31186 5714 31011
5714 31011 31186
31011 5714 31186
140022 8216 130789
8216 130789 140022
130789 8216 140022
62565 18860 149876
149876 18860 62565
18860 62565 149876
148533 83757 102849
102849 83757 148533
83757 102849 148533
74287 64915 124835
124835 64915 74287
64915 74287 124835
104026 76413 96312
96312 76413 104026
76413 96312 104026
107882 18907 30123
18907 30123 107882
30123 18907 107882
78803 73699 104395
104395 73699 78803
73699 78803 104395
104207 56264 146077
56264 104207 146077
146077 56264 104207
1283 79817 93570
93570 1283 79817
79817 1283 93570
102042 34276 145453
145453 34276 102042
34276 102042 145453
71394 45379 60126
45379 60126 71394
60126 45379 71394
148322 19812 83382
19812 83382 148322
83382 19812 148322
128291 74590 117083
117083 74590 128291
74590 117083 128291
143025 61231 112809
112809 61231 143025
61231 112809 143025
76648 23791 46839
46839 23791 76648
23791 46839 76648
100883 8156 91179
8156 91179 100883
91179 8156 100883
49687 8609 39609
39609 8609 49687
8609 39609 49687
117075 68930 108050
108050 68930 117075
68930 108050 117075
69341 1012 12004
1012 12004 69341
12004 1012 69341
107278 86596 97658
97658 86596 107278
86596 97658 107278
31239 52496 108445
108445 31239 52496
52496 31239 108445
14755 6621 59374
6621 14755 59374
59374 6621 14755
20123 38832 99212
99212 20123 38832
38832 20123 99212
5167 89306 149766
89306 5167 149766
149766 5167 89306
5622 16003 78032
16003 5622 78032
78032 5622 16003
34382 18914 37262
37262 18914 34382
18914 34382 37262
101007 77905 84673
84673 77905 101007
77905 84673 101007
141962 57621 67574
67574 57621 141962
57621 67574 141962
117695 18520 30067
18520 30067 117695
30067 18520 117695
9500 5067 137986
137986 5067 9500
5067 9500 137986
29812 25479 121584
25479 29812 121584
121584 25479 29812
116814 129722 136163
136163 116814 129722
129722 116814 136163
42954 79233 148459
79233 42954 148459
148459 42954 79233
103538 51481 90411
90411 51481 103538
51481 90411 103538
114983 67254 149911
149911 67254 114983
67254 114983 149911
28708 101633 107998
107998 28708 101633
101633 28708 107998
98543 53072 67909
53072 67909 98543
67909 53072 98543
14623 10175 25582
25582 10175 14623
10175 14623 25582
114781 7581 45738
45738 7581 114781
7581 45738 114781
123870 66715 121124
66715 121124 123870
121124 66715 123870
143399 63879 135663
135663 63879 143399
63879 135663 143399
143595 85906 129256
85906 129256 143595
129256 85906 143595
70788 32558 108138
32558 70788 108138
108138 32558 70788
63399 36886 106597
36886 63399 106597
106597 36886 63399
96888 29705 61472
29705 61472 96888
61472 29705 96888
135198 35406 37421
35406 37421 135198
37421 35406 135198
34496 44095 73898
73898 34496 44095
44095 34496 73898
81106 65663 118808
118808 65663 81106
65663 81106 118808
48231 103866 106624
103866 48231 106624
106624 48231 103866
116387 125054 125397
125054 116387 125397
125397 116387 125054
71870 29187 120698
29187 71870 120698
120698 29187 71870
96962 13953 41202
41202 13953 96962
13953 41202 96962
104848 6625 46936
6625 46936 104848
46936 6625 104848
104572 52092 86040
86040 52092 104572
52092 86040 104572
44360 2402 21247
2402 21247 44360
21247 2402 44360
70016 42082 111997
111997 42082 70016
42082 70016 111997
15771 54499 75179
75179 15771 54499
54499 15771 75179
78601 18594 102953
102953 18594 78601
18594 78601 102953
117923 74431 120715
120715 74431 117923
74431 117923 120715
76800 102050 109391
109391 76800 102050
102050 76800 109391
59559 2049 133092
133092 2049 59559
2049 59559 133092
38877 86998 139345
86998 38877 139345
139345 38877 86998
109743 75708 113064
75708 109743 113064
113064 75708 109743
56995 29355 53829
53829 29355 56995
29355 53829 56995
43307 58181 145276
58181 43307 145276
145276 43307 58181
11826 63893 92907
63893 11826 92907
92907 11826 63893
58483 14559 41706
41706 14559 58483
14559 41706 58483
46037 76767 84019
84019 46037 76767
76767 46037 84019
54980 793 77471
77471 793 54980
793 54980 77471
144858 7607 16668
7607 16668 144858
16668 7607 144858
134937 37941 133526
133526 37941 134937
37941 133526 134937
140100 27359 45243
45243 27359 140100
27359 45243 140100
133903 17635 35878
17635 35878 133903
35878 17635 133903
135306 15807 99705
99705 15807 135306
15807 99705 135306
4775 95454 122917
95454 4775 122917
122917 4775 95454
30505 70116 81099
70116 30505 81099
81099 30505 70116
117180 54483 136776
136776 54483 117180
54483 117180 136776
59598 602 74926
602 59598 74926
74926 602 59598
132885 98042 102005
98042 102005 132885
102005 98042 132885
42878 43803 56525
56525 42878 43803
43803 42878 56525
131766 565 10450
565 10450 131766
10450 565 131766
85279 67406 82555
82555 67406 85279
67406 82555 85279
112011 13958 123160
13958 112011 123160
123160 13958 112011
100059 32534 86530
86530 32534 100059
32534 86530 100059
66697 52085 137240
52085 66697 137240
137240 52085 66697
95693 61544 138215
61544 95693 138215
138215 61544 95693
2725 42325 62510
62510 2725 42325
42325 2725 62510
103082 90716 101219
101219 90716 103082
90716 101219 103082
75470 62582 118477
62582 75470 118477
118477 62582 75470
37939 3605 54254
54254 3605 37939
3605 37939 54254
119657 63158 76558
76558 63158 119657
63158 76558 119657
136884 9122 72387
9122 72387 136884
72387 9122 136884
109312 64510 132007
64510 109312 132007
132007 64510 109312
167 41326 140161
41326 167 140161
140161 167 41326
99315 25279 115803
25279 99315 115803
115803 25279 99315
25463 75732 136531
136531 25463 75732
75732 25463 136531
106618 30294 104864
104864 30294 106618
30294 104864 106618
46251 37993 148002
148002 37993 46251
37993 46251 148002
20291 37524 51136
51136 20291 37524
37524 20291 51136
108801 78222 92285
78222 92285 108801
92285 78222 108801
95394 7358 118883
7358 95394 118883
118883 7358 95394
16860 17796 60734
17796 16860 60734
60734 16860 17796
80568 53427 55568
53427 55568 80568
55568 53427 80568
97015 23514 115400
23514 97015 115400
115400 23514 97015
94907 10460 136263
10460 94907 136263
136263 10460 94907
29580 84684 128160
84684 29580 128160
128160 29580 84684
46760 27423 76636
76636 27423 46760
27423 46760 76636
19287 59788 82541
59788 19287 82541
82541 19287 59788
58672 75961 143088
75961 58672 143088
143088 58672 75961
103651 109146 127523
109146 103651 127523
127523 103651 109146
115284 6812 12721
12721 6812 115284
6812 12721 115284
106797 90003 109456
109456 90003 106797
90003 106797 109456
86629 12310 45510
45510 12310 86629
12310 45510 86629
5644 28312 133992
133992 5644 28312
28312 5644 133992
77124 28113 73361
73361 28113 77124
28113 73361 77124
67830 37503 93762
93762 37503 67830
37503 67830 93762
114356 9981 23330
9981 23330 114356
23330 9981 114356
59879 22185 53118
53118 22185 59879
22185 53118 59879
79887 9459 13112
13112 9459 79887
9459 13112 79887
64264 62240 116867
62240 64264 116867
116867 62240 64264
99994 87619 149093
149093 87619 99994
87619 99994 149093
274 2141 62280
2141 274 62280
62280 274 2141
101684 45037 51002
51002 45037 101684
45037 51002 101684
4796 78369 123122
123122 4796 78369
78369 4796 123122
13850 65933 136060
136060 13850 65933
65933 13850 136060
97221 118880 122485
122485 97221 118880
118880 97221 122485
21821 56655 84681
84681 21821 56655
56655 21821 84681
121400 27849 41424
41424 27849 121400
27849 41424 121400
68120 67583 125931
67583 68120 125931
125931 67583 68120
133726 106621 110016
106621 110016 133726
110016 106621 133726
85856 32769 146405
32769 85856 146405
146405 32769 85856
3948 536 115739
536 3948 115739
115739 536 3948
64809 4182 101105
4182 64809 101105
101105 4182 64809
137491 42601 66260
66260 42601 137491
42601 66260 137491
20056 131569 149741
149741 20056 131569
131569 20056 149741
115823 85686 115570
115570 85686 115823
85686 115570 115823
54991 57090 60382
60382 54991 57090
57090 54991 60382
40106 69474 104194
104194 40106 69474
69474 40106 104194
8727 147375 149434
149434 8727 147375
147375 8727 149434
51691 86732 116775
116775 51691 86732
86732 51691 116775
75968 74196 138042
74196 75968 138042
138042 74196 75968
138667 6790 100693
6790 100693 138667
100693 6790 138667
69377 103052 134504
103052 69377 134504
134504 69377 103052
110140 85967 120356
120356 85967 110140
85967 110140 120356
67101 36467 108415
36467 67101 108415
108415 36467 67101
47780 4392 40237
4392 40237 47780
40237 4392 47780
93346 83345 149050
83345 93346 149050
149050 83345 93346
45242 50717 135801
50717 45242 135801
135801 45242 50717
19255 11852 81378
11852 19255 81378
81378 11852 19255
14327 104317 114011
114011 14327 104317
104317 14327 114011
136667 68125 137655
137655 68125 136667
68125 136667 137655
149447 5057 147661
147661 5057 149447
5057 147661 149447
76853 67075 87116
87116 67075 76853
67075 76853 87116
17075 95133 127488
95133 17075 127488
127488 17075 95133
18025 117533 124573
124573 18025 117533
117533 18025 124573
11252 45009 69954
69954 11252 45009
45009 11252 69954
122223 117913 149825
117913 122223 149825
149825 117913 122223
35155 10703 26498
10703 26498 35155
26498 10703 35155
75000 43821 124889
43821 75000 124889
124889 43821 75000
48010 36231 115074
36231 48010 115074
115074 36231 48010
36482 50891 109300
50891 36482 109300
109300 36482 50891
122295 30250 53729
53729 30250 122295
30250 53729 122295
34490 9230 17631
9230 17631 34490
17631 9230 34490
44147 53019 75811
53019 44147 75811
75811 44147 53019
141509 26173 35071
35071 26173 141509
26173 35071 141509
62315 104538 108544
108544 62315 104538
104538 62315 108544
135356 7630 39310
39310 7630 135356
7630 39310 135356
31442 23097 38847
23097 31442 38847
38847 23097 31442
119514 1905 142202
1905 119514 142202
142202 1905 119514
127817 127903 128469
127903 127817 128469
128469 127817 127903
108963 5072 147100
5072 108963 147100
147100 5072 108963
58826 9931 9995
9931 9995 58826
9995 9931 58826
65480 15400 45590
45590 15400 65480
15400 45590 65480
74058 39828 122359
122359 39828 74058
39828 74058 122359
147628 57254 149488
57254 147628 149488
149488 57254 147628
66065 28433 132618
28433 66065 132618
132618 28433 66065
135207 137706 144648
144648 135207 137706
137706 135207 144648
97630 143438 146987
146987 97630 143438
143438 97630 146987
74896 13661 45162
45162 13661 74896
13661 45162 74896
39735 99088 103255
103255 39735 99088
99088 39735 103255
146877 55217 88691
55217 88691 146877
88691 55217 146877
74464 20526 87360
20526 74464 87360
87360 20526 74464
72722 30345 117862
30345 72722 117862
117862 30345 72722
124861 56817 99551
99551 56817 124861
56817 99551 124861
145711 59756 84596
59756 84596 145711
84596 59756 145711
7639 73771 98285
73771 7639 98285
98285 7639 73771
148201 85733 111203
111203 85733 148201
85733 111203 148201
96747 31228 63823
31228 63823 96747
63823 31228 96747
141619 89471 95255
95255 89471 141619
89471 95255 141619
84587 825 48578
825 48578 84587
48578 825 84587
85423 10849 101365
10849 85423 101365
101365 10849 85423
94805 73007 123901
123901 73007 94805
73007 94805 123901
40766 63754 130357
63754 40766 130357
130357 40766 63754
64890 50093 139896
139896 50093 64890
50093 64890 139896
39442 21103 47932
47932 21103 39442
21103 39442 47932
84057 10281 108771
108771 10281 84057
10281 84057 108771
35332 58797 59413
58797 35332 59413
59413 35332 58797
63129 49739 106562
106562 49739 63129
49739 63129 106562
91501 25832 110415
110415 25832 91501
25832 91501 110415
103959 50005 69218
50005 69218 103959
69218 50005 103959
122919 60574 97508
60574 97508 122919
97508 60574 122919
43657 103466 125539
103466 43657 125539
125539 43657 103466
35561 350 136223
136223 350 35561
350 35561 136223
8056 114653 147537
114653 8056 147537
147537 8056 114653
134925 3132 40352
3132 40352 134925
40352 3132 134925
92154 52665 135191
135191 52665 92154
52665 92154 135191
39619 66110 122462
66110 39619 122462
122462 39619 66110
147209 68074 137802
137802 68074 147209
68074 137802 147209
128322 2935 112632
2935 112632 128322
112632 2935 128322
69897 78118 82640
82640 69897 78118
78118 69897 82640
110131 65576 79317
79317 65576 110131
65576 79317 110131
134245 8588 112666
112666 8588 134245
8588 112666 134245
111181 13797 36006
13797 36006 111181
36006 13797 111181
106459 49336 95237
95237 49336 106459
49336 95237 106459
132571 42904 96109
96109 42904 132571
42904 96109 132571
93217 57016 109070
109070 57016 93217
57016 93217 109070
105321 45208 84095
84095 45208 105321
45208 84095 105321
1397 40230 81166
40230 1397 81166
81166 1397 40230
136270 52005 99830
52005 99830 136270
99830 52005 136270
91479 13039 91809
91809 13039 91479
13039 91479 91809
137943 86393 98423
86393 98423 137943
98423 86393 137943
121118 70185 110399
70185 110399 121118
110399 70185 121118
125664 57766 124070
57766 124070 125664
124070 57766 125664
42597 61665 114729
114729 42597 61665
61665 42597 114729
62673 1177 34627
34627 1177 62673
1177 34627 62673
131317 68181 88470
88470 68181 131317
68181 88470 131317
81149 50373 126652
126652 50373 81149
50373 81149 126652
4993 62469 75562
75562 4993 62469
62469 4993 75562
111597 73540 114182
114182 73540 111597
73540 111597 114182
55929 42081 68232
42081 55929 68232
68232 42081 55929
89519 65463 138591
65463 89519 138591
138591 65463 89519
85276 5196 8077
8077 5196 85276
5196 8077 85276
56734 33362 93667
93667 33362 56734
33362 56734 93667
131047 37794 51695
37794 51695 131047
51695 37794 131047
130392 82331 148293
82331 130392 148293
148293 82331 130392
144241 22508 53443
53443 22508 144241
22508 53443 144241
105215 127968 132449
132449 105215 127968
127968 105215 132449
53155 24799 51412
24799 51412 53155
51412 24799 53155
103874 8111 83889
83889 8111 103874
8111 83889 103874
10454 8758 48882
48882 8758 10454
8758 10454 48882
36365 37452 93048
37452 36365 93048
93048 36365 37452
39011 24026 67041
24026 39011 67041
67041 24026 39011
10867 54362 119703
119703 10867 54362
54362 10867 119703
142335 16216 139127
16216 139127 142335
139127 16216 142335
17187 3872 65718
3872 17187 65718
65718 3872 17187
115743 37682 107988
107988 37682 115743
37682 107988 115743
59158 42780 129423
129423 42780 59158
42780 59158 129423
101258 64729 85827
85827 64729 101258
64729 85827 101258
31288 42357 133277
42357 31288 133277
133277 31288 42357
130378 80354 127712
80354 127712 130378
127712 80354 130378
80470 18387 61628
61628 18387 80470
18387 61628 80470
9334 30682 144451
30682 9334 144451
144451 9334 30682
102969 190 16135
16135 190 102969
190 16135 102969
99363 87742 98887
98887 87742 99363
87742 98887 99363
144478 29259 110323
29259 110323 144478
110323 29259 144478
126568 64031 142082
142082 64031 126568
64031 126568 142082
54433 36453 47003
36453 47003 54433
47003 36453 54433
15953 17662 31019
31019 15953 17662
17662 15953 31019
11113 77625 90216
77625 11113 90216
90216 11113 77625
94336 111386 135887
111386 94336 135887
135887 94336 111386
98666 93029 137906
137906 93029 98666
93029 98666 137906
23446 124460 141420
141420 23446 124460
124460 23446 141420
55548 74912 78560
78560 55548 74912
74912 55548 78560
36716 36780 59141
59141 36716 36780
36780 36716 59141
100764 22108 137590
137590 22108 100764
22108 100764 137590
20187 119983 139552
139552 20187 119983
119983 20187 139552
96494 85467 119568
85467 96494 119568
119568 85467 96494
57902 22511 88596
88596 22511 57902
22511 57902 88596
72183 54150 90086
90086 54150 72183
54150 72183 90086
147656 23054 106915
106915 23054 147656
23054 106915 147656
24131 47869 79658
47869 24131 79658
79658 24131 47869
22421 86360 96292
96292 22421 86360
86360 22421 96292
64884 74695 84396
84396 64884 74695
74695 64884 84396
102130 118162 126125
126125 102130 118162
118162 102130 126125
79870 15536 76511
76511 15536 79870
15536 76511 79870
75102 42818 54407
54407 42818 75102
42818 54407 75102
10086 17975 126626
126626 10086 17975
17975 10086 126626
86153 35061 45905
45905 35061 86153
35061 45905 86153
82675 40981 45168
45168 40981 82675
40981 45168 82675
97480 107374 120732
107374 97480 120732
120732 97480 107374
144961 57003 79587
79587 57003 144961
57003 79587 144961
78042 50951 120600
50951 78042 120600
120600 50951 78042
104561 82002 103697
82002 103697 104561
103697 82002 104561
129888 58734 83886
83886 58734 129888
58734 83886 129888
18263 47140 58768
47140 18263 58768
58768 18263 47140
25979 72468 88348
72468 25979 88348
88348 25979 72468
83908 46285 147550
147550 46285 83908
46285 83908 147550
97611 19188 66058
19188 66058 97611
66058 19188 97611
68211 20825 39416
20825 39416 68211
39416 20825 68211
122417 54093 127956
127956 54093 122417
54093 122417 127956
19384 64218 90732
64218 19384 90732
90732 19384 64218
96679 55261 68012
68012 55261 96679
55261 68012 96679
4272 124610 131898
124610 4272 131898
131898 4272 124610
137055 11108 22032
22032 11108 137055
11108 22032 137055
5821 98910 148098
98910 5821 148098
148098 5821 98910
125657 51462 53725
51462 53725 125657
53725 51462 125657
56159 90524 145041
145041 56159 90524
90524 56159 145041
46535 2223 3359
2223 3359 46535
3359 2223 46535
147070 19608 60142
19608 60142 147070
60142 19608 147070
87317 88625 128594
88625 87317 128594
128594 87317 88625
105534 3224 134090
134090 3224 105534
3224 105534 134090
117830 109155 110319
109155 110319 117830
110319 109155 117830
99617 90936 127722
127722 90936 99617
90936 99617 127722
43897 54767 71514
54767 43897 71514
71514 43897 54767
96524 122289 123833
122289 96524 123833
123833 96524 122289
86382 78714 91940
91940 78714 86382
78714 86382 91940
82271 15710 30502
15710 30502 82271
30502 15710 82271
147344 12281 140486
140486 12281 147344
12281 140486 147344
15980 5096 136202
136202 5096 15980
5096 15980 136202
62224 29321 52579
52579 29321 62224
29321 52579 62224
131646 36522 79259
79259 36522 131646
36522 79259 131646
143344 51923 136241
136241 51923 143344
51923 136241 143344
60277 65923 100775
100775 60277 65923
65923 60277 100775
124447 92633 116888
92633 116888 124447
116888 92633 124447
93920 54710 67624
67624 54710 93920
54710 67624 93920
47554 18707 60481
60481 18707 47554
18707 47554 60481
50564 131966 142380
142380 50564 131966
131966 50564 142380
28711 25725 72657
72657 25725 28711
25725 28711 72657
23837 89561 125480
89561 23837 125480
125480 23837 89561
115808 8955 125329
125329 8955 115808
8955 115808 125329
21904 58049 75335
58049 21904 75335
75335 21904 58049
24396 74333 133665
74333 24396 133665
133665 24396 74333
52796 23827 90578
23827 52796 90578
90578 23827 52796
29308 16347 122130
16347 29308 122130
122130 16347 29308
53523 1753 90244
90244 1753 53523
1753 53523 90244
18978 75835 121491
75835 18978 121491
121491 18978 75835
38097 49322 136516
136516 38097 49322
49322 38097 136516
148722 100097 104555
100097 104555 148722
104555 100097 148722
33095 77431 125561
77431 33095 125561
125561 33095 77431
2547 111497 141083
141083 2547 111497
111497 2547 141083
1003 63985 95623
63985 1003 95623
95623 1003 63985
73923 32967 40616
32967 40616 73923
40616 32967 73923
26999 31462 102885
31462 26999 102885
102885 26999 31462
114582 49934 110756
110756 49934 114582
49934 110756 114582
80461 4221 136076
4221 80461 136076
136076 4221 80461
32660 15145 141295
15145 32660 141295
141295 15145 32660
122185 4624 89961
4624 89961 122185
89961 4624 122185
77962 25470 29349
25470 29349 77962
29349 25470 77962
89153 16190 101109
101109 16190 89153
16190 89153 101109
20956 16313 43074
16313 20956 43074
43074 16313 20956
6837 4967 51370
