131171 111521 144272
144272 111521 131171
111521 131171 144272
134439 13450 128796
128796 13450 134439
13450 128796 134439
55636 99056 109808
99056 55636 109808
109808 55636 99056
17793 46150 47990
46150 17793 47990
47990 17793 46150
10792 42718 104982
42718 10792 104982
104982 10792 42718
85790 48274 71115
71115 48274 85790
48274 71115 85790
111755 38820 100107
38820 100107 111755
100107 38820 111755
10894 82391 125936
82391 10894 125936
125936 10894 82391
95804 32545 93062
32545 93062 95804
93062 32545 95804
80587 79961 100430
79961 80587 100430
100430 79961 80587
59408 76367 137741
137741 59408 76367
76367 59408 137741
16025 29267 127193
127193 16025 29267
29267 16025 127193
142320 94154 138428
94154 138428 142320
138428 94154 142320
19176 50958 87394
87394 19176 50958
50958 19176 87394
113031 31551 133926
31551 113031 133926
133926 31551 113031
54637 42059 96186
96186 42059 54637
42059 54637 96186
15192 96358 139796
96358 15192 139796
139796 15192 96358
101907 41130 109865
109865 41130 101907
41130 101907 109865
55164 103373 106282
103373 55164 106282
106282 55164 103373
37274 37168 122229
37168 37274 122229
122229 37168 37274
863 11789 116895
116895 863 11789
11789 863 116895
23285 18868 140680
18868 23285 140680
140680 18868 23285
70980 51658 67857
51658 67857 70980
67857 51658 70980
90059 46486 88813
46486 88813 90059
88813 46486 90059
148530 68764 115624
68764 115624 148530
115624 68764 148530
146694 49478 49983
49983 49478 146694
49478 49983 146694
140908 15262 17913
17913 15262 140908
15262 17913 140908
13235 37732 86956
37732 13235 86956
86956 13235 37732
46264 85948 104843
85948 46264 104843
104843 46264 85948
146401 116549 144191
116549 144191 146401
144191 116549 146401
80202 55213 55366
55366 55213 80202
55213 55366 80202
32899 13976 104222
13976 32899 104222
104222 13976 32899
136357 37472 59433
37472 59433 136357
59433 37472 136357
87855 11975 20693
11975 20693 87855
20693 11975 87855
29693 15158 138437
138437 15158 29693
15158 29693 138437
90381 19601 114639
19601 90381 114639
114639 19601 90381
674 27801 36336
27801 674 36336
36336 674 27801
30577 4672 127886
127886 4672 30577
4672 30577 127886
17732 33547 40704
40704 17732 33547
33547 17732 40704
117970 31974 125036
125036 31974 117970
31974 117970 125036
1248 17897 31717
31717 1248 17897
17897 1248 31717
124519 38998 93694
93694 38998 124519
38998 93694 124519
62646 15869 32689
32689 15869 62646
15869 32689 62646
100068 92311 102978
92311 100068 102978
102978 92311 100068
28320 28393 106903
28393 28320 106903
106903 28320 28393
124849 99801 149757
149757 99801 124849
99801 124849 149757
64898 75458 96165
96165 64898 75458
75458 64898 96165
124360 10840 25905
10840 25905 124360
25905 10840 124360
138421 55285 109363
109363 55285 138421
55285 109363 138421
30032 76439 84194
76439 30032 84194
84194 30032 76439
20523 108251 148367
108251 20523 148367
148367 20523 108251
13052 97693 148190
97693 13052 148190
148190 13052 97693
118659 38053 46440
46440 38053 118659
38053 46440 118659
81942 65074 68480
65074 68480 81942
68480 65074 81942
68261 52101 78098
78098 52101 68261
52101 68261 78098
95068 600 37490
600 37490 95068
37490 600 95068
94861 54717 56263
54717 56263 94861
56263 54717 94861
71331 29322 50189
29322 50189 71331
50189 29322 71331
12117 44961 52856
52856 12117 44961
44961 12117 52856
110782 34385 87284
34385 87284 110782
87284 34385 110782
137791 86637 147659
147659 86637 137791
86637 137791 147659
72433 70507 73914
70507 72433 73914
73914 70507 72433
80351 38560 72385
72385 38560 80351
38560 72385 80351
85402 41471 130236
41471 85402 130236
130236 41471 85402
34795 43684 103658
103658 34795 43684
43684 34795 103658
148847 13359 30427
30427 13359 148847
13359 30427 148847
39951 26781 36323
26781 36323 39951
36323 26781 39951
20467 4324 102144
102144 4324 20467
4324 20467 102144
122367 70324 138307
70324 122367 138307
138307 70324 122367
10286 8451 21279
8451 10286 21279
21279 8451 10286
94121 31942 42471
42471 31942 94121
31942 42471 94121
134893 55401 108124
55401 108124 134893
108124 55401 134893
104940 17072 21288
17072 21288 104940
21288 17072 104940
133958 94207 115912
115912 94207 133958
94207 115912 133958
145419 12836 22529
12836 22529 145419
22529 12836 145419
52378 65580 91590
65580 52378 91590
91590 52378 65580
108387 130417 146726
146726 108387 130417
130417 108387 146726
25333 43335 50610
43335 25333 50610
50610 25333 43335
140531 13413 87901
87901 13413 140531
13413 87901 140531
1768 43222 65596
65596 1768 43222
43222 1768 65596
24446 99729 107913
107913 24446 99729
99729 24446 107913
5951 21387 58127
58127 5951 21387
21387 5951 58127
3063 8611 119490
8611 3063 119490
119490 3063 8611
26568 92394 128427
92394 26568 128427
128427 26568 92394
20475 55014 96908
96908 20475 55014
55014 20475 96908
110653 57956 114913
57956 110653 114913
114913 57956 110653
96876 51776 85202
85202 51776 96876
51776 85202 96876
6762 22541 114565
114565 6762 22541
22541 6762 114565
82599 13618 138328
138328 13618 82599
13618 82599 138328
2750 97914 120107
97914 2750 120107
120107 2750 97914
147466 30296 145496
145496 30296 147466
30296 145496 147466
75316 85828 109710
109710 75316 85828
85828 75316 109710
25087 132547 141100
141100 25087 132547
132547 25087 141100
89580 22692 140658
140658 22692 89580
22692 89580 140658
90365 23961 81798
23961 81798 90365
81798 23961 90365
25129 109465 135369
135369 25129 109465
109465 25129 135369
88724 73938 86566
86566 73938 88724
73938 86566 88724
11605 96431 113613
113613 11605 96431
96431 11605 113613
40277 26510 59726
26510 40277 59726
59726 26510 40277
114939 27824 86863
27824 86863 114939
86863 27824 114939
18954 47624 109783
109783 18954 47624
47624 18954 109783
26776 64362 145343
64362 26776 145343
145343 26776 64362
128331 66672 120505
120505 66672 128331
66672 120505 128331
76631 28191 101773
101773 28191 76631
28191 76631 101773
25726 2641 143286
2641 25726 143286
143286 2641 25726
98323 12252 143877
12252 98323 143877
143877 12252 98323
50800 1645 26679
1645 26679 50800
26679 1645 50800
28927 16431 116469
116469 16431 28927
16431 28927 116469
102426 112560 141715
112560 102426 141715
141715 102426 112560
106569 16939 107274
107274 16939 106569
16939 106569 107274
81915 78013 139786
139786 78013 81915
78013 81915 139786
103565 131894 142470
142470 103565 131894
131894 103565 142470
122997 46404 85885
46404 85885 122997
85885 46404 122997
15085 30338 71413
30338 15085 71413
71413 15085 30338
32557 18903 104586
18903 32557 104586
104586 18903 32557
91313 20496 50892
50892 20496 91313
20496 50892 91313
24988 47045 51246
51246 24988 47045
47045 24988 51246
47910 68385 77232
77232 47910 68385
68385 47910 77232
67333 80186 95472
95472 67333 80186
80186 67333 95472
39730 367 97871
97871 367 39730
367 39730 97871
138843 97828 120091
120091 97828 138843
97828 120091 138843
46254 44927 117632
44927 46254 117632
117632 44927 46254
123514 52473 144158
144158 52473 123514
52473 123514 144158
84717 2628 104876
2628 84717 104876
104876 2628 84717
143380 2840 85499
2840 85499 143380
85499 2840 143380
72903 68463 105169
105169 68463 72903
68463 72903 105169
46560 3969 17949
3969 17949 46560
17949 3969 46560
43710 43801 117518
43801 43710 117518
117518 43710 43801
68866 15103 52687
52687 15103 68866
15103 52687 68866
41807 44432 108323
108323 41807 44432
44432 41807 108323
129882 34678 128585
34678 128585 129882
128585 34678 129882
13937 34924 110464
110464 13937 34924
34924 13937 110464
138864 17142 63393
63393 17142 138864
17142 63393 138864
42078 77432 145242
77432 42078 145242
145242 42078 77432
122630 34479 121389
34479 121389 122630
121389 34479 122630
142963 55215 62962
62962 55215 142963
55215 62962 142963
92006 7765 110082
7765 92006 110082
110082 7765 92006
11824 20278 55852
20278 11824 55852
55852 11824 20278
71875 8738 52463
52463 8738 71875
8738 52463 71875
89310 43828 44562
43828 44562 89310
44562 43828 89310
37853 107901 137224
107901 37853 137224
137224 37853 107901
143031 12045 33227
33227 12045 143031
12045 33227 143031
63073 24806 86998
24806 63073 86998
86998 24806 63073
34212 77720 90083
90083 34212 77720
77720 34212 90083
57319 13188 13299
13188 13299 57319
13299 13188 57319
50996 100609 110357
110357 50996 100609
100609 50996 110357
38003 25234 26835
25234 26835 38003
26835 25234 38003
44784 274 124981
274 44784 124981
124981 274 44784
323 11861 136644
11861 323 136644
136644 323 11861
2673 60316 129278
129278 2673 60316
60316 2673 129278
128566 95228 99997
95228 99997 128566
99997 95228 128566
133603 39517 88719
88719 39517 133603
39517 88719 133603
64903 112716 140853
140853 64903 112716
112716 64903 140853
145489 34343 113534
113534 34343 145489
34343 113534 145489
143076 4143 58704
58704 4143 143076
4143 58704 143076
12414 42816 75509
42816 12414 75509
75509 12414 42816
52022 72869 80337
80337 52022 72869
72869 52022 80337
40408 76534 147913
147913 40408 76534
76534 40408 147913
127880 32550 52574
52574 32550 127880
32550 52574 127880
6283 210 47353
47353 210 6283
210 6283 47353
100575 50342 68080
50342 68080 100575
68080 50342 100575
114194 134556 148731
148731 114194 134556
134556 114194 148731
120108 15119 63575
15119 63575 120108
63575 15119 120108
6088 101585 132349
132349 6088 101585
101585 6088 132349
95080 35996 131791
131791 35996 95080
35996 95080 131791
25641 21602 46983
21602 25641 46983
46983 21602 25641
133670 10262 56414
10262 56414 133670
56414 10262 133670
20418 113253 122147
113253 20418 122147
122147 20418 113253
149607 22842 97189
22842 97189 149607
97189 22842 149607
148564 9461 41813
41813 9461 148564
9461 41813 148564
79773 14589 99443
99443 14589 79773
14589 79773 99443
41825 51533 111169
51533 41825 111169
111169 41825 51533
73199 61018 137075
137075 61018 73199
61018 73199 137075
69151 120537 142936
120537 69151 142936
142936 69151 120537
13238 27456 100287
100287 13238 27456
27456 13238 100287
82579 29186 136260
136260 29186 82579
29186 82579 136260
117603 86422 118846
86422 117603 118846
118846 86422 117603
139938 110614 121918
121918 110614 139938
110614 121918 139938
78345 18810 79688
18810 78345 79688
79688 18810 78345
57913 12349 20627
12349 20627 57913
20627 12349 57913
148972 105912 135402
105912 135402 148972
135402 105912 148972
28835 54714 59482
54714 28835 59482
59482 28835 54714
72497 107170 136525
107170 72497 136525
136525 72497 107170
50153 15091 89245
89245 15091 50153
15091 50153 89245
32991 61698 77506
61698 32991 77506
77506 32991 61698
44499 136646 139590
139590 44499 136646
136646 44499 139590
61579 12195 116945
116945 12195 61579
12195 61579 116945
127307 12626 144641
144641 12626 127307
12626 127307 144641
104442 16162 105399
105399 16162 104442
16162 104442 105399
123268 14572 122078
14572 122078 123268
122078 14572 123268
103630 40346 45725
45725 40346 103630
40346 45725 103630
18852 8619 80552
80552 8619 18852
8619 18852 80552
113649 93959 127345
127345 93959 113649
93959 113649 127345
103256 22810 37974
37974 22810 103256
22810 37974 103256
142805 11285 35811
35811 11285 142805
11285 35811 142805
43872 28472 82667
28472 43872 82667
82667 28472 43872
147298 131916 136385
131916 136385 147298
136385 131916 147298
41207 5574 61606
5574 41207 61606
61606 5574 41207
23246 141585 149107
141585 23246 149107
149107 23246 141585
95486 40385 71482
71482 40385 95486
40385 71482 95486
27698 86659 92272
86659 27698 92272
92272 27698 86659
137489 8274 97117
8274 97117 137489
97117 8274 137489
8278 28204 87939
28204 8278 87939
87939 8278 28204
73266 60758 127661
60758 73266 127661
127661 60758 73266
115732 23165 107785
107785 23165 115732
23165 107785 115732
128803 16715 36183
16715 36183 128803
36183 16715 128803
39051 23307 95525
23307 39051 95525
95525 23307 39051
13488 102734 120654
120654 13488 102734
102734 13488 120654
41797 97254 148889
148889 41797 97254
97254 41797 148889
100377 23340 42377
23340 42377 100377
42377 23340 100377
66819 104656 135072
104656 66819 135072
135072 66819 104656
88283 84184 122640
122640 84184 88283
84184 88283 122640
124824 73070 92933
92933 73070 124824
73070 92933 124824
77725 38768 147287
38768 77725 147287
147287 38768 77725
11700 83476 143812
83476 11700 143812
143812 11700 83476
19002 55712 63816
55712 19002 63816
63816 19002 55712
54284 80542 85715
85715 54284 80542
80542 54284 85715
127980 40884 79730
79730 40884 127980
40884 79730 127980
104316 32903 79562
32903 79562 104316
79562 32903 104316
94458 141028 147543
147543 94458 141028
141028 94458 147543
27706 38566 43818
38566 27706 43818
43818 27706 38566
40162 135880 140567
135880 40162 140567
140567 40162 135880
44830 50886 58784
58784 44830 50886
50886 44830 58784
47037 98055 120807
98055 47037 120807
120807 47037 98055
124734 79399 139401
79399 124734 139401
139401 79399 124734
47863 46274 52309
52309 46274 47863
46274 47863 52309
139755 12847 136443
12847 136443 139755
136443 12847 139755
77941 1781 54935
1781 54935 77941
54935 1781 77941
42244 58303 138291
58303 42244 138291
138291 42244 58303
135889 35320 55527
55527 35320 135889
35320 55527 135889
146914 18710 144294
144294 18710 146914
18710 144294 146914
144036 23305 78822
78822 23305 144036
23305 78822 144036
68553 26410 130389
130389 26410 68553
26410 68553 130389
98647 126152 146757
146757 98647 126152
126152 98647 146757
33518 92507 128374
128374 33518 92507
92507 33518 128374
13997 72248 111504
72248 13997 111504
111504 13997 72248
59910 3587 35886
35886 3587 59910
3587 35886 59910
13593 17406 97874
17406 13593 97874
97874 13593 17406
86219 5116 37592
37592 5116 86219
5116 37592 86219
125291 37954 121772
37954 121772 125291
121772 37954 125291
33049 14978 92907
14978 33049 92907
92907 14978 33049
28260 17366 132942
17366 28260 132942
132942 17366 28260
113038 15642 93099
93099 15642 113038
15642 93099 113038
111407 71624 144654
71624 111407 144654
144654 71624 111407
50159 63070 112516
63070 50159 112516
112516 50159 63070
105923 96420 137461
137461 96420 105923
96420 105923 137461
85628 46937 62290
62290 46937 85628
46937 62290 85628
58347 59179 65741
65741 58347 59179
59179 58347 65741
142195 63879 129612
63879 129612 142195
129612 63879 142195
37836 14313 19976
19976 14313 37836
14313 19976 37836
22733 58699 60802
60802 22733 58699
58699 22733 60802
62307 53778 77551
53778 62307 77551
77551 53778 62307
70934 8973 70571
70571 8973 70934
8973 70571 70934
47148 28560 49038
28560 47148 49038
49038 28560 47148
96766 26150 103948
26150 96766 103948
103948 26150 96766
76152 22131 83497
22131 76152 83497
83497 22131 76152
95790 2494 125939
125939 2494 95790
2494 95790 125939
128360 71356 135446
135446 71356 128360
71356 128360 135446
125868 123844 147675
123844 125868 147675
147675 123844 125868
148639 37130 39269
37130 39269 148639
39269 37130 148639
9913 13539 60693
13539 9913 60693
60693 9913 13539
109015 45253 76219
45253 76219 109015
76219 45253 109015
29682 45223 86300
86300 29682 45223
45223 29682 86300
110182 1663 112878
1663 110182 112878
112878 1663 110182
122943 63300 96076
96076 63300 122943
63300 96076 122943
22627 7724 119069
7724 22627 119069
119069 7724 22627
149355 88840 122784
88840 122784 149355
122784 88840 149355
11331 7909 16963
7909 11331 16963
16963 7909 11331
105322 48660 111792
48660 105322 111792
111792 48660 105322
56720 68297 77090
68297 56720 77090
77090 56720 68297
23250 65044 141191
141191 23250 65044
65044 23250 141191
14671 61771 130443
130443 14671 61771
61771 14671 130443
11433 53703 102834
102834 11433 53703
53703 11433 102834
58122 77197 108472
77197 58122 108472
108472 58122 77197
122205 71042 72520
72520 71042 122205
71042 72520 122205
61230 15229 73637
15229 61230 73637
73637 15229 61230
3010 99342 127061
127061 3010 99342
99342 3010 127061
45171 31618 40377
40377 31618 45171
31618 40377 45171
65775 28484 35923
28484 35923 65775
35923 28484 65775
123067 110862 132401
110862 123067 132401
132401 110862 123067
43994 2393 61004
61004 2393 43994
2393 43994 61004
112152 106155 107484
106155 107484 112152
107484 106155 112152
55596 62611 133512
133512 55596 62611
62611 55596 133512
99100 15033 131672
15033 99100 131672
131672 15033 99100
76470 33255 94830
33255 76470 94830
94830 33255 76470
134915 62404 105749
105749 62404 134915
62404 105749 134915
80586 18899 80924
80924 18899 80586
18899 80586 80924
62781 30438 82255
30438 62781 82255
82255 30438 62781
29678 1997 70863
1997 29678 70863
70863 1997 29678
39568 30363 112327
112327 30363 39568
30363 39568 112327
138623 49130 102087
102087 49130 138623
49130 102087 138623
122494 83560 125159
83560 122494 125159
125159 83560 122494
31616 15677 103278
103278 15677 31616
15677 31616 103278
83662 52501 141173
52501 83662 141173
141173 52501 83662
107965 92682 98058
98058 92682 107965
92682 98058 107965
86528 71199 136675
136675 71199 86528
71199 86528 136675
10405 30078 79529
79529 10405 30078
30078 10405 79529
6939 4613 12570
12570 4613 6939
4613 6939 12570
41791 36736 88670
88670 36736 41791
36736 41791 88670
92456 93645 149704
93645 92456 149704
149704 92456 93645
83604 35388 139345
35388 83604 139345
139345 35388 83604
112918 67303 82677
67303 82677 112918
82677 67303 112918
57007 42195 46741
42195 46741 57007
46741 42195 57007
117311 64344 70188
64344 70188 117311
70188 64344 117311
49664 11837 37747
37747 11837 49664
11837 37747 49664
141232 76817 109516
76817 109516 141232
109516 76817 141232
124695 42967 87224
42967 87224 124695
87224 42967 124695
145481 22987 144966
22987 144966 145481
144966 22987 145481
113880 15343 43264
15343 43264 113880
43264 15343 113880
117716 135084 135477
135477 117716 135084
135084 117716 135477
84560 20168 114685
114685 20168 84560
20168 84560 114685
115442 35852 140226
35852 115442 140226
140226 35852 115442
114246 111462 133971
133971 111462 114246
111462 114246 133971
22425 108534 114585
114585 22425 108534
108534 22425 114585
82561 6742 30968
6742 30968 82561
30968 6742 82561
46761 14918 22212
22212 14918 46761
14918 22212 46761
133544 45056 102044
45056 102044 133544
102044 45056 133544
116796 46186 101171
101171 46186 116796
46186 101171 116796
40124 33741 49109
49109 33741 40124
33741 40124 49109
141124 16363 145182
145182 16363 141124
16363 141124 145182
42889 56488 97896
97896 42889 56488
56488 42889 97896
15487 41337 84258
41337 15487 84258
84258 15487 41337
122336 7650 34708
7650 34708 122336
34708 7650 122336
68874 71886 88808
88808 68874 71886
71886 68874 88808
102677 13243 84564
13243 84564 102677
84564 13243 102677
47340 123869 144161
144161 47340 123869
123869 47340 144161
14153 5629 79949
79949 5629 14153
5629 14153 79949
30712 39478 45789
45789 30712 39478
39478 30712 45789
42474 101532 112106
101532 42474 112106
112106 42474 101532
50634 42615 140206
42615 50634 140206
140206 42615 50634
97033 81225 145209
145209 81225 97033
81225 97033 145209
141673 21491 111427
111427 21491 141673
21491 111427 141673
65454 13346 43882
13346 43882 65454
43882 13346 65454
70364 34883 113791
113791 34883 70364
34883 70364 113791
126851 64852 104196
64852 104196 126851
104196 64852 126851
75434 114448 130620
114448 75434 130620
130620 75434 114448
17800 94645 103077
94645 17800 103077
103077 17800 94645
12689 4872 94089
4872 12689 94089
94089 4872 12689
5647 22928 101325
22928 5647 101325
101325 5647 22928
74987 9806 43919
43919 9806 74987
9806 43919 74987
17140 57404 101427
101427 17140 57404
57404 17140 101427
44448 74554 136621
74554 44448 136621
136621 44448 74554
26356 128986 138852
128986 26356 138852
138852 26356 128986
68612 24861 146756
146756 24861 68612
24861 68612 146756
141271 40339 113187
40339 113187 141271
113187 40339 141271
51522 4125 62358
62358 4125 51522
4125 51522 62358
24476 54416 56946
56946 24476 54416
54416 24476 56946
29862 31681 129994
129994 29862 31681
31681 29862 129994
25850 50365 126455
126455 25850 50365
50365 25850 126455
128924 113970 143669
143669 113970 128924
113970 128924 143669
137925 60516 62457
62457 60516 137925
60516 62457 137925
4414 3692 9819
3692 4414 9819
9819 3692 4414
55271 28170 61775
61775 28170 55271
28170 55271 61775
134728 56373 92963
92963 56373 134728
56373 92963 134728
65229 16296 103893
16296 65229 103893
103893 16296 65229
35243 7606 69702
7606 35243 69702
69702 7606 35243
33084 30595 36113
30595 33084 36113
36113 30595 33084
114150 10513 91603
91603 10513 114150
10513 91603 114150
85724 69740 121287
69740 85724 121287
121287 69740 85724
99527 72125 97501
72125 97501 99527
97501 72125 99527
49924 7774 49800
7774 49800 49924
49800 7774 49924
76304 106234 136998
106234 76304 136998
136998 76304 106234
80218 84421 142341
142341 80218 84421
84421 80218 142341
47026 55975 112905
55975 47026 112905
112905 47026 55975
53508 129050 137774
129050 53508 137774
137774 53508 129050
4943 67609 149912
149912 4943 67609
67609 4943 149912
37113 54296 79554
79554 37113 54296
54296 37113 79554
145603 96580 132327
96580 132327 145603
132327 96580 145603
102951 46211 56278
56278 46211 102951
46211 56278 102951
70985 69903 98678
98678 69903 70985
69903 70985 98678
53407 108649 126298
126298 53407 108649
108649 53407 126298
59710 45901 96610
96610 45901 59710
45901 59710 96610
131441 102766 129924
129924 102766 131441
102766 129924 131441
78337 40079 103508
40079 78337 103508
103508 40079 78337
18185 37565 112159
37565 18185 112159
112159 18185 37565
21698 124288 145137
145137 21698 124288
124288 21698 145137
41096 72015 91507
72015 41096 91507
91507 41096 72015
37637 25195 38457
25195 37637 38457
38457 25195 37637
96936 51875 121965
121965 51875 96936
51875 96936 121965
97392 25063 95079
95079 25063 97392
25063 95079 97392
120272 19519 74326
19519 74326 120272
74326 19519 120272
123300 78522 115873
78522 115873 123300
115873 78522 123300
70810 41971 55216
41971 55216 70810
55216 41971 70810
131414 35197 98402
98402 35197 131414
35197 98402 131414
141826 19038 78218
78218 19038 141826
19038 78218 141826
34158 75463 84993
84993 34158 75463
75463 34158 84993
137935 67674 98545
67674 98545 137935
98545 67674 137935
122594 33795 67657
67657 33795 122594
33795 67657 122594
27904 4411 82945
4411 27904 82945
82945 4411 27904
30351 23144 34452
23144 30351 34452
34452 23144 30351
88186 74145 149758
149758 74145 88186
74145 88186 149758
135682 53845 67108
53845 67108 135682
67108 53845 135682
94610 8327 16817
8327 16817 94610
16817 8327 94610
44876 10511 143705
143705 10511 44876
10511 44876 143705
86889 60495 85809
85809 60495 86889
60495 85809 86889
59041 38052 54787
38052 54787 59041
54787 38052 59041
37760 43741 148455
43741 37760 148455
148455 37760 43741
57373 49801 123896
123896 49801 57373
49801 57373 123896
4235 10882 119861
119861 4235 10882
10882 4235 119861
8168 39109 57543
57543 8168 39109
39109 8168 57543
4077 2131 95875
95875 2131 4077
2131 4077 95875
121930 54854 148094
54854 121930 148094
148094 54854 121930
11032 69348 93902
69348 11032 93902
93902 11032 69348
148745 20362 137967
20362 137967 148745
137967 20362 148745
149570 12667 80905
80905 12667 149570
12667 80905 149570
92190 13011 133192
13011 92190 133192
133192 13011 92190
44594 60445 131455
131455 44594 60445
60445 44594 131455
129380 29821 136240
29821 129380 136240
136240 29821 129380
49191 132695 134948
132695 49191 134948
134948 49191 132695
134408 73607 96615
73607 96615 134408
96615 73607 134408
97727 34319 66913
66913 34319 97727
34319 66913 97727
88010 102823 124946
102823 88010 124946
124946 88010 102823
79943 13500 68659
13500 68659 79943
68659 13500 79943
148305 70388 129587
129587 70388 148305
70388 129587 148305
80935 20098 99179
20098 80935 99179
99179 20098 80935
48842 3186 123641
123641 3186 48842
3186 48842 123641
95099 23088 145972
145972 23088 95099
23088 95099 145972
64515 21420 25899
25899 21420 64515
21420 25899 64515
136269 15520 93357
93357 15520 136269
15520 93357 136269
83943 14367 88310
14367 83943 88310
88310 14367 83943
79988 76008 144130
76008 79988 144130
144130 76008 79988
121003 65113 111652
111652 65113 121003
65113 111652 121003
133442 90502 111149
111149 90502 133442
90502 111149 133442
143604 6871 125931
6871 125931 143604
125931 6871 143604
57903 37180 141405
37180 57903 141405
141405 37180 57903
142122 4261 90247
90247 4261 142122
4261 90247 142122
69741 76112 118554
76112 69741 118554
118554 69741 76112
47935 9751 46847
46847 9751 47935
9751 46847 47935
78289 107822 115244
107822 78289 115244
115244 78289 107822
24018 68852 93603
68852 24018 93603
93603 24018 68852
100200 96409 146117
96409 100200 146117
146117 96409 100200
127099 78414 123859
123859 78414 127099
78414 123859 127099
55933 71037 115175
71037 55933 115175
115175 55933 71037
134576 65554 111618
111618 65554 134576
65554 111618 134576
28279 38757 119712
38757 28279 119712
119712 28279 38757
104041 10751 16773
10751 16773 104041
16773 10751 104041
77281 51599 79895
79895 51599 77281
51599 77281 79895
134333 7141 24216
7141 24216 134333
24216 7141 134333
95482 131756 137691
131756 95482 137691
137691 95482 131756
65246 47880 105562
105562 47880 65246
47880 65246 105562
59895 87791 90047
87791 59895 90047
90047 59895 87791
18151 50650 149207
149207 18151 50650
50650 18151 149207
100563 54601 65223
54601 65223 100563
65223 54601 100563
23681 12120 27138
27138 12120 23681
12120 23681 27138
74591 23234 82185
23234 74591 82185
82185 23234 74591
90017 108370 127719
127719 90017 108370
108370 90017 127719
111982 6818 106331
106331 6818 111982
6818 106331 111982
134890 108300 111417
108300 111417 134890
111417 108300 134890
133058 22006 149335
22006 133058 149335
149335 22006 133058
68943 34925 72723
72723 34925 68943
34925 68943 72723
255 88274 123166
88274 255 123166
123166 255 88274
115103 33673 68832
33673 68832 115103
68832 33673 115103
113170 84110 145583
84110 113170 145583
145583 84110 113170
14806 51964 54011
54011 14806 51964
51964 14806 54011
143412 44592 70918
70918 44592 143412
44592 70918 143412
55404 23024 139949
23024 55404 139949
139949 23024 55404
110267 28848 33966
33966 28848 110267
28848 33966 110267
102615 27525 61913
27525 61913 102615
61913 27525 102615
92656 102227 123677
123677 92656 102227
102227 92656 123677
5495 14057 131651
14057 5495 131651
131651 5495 14057
53767 45452 50204
50204 45452 53767
45452 50204 53767
89396 101210 136455
136455 89396 101210
101210 89396 136455
104860 47705 145012
47705 104860 145012
145012 47705 104860
75619 17738 120751
120751 17738 75619
17738 75619 120751
128529 33838 125246
125246 33838 128529
33838 125246 128529
7688 104238 107656
107656 7688 104238
104238 7688 107656
11165 42013 95945
42013 11165 95945
95945 11165 42013
69756 7394 20688
20688 7394 69756
7394 20688 69756
78346 104719 121271
104719 78346 121271
121271 78346 104719
53838 10544 113557
10544 53838 113557
113557 10544 53838
40825 47035 148557
47035 40825 148557
148557 40825 47035
112465 57852 97947
97947 57852 112465
57852 97947 112465
19311 34661 148952
34661 19311 148952
148952 19311 34661
56674 38803 78775
38803 56674 78775
78775 38803 56674
122837 30984 49871
49871 30984 122837
30984 49871 122837
138854 38443 126716
38443 126716 138854
126716 38443 138854
115881 29841 95363
29841 95363 115881
95363 29841 115881
58640 21056 67887
67887 21056 58640
21056 58640 67887
10214 109467 124788
109467 10214 124788
124788 10214 109467
149950 25665 78470
78470 25665 149950
25665 78470 149950
30013 25135 34028
25135 30013 34028
34028 25135 30013
5798 15452 144429
144429 5798 15452
15452 5798 144429
129233 3849 77008
77008 3849 129233
3849 77008 129233
32110 46470 115665
115665 32110 46470
46470 32110 115665
6960 119102 120193
120193 6960 119102
119102 6960 120193
40651 37023 122773
122773 37023 40651
37023 40651 122773
137573 99361 148597
99361 137573 148597
148597 99361 137573
2474 96224 142455
96224 2474 142455
142455 2474 96224
82521 31610 136236
31610 82521 136236
136236 31610 82521
80706 57116 105726
105726 57116 80706
57116 80706 105726
131874 55382 112497
112497 55382 131874
55382 112497 131874
43030 106479 137086
106479 43030 137086
137086 43030 106479
131332 27472 58068
58068 27472 131332
27472 58068 131332
118676 102979 141624
102979 118676 141624
141624 102979 118676
148293 10525 120391
120391 10525 148293
10525 120391 148293
34798 70783 135384
135384 34798 70783
70783 34798 135384
133034 29943 98228
29943 98228 133034
98228 29943 133034
56339 80222 83269
83269 56339 80222
80222 56339 83269
87871 86343 102731
102731 86343 87871
86343 87871 102731
116362 9507 78198
78198 9507 116362
9507 78198 116362
86817 48381 114920
114920 48381 86817
48381 86817 114920
44017 10978 141674
141674 10978 44017
10978 44017 141674
145179 33600 66653
33600 66653 145179
66653 33600 145179
120258 62083 105899
62083 105899 120258
105899 62083 120258
50869 111969 138905
138905 50869 111969
111969 50869 138905
94264 36086 103680
103680 36086 94264
36086 94264 103680
137960 24073 76586
76586 24073 137960
24073 76586 137960
95178 11053 142869
142869 11053 95178
11053 95178 142869
32923 54183 76203
76203 32923 54183
54183 32923 76203
91030 33827 116702
33827 91030 116702
116702 33827 91030
43807 41619 132121
132121 41619 43807
41619 43807 132121
11396 68541 127217
127217 11396 68541
68541 11396 127217
142222 54834 100561
100561 54834 142222
54834 100561 142222
11107 62236 82810
82810 11107 62236
62236 11107 82810
15382 64720 134153
64720 15382 134153
134153 15382 64720
72003 128793 132378
128793 72003 132378
132378 72003 128793
90715 73226 125208
125208 73226 90715
73226 90715 125208
7900 2789 68476
68476 2789 7900
2789 7900 68476
73785 90800 101593
101593 73785 90800
90800 73785 101593
111268 14453 129585
129585 14453 111268
14453 111268 129585
63152 87179 130585
87179 63152 130585
130585 63152 87179
22197 30500 141545
141545 22197 30500
30500 22197 141545
115992 113871 119319
113871 115992 119319
119319 113871 115992
146385 9495 93371
93371 9495 146385
9495 93371 146385
9738 65186 70092
70092 9738 65186
65186 9738 70092
41069 41398 60295
41398 41069 60295
60295 41069 41398
140596 53846 120129
120129 53846 140596
53846 120129 140596
141517 29771 110280
110280 29771 141517
29771 110280 141517
102294 19143 36780
36780 19143 102294
19143 36780 102294
67246 66809 78395
78395 66809 67246
66809 67246 78395
111823 2213 132331
132331 2213 111823
2213 111823 132331
112882 59718 113603
113603 59718 112882
59718 112882 113603
6763 9177 131484
9177 6763 131484
131484 6763 9177
128533 503 70040
70040 503 128533
503 70040 128533
113542 11746 93670
93670 11746 113542
11746 93670 113542
105008 10378 137025
10378 105008 137025
137025 10378 105008
123966 17648 21815
17648 21815 123966
21815 17648 123966
18457 76848 130235
130235 18457 76848
76848 18457 130235
103516 101109 111885
111885 101109 103516
101109 103516 111885
136534 21976 87910
21976 87910 136534
87910 21976 136534
107504 37127 119130
119130 37127 107504
37127 107504 119130
62951 52093 90879
52093 62951 90879
90879 52093 62951
14679 6807 16310
16310 6807 14679
6807 14679 16310
22278 10633 85819
10633 22278 85819
85819 10633 22278
103664 3296 145507
145507 3296 103664
3296 103664 145507
2092 52177 133944
52177 2092 133944
133944 2092 52177
128292 115384 130604
115384 128292 130604
130604 115384 128292
82306 5087 107052
5087 82306 107052
107052 5087 82306
143398 44311 107832
44311 107832 143398
107832 44311 143398
147090 113881 131264
131264 113881 147090
113881 131264 147090
88068 79266 143409
79266 88068 143409
143409 79266 88068
142839 49443 89478
49443 89478 142839
89478 49443 142839
16673 19882 104824
104824 16673 19882
19882 16673 104824
141592 13278 18476
18476 13278 141592
13278 18476 141592
6805 52329 132052
52329 6805 132052
132052 6805 52329
6744 47157 58630
58630 6744 47157
47157 6744 58630
124580 54452 124195
124195 54452 124580
54452 124195 124580
79443 83369 130708
83369 79443 130708
130708 79443 83369
126909 18694 101197
101197 18694 126909
18694 101197 126909
149504 57752 60911
60911 57752 149504
57752 60911 149504
80483 73314 81503
81503 73314 80483
73314 80483 81503
6204 23953 55692
23953 6204 55692
55692 6204 23953
53170 31200 55158
55158 31200 53170
31200 53170 55158
145588 756 45979
45979 756 145588
756 45979 145588
26377 28621 58762
28621 26377 58762
58762 26377 28621
145787 104067 137018
137018 104067 145787
104067 137018 145787
70110 32870 88275
88275 32870 70110
32870 70110 88275
114162 109588 129767
109588 114162 129767
129767 109588 114162
88621 303 139986
303 88621 139986
139986 303 88621
107948 78509 87574
87574 78509 107948
78509 87574 107948
117269 54556 59102
54556 59102 117269
59102 54556 117269
30275 27051 49836
49836 27051 30275
27051 30275 49836
24843 28366 88020
28366 24843 88020
88020 24843 28366
60103 23331 124220
124220 23331 60103
23331 60103 124220
29284 126506 134130
134130 29284 126506
126506 29284 134130
116173 3164 12557
12557 3164 116173
3164 12557 116173
143292 22655 34842
34842 22655 143292
22655 34842 143292
62163 1424 81969
81969 1424 62163
1424 62163 81969
65722 53539 63812
53539 63812 65722
63812 53539 65722
65548 98352 144038
98352 65548 144038
144038 65548 98352
43174 30228 112491
30228 43174 112491
112491 30228 43174
39835 6387 48855
48855 6387 39835
6387 39835 48855
121561 92354 148392
148392 92354 121561
92354 121561 148392
71234 86448 109240
86448 71234 109240
109240 71234 86448
99248 114058 139407
114058 99248 139407
139407 99248 114058
1012 115704 134232
115704 1012 134232
134232 1012 115704
125446 77315 106019
77315 106019 125446
106019 77315 125446
33201 47294 121262
47294 33201 121262
121262 33201 47294
8761 84066 134329
134329 8761 84066
84066 8761 134329
122444 3070 141032
3070 122444 141032
141032 3070 122444
78235 31297 38118
31297 38118 78235
38118 31297 78235
1094 100647 128691
128691 1094 100647
100647 1094 128691
127027 3349 89843
3349 89843 127027
89843 3349 127027
70371 21257 54089
54089 21257 70371
21257 54089 70371
145336 15871 44660
15871 44660 145336
44660 15871 145336
19841 23910 125069
23910 19841 125069
125069 19841 23910
104322 97758 149302
149302 97758 104322
97758 104322 149302
110829 47479 143772
143772 47479 110829
47479 110829 143772
71410 22275 39383
39383 22275 71410
22275 39383 71410
59151 124124 136044
136044 59151 124124
124124 59151 136044
39344 119458 135213
135213 39344 119458
119458 39344 135213
99427 37539 128626
128626 37539 99427
37539 99427 128626
68887 10177 128420
128420 10177 68887
10177 68887 128420
120250 56493 129818
129818 56493 120250
56493 120250 129818
81402 87984 110839
110839 81402 87984
87984 81402 110839
40478 35967 135569
135569 35967 40478
35967 40478 135569
105487 662 121571
662 105487 121571
121571 662 105487
32646 41886 124344
41886 32646 124344
124344 32646 41886
3770 156 63811
156 3770 63811
63811 156 3770
117911 7332 140998
7332 117911 140998
140998 7332 117911
138764 56146 142878
142878 56146 138764
56146 138764 142878
72201 89964 99166
99166 72201 89964
89964 72201 99166
62480 34471 84990
84990 34471 62480
34471 62480 84990
98595 69363 101860
101860 69363 98595
69363 98595 101860
8647 126837 128387
128387 8647 126837
126837 8647 128387
91157 24943 92877
24943 91157 92877
92877 24943 91157
73145 40129 144299
40129 73145 144299
144299 40129 73145
59187 11892 30070
11892 30070 59187
30070 11892 59187
27930 41845 56874
41845 27930 56874
56874 27930 41845
148068 39946 45992
45992 39946 148068
39946 45992 148068
136620 80658 142590
142590 80658 136620
80658 136620 142590
33153 15882 66908
66908 15882 33153
15882 33153 66908
144645 44350 99855
44350 99855 144645
99855 44350 144645
98818 17290 23812
23812 17290 98818
17290 23812 98818
100475 50170 94934
94934 50170 100475
50170 94934 100475
16163 63884 131177
131177 16163 63884
63884 16163 131177
91640 55534 95075
55534 91640 95075
95075 55534 91640
66307 72501 102056
102056 66307 72501
72501 66307 102056
122281 82417 143460
82417 122281 143460
143460 82417 122281
33384 12635 120189
120189 12635 33384
12635 33384 120189
132506 35413 106386
35413 106386 132506
106386 35413 132506
93570 89138 97244
89138 93570 97244
97244 89138 93570
66147 10667 101702
101702 10667 66147
10667 66147 101702
127468 81390 96752
81390 96752 127468
96752 81390 127468
88040 46029 74171
46029 74171 88040
74171 46029 88040
137109 4761 47306
4761 47306 137109
47306 4761 137109
130881 133884 144018
133884 130881 144018
144018 130881 133884
97374 6163 33655
33655 6163 97374
6163 33655 97374
144266 4727 5633
4727 5633 144266
5633 4727 144266
23726 20843 75505
20843 23726 75505
75505 20843 23726
105302 128814 143641
143641 105302 128814
128814 105302 143641
78320 42812 88409
88409 42812 78320
42812 78320 88409
93178 57506 123041
57506 93178 123041
123041 57506 93178
49915 64857 93407
64857 49915 93407
93407 49915 64857
23534 115804 146366
115804 23534 146366
146366 23534 115804
60747 89832 100045
89832 60747 100045
100045 60747 89832
123277 117992 146802
146802 117992 123277
117992 123277 146802
111721 66411 107936
66411 107936 111721
107936 66411 111721
12872 127040 142074
142074 12872 127040
127040 12872 142074
88160 35491 53087
35491 53087 88160
53087 35491 88160
50986 72299 135953
135953 50986 72299
72299 50986 135953
78034 59707 66556
66556 59707 78034
59707 66556 78034
78405 28358 33973
33973 28358 78405
28358 33973 78405
142278 18936 79289
79289 18936 142278
18936 79289 142278
8279 38416 99838
38416 8279 99838
99838 8279 38416
49141 47894 134093
47894 49141 134093
134093 47894 49141
91297 38548 139318
38548 91297 139318
139318 38548 91297
50903 18578 51691
51691 18578 50903
18578 50903 51691
43425 114359 137850
137850 43425 114359
114359 43425 137850
106094 30907 36913
36913 30907 106094
30907 36913 106094
100864 7179 101098
7179 100864 101098
101098 7179 100864
105210 117653 140780
140780 105210 117653
117653 105210 140780
59396 31674 92304
31674 59396 92304
92304 31674 59396
14764 49591 56172
49591 14764 56172
56172 14764 49591
46565 99789 120282
120282 46565 99789
99789 46565 120282
101460 86370 110457
110457 86370 101460
86370 101460 110457
83959 93654 137708
137708 83959 93654
93654 83959 137708
79430 101235 131674
101235 79430 131674
131674 79430 101235
113473 20526 41743
20526 41743 113473
41743 20526 113473
53938 64875 112219
64875 53938 112219
112219 53938 64875
50007 54693 76430
54693 50007 76430
76430 50007 54693
47063 25160 88780
88780 25160 47063
25160 47063 88780
7518 1162 133162
1162 7518 133162
133162 1162 7518
30320 80317 126199
126199 30320 80317
80317 30320 126199
71386 118726 141393
118726 71386 141393
141393 71386 118726
86886 7458 97627
97627 7458 86886
7458 86886 97627
86725 69548 122729
122729 69548 86725
69548 86725 122729
84155 102209 121921
102209 84155 121921
121921 84155 102209
70101 29357 113968
113968 29357 70101
29357 70101 113968
75601 78623 78932
78932 75601 78623
78623 75601 78932
110160 81190 141847
141847 81190 110160
81190 110160 141847
36265 19628 84105
19628 36265 84105
84105 19628 36265
65375 106844 110968
110968 65375 106844
106844 65375 110968
17328 9001 127182
127182 9001 17328
9001 17328 127182
34821 87297 109850
109850 34821 87297
87297 34821 109850
70550 13783 53563
13783 53563 70550
53563 13783 70550
91999 93528 135240
93528 91999 135240
135240 91999 93528
67393 21637 104945
104945 21637 67393
21637 67393 104945
16174 75707 123712
123712 16174 75707
75707 16174 123712
94045 40000 111914
40000 94045 111914
111914 40000 94045
41490 96608 144343
144343 41490 96608
96608 41490 144343
75554 95948 103966
103966 75554 95948
95948 75554 103966
38130 44977 79973
79973 38130 44977
44977 38130 79973
20977 14176 111422
111422 14176 20977
14176 20977 111422
123767 25075 53148
53148 25075 123767
25075 53148 123767
52488 21316 98787
21316 52488 98787
98787 21316 52488
130951 12192 73675
12192 73675 130951
73675 12192 130951
143628 34110 34244
34110 34244 143628
34244 34110 143628
61127 24057 132128
24057 61127 132128
132128 24057 61127
19433 97908 137685
97908 19433 137685
137685 19433 97908
114833 114626 139572
139572 114626 114833
114626 114833 139572
117213 29594 114926
114926 29594 117213
29594 114926 117213
91622 39940 142722
142722 39940 91622
39940 91622 142722
127873 103840 116116
116116 103840 127873
103840 116116 127873
53226 111435 147535
111435 53226 147535
147535 53226 111435
48806 77540 147481
147481 48806 77540
77540 48806 147481
31797 77669 123792
123792 31797 77669
77669 31797 123792
30646 2280 106873
2280 30646 106873
106873 2280 30646
143701 40432 134443
