544 307 1484
307 544 1484
1484 307 544
331 1328 1334
1328 331 1334
1334 331 1328
1313 67 278
67 278 1313
278 67 1313
1312 1429 1471
1429 1312 1471
1471 1312 1429
1320 899 1366
899 1320 1366
1366 899 1320
1186 618 922
618 922 1186
922 618 1186
1339 993 1417
993 1339 1417
1417 993 1339
623 781 1452
1452 623 781
781 623 1452
187 261 979
979 187 261
261 187 979
414 58 472
58 414 472
472 58 414
1437 1174 1375
1375 1174 1437
1174 1375 1437
424 536 695
536 424 695
695 424 536
1306 719 967
967 719 1306
719 967 1306
143 137 968
968 137 143
137 143 968
1420 520 1495
520 1420 1495
1495 520 1420
605 554 1468
554 605 1468
1468 554 605
688 348 1171
348 688 1171
1171 348 688
884 268 1068
268 884 1068
1068 268 884
313 14 952
14 313 952
952 14 313
402 41 1352
41 402 1352
1352 41 402
74 463 771
463 74 771
771 74 463
1270 372 549
372 549 1270
549 372 1270
1350 413 543
413 543 1350
543 413 1350
651 895 1032
895 651 1032
1032 651 895
447 699 1490
1490 447 699
699 447 1490
176 756 894
756 176 894
894 176 756
504 1150 1212
1212 504 1150
1150 504 1212
146 217 1278
217 146 1278
1278 146 217
841 739 1121
739 841 1121
1121 739 841
1210 723 925
925 723 1210
723 925 1210
1154 460 919
919 460 1154
460 919 1154
165 439 1148
439 165 1148
1148 165 439
108 763 907
907 108 763
763 108 907
911 762 1205
762 911 1205
1205 762 911
581 202 1012
202 581 1012
1012 202 581
1062 43 567
567 43 1062
43 567 1062
997 1144 1295
1144 997 1295
1295 997 1144
1217 99 1077
1077 99 1217
99 1077 1217
1346 1238 1303
1238 1303 1346
1303 1238 1346
1059 136 1476
1476 136 1059
136 1059 1476
1108 149 1461
149 1108 1461
1461 149 1108
360 1026 1051
1026 360 1051
1051 360 1026
225 256 394
256 225 394
394 225 256
390 557 1425
1425 390 557
557 390 1425
1405 338 1310
338 1310 1405
1310 338 1405
1090 84 949
84 949 1090
949 84 1090
892 733 1280
1280 733 892
733 892 1280
1441 357 1399
357 1399 1441
1399 357 1441
896 441 861
861 441 896
441 861 896
727 446 608
446 608 727
608 446 727
523 234 1004
234 523 1004
1004 234 523
1153 161 206
161 206 1153
206 161 1153
1127 715 827
827 715 1127
715 827 1127
815 729 1082
729 815 1082
1082 729 815
152 551 610
610 152 551
551 152 610
33 311 587
311 33 587
587 33 311
144 462 914
462 144 914
914 144 462
502 125 1049
125 502 1049
1049 125 502
209 445 891
445 209 891
891 209 445
1092 604 822
604 822 1092
822 604 1092
630 198 363
198 363 630
363 198 630
807 1179 1349
1349 807 1179
1179 807 1349
451 195 866
195 451 866
866 195 451
1088 423 599
599 423 1088
423 599 1088
1234 692 1384
692 1234 1384
1384 692 1234
751 442 887
887 442 751
442 751 887
5 912 1446
912 5 1446
1446 5 912
1052 89 624
89 624 1052
624 89 1052
1250 115 1260
1260 115 1250
115 1250 1260
138 1291 1302
1302 138 1291
1291 138 1302
287 746 1214
746 287 1214
1214 287 746
1189 814 901
814 901 1189
901 814 1189
1006 687 1402
687 1006 1402
1402 687 1006
1020 412 1407
412 1020 1407
1407 412 1020
415 696 989
989 415 696
696 415 989
275 542 1113
1113 275 542
542 275 1113
1485 656 791
656 791 1485
791 656 1485
956 869 1019
1019 869 956
869 956 1019
387 106 713
106 387 713
713 106 387
1112 1030 1353
1353 1030 1112
1030 1112 1353
1166 974 1477
974 1166 1477
1477 974 1166
450 1204 1237
1204 450 1237
1237 450 1204
377 61 1394
1394 61 377
61 377 1394
52 601 1140
1140 52 601
601 52 1140
1285 179 509
179 509 1285
509 179 1285
1232 801 929
929 801 1232
801 929 1232
184 488 1337
1337 184 488
488 184 1337
1382 87 701
701 87 1382
87 701 1382
467 199 741
741 199 467
199 467 741
1274 620 1134
1134 620 1274
620 1134 1274
422 1 1118
1118 1 422
1 422 1118
969 378 864
378 864 969
864 378 969
1055 889 1105
889 1055 1105
1105 889 1055
1307 9 1086
9 1086 1307
1086 9 1307
663 168 558
558 168 663
168 558 663
1266 151 535
151 535 1266
535 151 1266
72 828 1470
1470 72 828
828 72 1470
1249 641 1003
641 1003 1249
1003 641 1249
1057 78 1271
78 1057 1271
1271 78 1057
140 560 973
560 140 973
973 140 560
823 1058 1401
1058 823 1401
1401 823 1058
530 59 1139
59 530 1139
1139 59 530
548 254 1173
1173 254 548
254 548 1173
351 362 950
362 351 950
950 351 362
842 257 1322
1322 257 842
257 842 1322
174 666 1101
666 174 1101
1101 174 666
145 662 987
987 145 662
662 145 987
794 20 717
717 20 794
20 717 794
332 644 722
722 332 644
644 332 722
102 29 652
29 102 652
652 29 102
367 207 398
207 367 398
398 207 367
242 215 455
455 215 242
215 242 455
635 857 1095
857 635 1095
1095 635 857
809 10 1208
1208 10 809
10 809 1208
793 276 804
276 793 804
804 276 793
1037 654 1449
1449 654 1037
654 1037 1449
1001 495 1023
495 1001 1023
1023 495 1001
1106 528 545
528 545 1106
545 528 1106
788 157 806
806 157 788
157 788 806
133 1071 1381
1381 133 1071
1071 133 1381
632 1120 1377
1120 632 1377
1377 632 1120
6 501 1488
501 6 1488
1488 6 501
761 847 1344
847 761 1344
1344 761 847
960 649 677
677 649 960
649 677 960
1236 494 676
676 494 1236
494 676 1236
893 524 982
982 524 893
524 893 982
1383 708 770
708 770 1383
770 708 1383
475 37 344
344 37 475
37 344 475
1410 308 790
308 790 1410
790 308 1410
674 1137 1277
1137 674 1277
1277 674 1137
672 380 1494
380 672 1494
1494 380 672
1125 1073 1492
1073 1125 1492
1492 1073 1125
917 366 598
598 366 917
366 598 917
777 798 953
798 777 953
953 777 798
552 50 853
853 50 552
50 552 853
799 738 1456
1456 738 799
738 799 1456
1497 162 476
476 162 1497
162 476 1497
1331 432 497
497 432 1331
432 497 1331
480 44 576
576 44 480
44 480 576
752 888 1361
888 752 1361
1361 752 888
211 92 881
92 211 881
881 92 211
789 297 1442
1442 297 789
297 789 1442
1345 24 243
24 243 1345
243 24 1345
114 819 1188
819 114 1188
1188 114 819
1045 233 780
780 233 1045
233 780 1045
829 405 1317
1317 405 829
405 829 1317
1199 57 183
183 57 1199
57 183 1199
657 214 1239
214 657 1239
1239 214 657
1122 1185 1380
1185 1122 1380
1380 1122 1185
1479 732 1054
1054 732 1479
732 1054 1479
1168 397 1390
397 1168 1390
1390 397 1168
1200 546 617
617 546 1200
546 617 1200
1406 226 909
909 226 1406
226 909 1406
867 944 1480
1480 867 944
944 867 1480
196 996 1013
1013 196 996
996 196 1013
212 531 711
531 212 711
711 212 531
821 878 1434
878 821 1434
1434 821 878
365 345 1028
345 365 1028
1028 345 365
1098 109 216
216 109 1098
109 216 1098
1305 1400 1451
1451 1305 1400
1400 1305 1451
796 593 1415
1415 593 796
593 796 1415
1279 492 1115
1115 492 1279
492 1115 1279
1396 1136 1474
1136 1396 1474
1474 1136 1396
1128 477 1379
477 1128 1379
1379 477 1128
597 978 1074
1074 597 978
978 597 1074
1308 566 682
566 682 1308
682 566 1308
923 238 816
816 238 923
238 816 923
245 341 1257
1257 245 341
341 245 1257
1038 316 614
614 316 1038
316 614 1038
400 433 479
433 400 479
479 400 433
126 963 998
998 126 963
963 126 998
1292 16 448
448 16 1292
16 448 1292
1426 21 334
21 334 1426
334 21 1426
110 1227 1275
1227 110 1275
1275 110 1227
435 519 1011
519 435 1011
1011 435 519
63 420 498
420 63 498
498 63 420
773 646 1207
646 773 1207
1207 646 773
1283 718 1458
718 1283 1458
1458 718 1283
1268 521 1109
1109 521 1268
521 1109 1268
1489 274 691
274 691 1489
691 274 1489
1221 513 1089
513 1089 1221
1089 513 1221
975 388 1404
388 975 1404
1404 388 975
1431 1022 1347
1347 1022 1431
1022 1347 1431
572 1031 1293
1031 572 1293
1293 572 1031
487 1447 1465
1465 487 1447
1447 487 1465
353 148 1463
148 353 1463
1463 148 353
1170 541 755
755 541 1170
541 755 1170
418 35 1370
35 418 1370
1370 35 418
638 265 1087
265 638 1087
1087 265 638
112 720 1473
1473 112 720
720 112 1473
1156 79 1378
1378 79 1156
79 1156 1378
1316 449 694
449 694 1316
694 449 1316
1435 124 1499
1499 124 1435
124 1435 1499
818 1182 1225
1225 818 1182
1182 818 1225
4 1084 1246
1084 4 1246
1246 4 1084
1193 785 1433
1433 785 1193
785 1193 1433
116 619 1201
1201 116 619
619 116 1201
583 178 1311
1311 178 583
178 583 1311
916 774 1111
1111 774 916
774 916 1111
1398 855 1478
1478 855 1398
855 1398 1478
30 364 693
693 30 364
364 30 693
1245 194 1180
1180 194 1245
194 1180 1245
55 250 1094
250 55 1094
1094 55 250
506 96 800
800 96 506
96 506 800
253 270 538
538 253 270
270 253 538
318 117 832
832 117 318
117 318 832
428 533 1430
1430 428 533
533 428 1430
690 664 714
714 664 690
664 690 714
1309 260 507
507 260 1309
260 507 1309
42 156 471
471 42 156
156 42 471
107 844 1487
844 107 1487
1487 107 844
1078 130 1044
130 1044 1078
1044 130 1078
53 797 1338
797 53 1338
1338 53 797
259 586 702
702 259 586
586 259 702
582 1341 1496
1496 582 1341
1341 582 1496
1367 7 1413
1413 7 1367
7 1367 1413
926 779 1411
779 926 1411
1411 779 926
731 23 740
740 23 731
23 731 740
158 373 669
669 158 373
373 158 669
1215 698 1269
698 1215 1269
1269 698 1215
1240 406 784
406 784 1240
784 406 1240
812 18 478
478 18 812
18 478 812
393 522 606
606 393 522
522 393 606
170 219 333
333 170 219
219 170 333
95 863 1172
1172 95 863
863 95 1172
609 45 1273
45 609 1273
1273 45 609
103 263 836
836 103 263
263 103 836
673 643 1130
1130 643 673
643 673 1130
3 76 77
76 3 77
77 3 76
550 595 736
595 550 736
736 550 595
1138 301 382
301 382 1138
382 301 1138
427 200 1151
1151 200 427
200 427 1151
561 510 556
510 556 561
556 510 561
190 645 792
792 190 645
645 190 792
356 499 897
499 356 897
897 356 499
943 88 121
88 121 943
121 88 943
945 282 468
282 468 945
468 282 945
639 456 886
886 456 639
456 639 886
1482 83 607
83 607 1482
607 83 1482
141 188 1262
188 141 1262
1262 141 188
525 410 835
410 525 835
835 410 525
712 94 935
94 712 935
935 94 712
1467 817 872
872 817 1467
817 872 1467
678 648 1080
648 678 1080
1080 648 678
640 461 1009
461 640 1009
1009 461 640
249 473 890
890 249 473
473 249 890
1224 671 1093
671 1093 1224
1093 671 1224
430 86 1364
86 430 1364
1364 86 430
1265 100 660
100 660 1265
660 100 1265
659 464 734
464 659 734
734 464 659
670 1060 1152
1060 670 1152
1152 670 1060
457 444 1264
1264 444 457
444 457 1264
1216 221 516
516 221 1216
221 516 1216
1159 118 908
118 908 1159
908 118 1159
38 642 1252
1252 38 642
642 38 1252
1119 941 1165
1165 941 1119
941 1119 1165
210 26 1103
26 210 1103
1103 26 210
933 135 218
218 135 933
135 218 933
600 280 434
434 280 600
280 434 600
147 323 429
323 147 429
429 147 323
49 803 1360
1360 49 803
803 49 1360
766 966 1147
1147 766 966
966 766 1147
383 1064 1372
1372 383 1064
1064 383 1372
661 172 500
172 500 661
500 172 661
324 562 882
882 324 562
562 324 882
1336 486 765
765 486 1336
486 765 1336
300 1300 1376
1300 300 1376
1376 300 1300
883 503 1351
1351 503 883
503 883 1351
1029 224 1448
224 1029 1448
1448 224 1029
1190 36 873
873 36 1190
36 873 1190
880 611 1301
611 880 1301
1301 611 880
939 239 1443
239 939 1443
1443 239 939
272 346 875
875 272 346
346 272 875
700 759 1000
759 700 1000
1000 700 759
778 1288 1386
1288 778 1386
1386 778 1288
192 56 1018
56 192 1018
1018 56 192
903 197 1286
197 903 1286
1286 197 903
153 277 1194
1194 153 277
277 153 1194
1319 636 1229
1229 636 1319
636 1229 1319
665 262 1133
262 665 1133
1133 262 665
481 820 1329
1329 481 820
820 481 1329
48 375 1253
375 48 1253
1253 48 375
1181 267 485
485 267 1181
267 485 1181
703 80 321
321 80 703
80 321 703
958 1290 1493
1290 958 1493
1493 958 1290
1083 64 1164
1164 64 1083
64 1083 1164
408 317 1157
317 408 1157
1157 317 408
913 854 1323
854 913 1323
1323 854 913
1183 924 1462
924 1183 1462
1462 924 1183
1021 824 1500
1500 824 1021
824 1021 1500
431 932 1267
932 431 1267
1267 431 932
452 70 920
70 452 920
920 70 452
25 508 1220
508 25 1220
1220 25 508
299 633 927
633 299 927
927 299 633
1287 128 177
177 128 1287
128 177 1287
1424 66 730
66 730 1424
730 66 1424
1110 27 119
119 27 1110
27 119 1110
97 82 1481
1481 82 97
82 97 1481
825 440 668
440 668 825
668 440 825
443 309 359
309 359 443
359 309 443
389 371 1104
1104 371 389
371 389 1104
876 258 312
312 258 876
258 312 876
489 122 1427
122 489 1427
1427 122 489
1387 1149 1196
1149 1196 1387
1196 1149 1387
990 1177 1304
1304 990 1177
1177 990 1304
826 685 849
685 826 849
849 685 826
305 93 902
93 305 902
902 93 305
416 98 493
493 98 416
98 416 493
142 565 760
760 142 565
565 142 760
512 203 634
203 512 634
634 203 512
354 304 589
304 354 589
589 304 354
983 1024 1340
1340 983 1024
1024 983 1340
1178 948 1325
1325 948 1178
948 1178 1325
13 255 613
255 13 613
613 13 255
391 602 726
602 391 726
726 391 602
329 686 850
850 329 686
686 329 850
591 574 1409
1409 574 591
574 591 1409
928 337 1483
337 928 1483
1483 337 928
395 1017 1419
1017 395 1419
1419 395 1017
615 17 1143
1143 17 615
17 615 1143
980 227 942
942 227 980
227 942 980
514 220 537
537 220 514
220 514 537
132 603 626
626 132 603
603 132 626
658 575 612
575 612 658
612 575 658
710 336 1132
1132 336 710
336 710 1132
735 62 553
62 553 735
553 62 735
1209 466 874
466 874 1209
874 466 1209
350 327 1079
1079 327 350
327 350 1079
1014 1141 1297
1141 1014 1297
1297 1014 1141
1327 181 1213
181 1213 1327
1213 181 1327
1061 236 1025
1025 236 1061
236 1025 1061
1296 237 1422
237 1296 1422
1422 237 1296
241 173 1321
1321 173 241
173 241 1321
1440 376 585
585 376 1440
376 585 1440
1247 622 667
667 622 1247
622 667 1247
189 1102 1314
1314 189 1102
1102 189 1314
113 1066 1100
1100 113 1066
1066 113 1100
247 47 986
986 47 247
47 247 986
437 991 1129
1129 437 991
991 437 1129
32 918 957
918 32 957
957 32 918
1005 293 1230
293 1005 1230
1230 293 1005
1042 868 1385
1385 868 1042
868 1042 1385
289 559 1096
559 289 1096
1096 289 559
335 511 768
511 335 768
768 335 511
621 1142 1359
1359 621 1142
1142 621 1359
1354 231 1056
1056 231 1354
231 1056 1354
426 744 865
865 426 744
744 426 865
298 264 319
319 264 298
264 298 319
527 1211 1472
1211 527 1472
1472 527 1211
223 532 1048
1048 223 532
532 223 1048
964 229 747
747 229 964
229 747 964
1027 517 1114
1114 517 1027
517 1027 1114
629 244 296
244 296 629
296 244 629
470 65 772
65 470 772
772 65 470
992 68 749
68 749 992
749 68 992
1369 1076 1428
1428 1076 1369
1076 1369 1428
252 1358 1466
1466 252 1358
1358 252 1466
1050 347 417
347 417 1050
417 347 1050
742 240 1444
240 742 1444
1444 240 742
846 40 1010
1010 40 846
40 846 1010
1374 205 783
783 205 1374
205 783 1374
1436 294 419
294 419 1436
419 294 1436
1255 592 725
592 725 1255
725 592 1255
453 251 831
831 251 453
251 453 831
292 578 782
782 292 578
578 292 782
1259 167 1392
167 1259 1392
1392 167 1259
1069 131 134
131 134 1069
134 131 1069
91 409 750
409 91 750
750 91 409
637 1184 1241
1184 637 1241
1241 637 1184
1202 946 1053
946 1053 1202
1053 946 1202
208 129 787
129 208 787
787 129 208
1388 374 1368
1368 374 1388
374 1368 1388
1187 369 1414
369 1187 1414
1414 369 1187
971 515 848
848 515 971
515 848 971
769 1169 1393
1393 769 1169
1169 769 1393
984 310 970
310 970 984
970 310 984
858 675 1008
1008 675 858
675 858 1008
1124 246 737
737 246 1124
246 737 1124
754 491 1454
491 754 1454
1454 491 754
555 885 1145
1145 555 885
885 555 1145
616 810 1421
1421 616 810
810 616 1421
85 571 1423
1423 85 571
571 85 1423
1243 325 1161
1161 325 1243
325 1161 1243
1176 534 655
534 655 1176
655 534 1176
776 1223 1371
1223 776 1371
1371 776 1223
404 81 1498
1498 81 404
81 404 1498
951 51 1432
51 951 1432
1432 51 951
936 930 1063
930 936 1063
1063 930 936
1135 320 959
320 959 1135
959 320 1135
808 160 171
171 160 808
160 171 808
1332 111 1158
111 1158 1332
1158 111 1332
680 271 898
271 680 898
898 271 680
859 273 1324
1324 273 859
273 859 1324
805 339 843
339 805 843
843 339 805
775 385 1116
385 775 1116
1116 385 775
1040 222 1281
1281 222 1040
222 1040 1281
811 342 1107
342 811 1107
1107 342 811
358 54 934
54 358 934
934 54 358
962 105 328
328 105 962
105 328 962
1261 355 438
438 355 1261
355 438 1261
1175 459 683
459 683 1175
683 459 1175
1242 1408 1418
1418 1242 1408
1408 1242 1418
302 1373 1491
1373 302 1491
1491 302 1373
201 381 1206
1206 201 381
381 201 1206
753 411 1034
1034 411 753
411 753 1034
166 1233 1469
1233 166 1469
1469 166 1233
1191 407 1412
407 1191 1412
1412 407 1191
34 401 1016
1016 34 401
401 34 1016
1256 28 425
28 425 1256
425 28 1256
1198 563 579
579 563 1198
563 579 1198
852 191 906
191 852 906
906 191 852
1365 474 977
474 977 1365
977 474 1365
1460 767 905
905 767 1460
767 905 1460
182 764 1363
764 182 1363
1363 182 764
291 469 900
469 291 900
900 291 469
1117 931 961
931 961 1117
961 931 1117
871 706 1041
706 871 1041
1041 706 871
8 1192 1294
1294 8 1192
1192 8 1294
568 12 697
12 568 697
697 12 568
150 786 965
965 150 786
786 150 965
684 75 569
569 75 684
75 569 684
1254 384 994
994 384 1254
384 994 1254
1228 845 976
976 845 1228
845 976 1228
540 123 564
123 540 564
564 123 540
1357 352 1395
352 1357 1395
1395 352 1357
1258 283 631
631 283 1258
283 631 1258
11 286 1162
286 11 1162
1162 11 286
1002 526 748
526 748 1002
748 526 1002
180 679 1067
679 180 1067
1067 180 679
1486 159 570
159 570 1486
570 159 1486
19 314 1099
314 19 1099
1099 19 314
1330 490 1015
490 1015 1330
1015 490 1330
1081 1195 1403
1195 1081 1403
1403 1081 1195
627 1356 1397
1356 627 1397
1397 627 1356
392 370 1298
1298 370 392
370 392 1298
303 284 981
284 303 981
981 284 303
120 628 704
628 120 704
704 120 628
851 625 1036
1036 625 851
625 851 1036
169 39 860
39 169 860
860 39 169
1123 681 743
681 743 1123
743 681 1123
1315 483 988
988 483 1315
483 988 1315
1445 1197 1226
1226 1197 1445
1197 1226 1445
285 204 709
204 285 709
709 204 285
813 213 596
213 596 813
596 213 813
594 830 840
840 594 830
830 594 840
921 1035 1085
1085 921 1035
1035 921 1085
1244 653 955
653 955 1244
955 653 1244
139 185 954
954 139 185
185 139 954
379 322 1248
322 379 1248
1248 322 379
716 73 1039
1039 73 716
73 716 1039
421 1251 1439
1439 421 1251
1251 421 1439
877 482 590
590 482 877
482 590 877
186 228 1231
228 186 1231
1231 186 228
505 465 795
795 465 505
465 505 795
518 71 1163
71 518 1163
1163 71 518
403 330 386
386 330 403
330 386 403
940 856 947
947 856 940
856 940 947
1276 1131 1362
1362 1131 1276
1131 1276 1362
1459 833 1299
833 1299 1459
1299 833 1459
368 834 1126
1126 368 834
834 368 1126
879 230 838
230 838 879
838 230 879
266 306 1065
1065 266 306
306 266 1065
349 281 862
281 349 862
862 281 349
995 31 580
580 31 995
31 580 995
1263 326 1450
1450 326 1263
326 1263 1450
288 127 1438
1438 127 288
127 288 1438
1155 1072 1355
1072 1155 1355
1355 1072 1155
1047 235 547
235 547 1047
547 235 1047
90 484 904
904 90 484
484 90 904
104 279 972
279 104 972
972 104 279
22 728 1455
728 22 1455
1455 22 728
1348 15 60
60 15 1348
15 60 1348
315 689 721
721 315 689
689 315 721
175 269 985
269 175 985
985 175 269
396 1070 1389
1389 396 1070
1070 396 1389
1146 839 1343
839 1146 1343
1343 839 1146
1203 193 1475
1475 193 1203
193 1203 1475
1007 707 938
938 707 1007
707 938 1007
340 164 1097
164 340 1097
1097 164 340
399 163 758
163 399 758
758 163 399
290 101 458
458 101 290
101 290 458
539 69 295
295 69 539
69 295 539
1333 1219 1326
1219 1326 1333
1326 1219 1333
1282 496 588
496 588 1282
588 496 1282
584 1167 1318
1318 584 1167
1167 584 1318
705 46 343
46 343 705
343 46 705
1033 757 1342
1342 757 1033
757 1033 1342
1416 937 1222
1222 937 1416
937 1222 1416
999 573 1289
573 999 1289
1289 573 999
529 1091 1272
1091 529 1272
1272 529 1091
915 248 1284
248 915 1284
1284 248 915
647 1043 1453
1453 647 1043
1043 647 1453
1391 837 1457
837 1391 1457
1457 837 1391
1046 1075 1218
1218 1046 1075
1075 1046 1218
1235 232 454
454 232 1235
232 454 1235
650 154 1335
154 650 1335
1335 154 650
1160 155 361
155 361 1160
361 155 1160
724 2 577
2 577 724
577 2 724
870 802 910
802 870 910
910 802 870
436 745 1464
1464 436 745
745 436 1464
