112 779 1210
1210 112 779
779 112 1210
878 440 1478
440 878 1478
1478 440 878
420 838 1479
1479 420 838
838 420 1479
181 70 818
818 70 181
70 181 818
1178 617 1127
1127 617 1178
617 1127 1178
410 1255 1352
1352 410 1255
1255 410 1352
1191 542 1013
1013 542 1191
542 1013 1191
513 1045 1081
1045 513 1081
1081 513 1045
950 260 1059
260 950 1059
1059 260 950
205 228 314
228 205 314
314 205 228
342 49 976
49 342 976
976 49 342
1304 1006 1141
1141 1006 1304
1006 1141 1304
286 128 1037
128 286 1037
1037 128 286
69 545 1361
545 69 1361
1361 69 545
1419 245 1367
1367 245 1419
245 1367 1419
312 1000 1406
1406 312 1000
1000 312 1406
1392 119 457
119 457 1392
457 119 1392
292 553 734
734 292 553
553 292 734
1412 65 579
579 65 1412
65 579 1412
1216 302 343
302 343 1216
343 302 1216
947 388 985
388 947 985
985 388 947
524 230 1414
230 524 1414
1414 230 524
399 561 1440
561 399 1440
1440 399 561
331 217 300
217 300 331
300 217 331
669 1149 1470
1470 669 1149
1149 669 1470
169 313 371
313 169 371
371 169 313
681 146 1373
146 681 1373
1373 146 681
265 1054 1307
1307 265 1054
1054 265 1307
480 810 819
810 480 819
819 480 810
1112 114 769
769 114 1112
114 769 1112
424 988 1400
1400 424 988
988 424 1400
750 102 606
606 102 750
102 606 750
739 268 1174
1174 268 739
268 739 1174
583 235 505
235 505 583
505 235 583
1323 812 1469
812 1323 1469
1469 812 1323
1335 698 794
794 698 1335
698 794 1335
815 889 991
991 815 889
889 815 991
867 600 667
600 667 867
667 600 867
1458 74 650
74 650 1458
650 74 1458
458 17 866
17 458 866
866 17 458
756 161 453
453 161 756
161 453 756
441 584 907
584 441 907
907 441 584
240 594 1165
594 240 1165
1165 240 594
306 670 1257
1257 306 670
670 306 1257
845 471 932
932 471 845
471 845 932
1260 974 987
987 974 1260
974 987 1260
1004 782 1422
1422 782 1004
782 1004 1422
723 185 323
323 185 723
185 323 723
665 82 164
164 82 665
82 164 665
963 41 783
783 41 963
41 783 963
1416 318 1417
318 1416 1417
1417 318 1416
753 272 517
517 272 753
272 517 753
831 684 1197
684 831 1197
1197 684 831
1083 765 1185
1185 765 1083
765 1083 1185
281 596 969
596 281 969
969 281 596
39 73 918
73 39 918
918 39 73
813 489 1365
489 813 1365
1365 489 813
213 340 1388
1388 213 340
340 213 1388
658 714 728
728 658 714
714 658 728
223 35 1003
35 223 1003
1003 35 223
461 778 1181
778 461 1181
1181 461 778
916 225 301
225 301 916
301 225 916
1089 774 1143
774 1089 1143
1143 774 1089
992 696 1116
1116 696 992
696 992 1116
242 159 1429
159 242 1429
1429 159 242
1234 766 1019
1019 766 1234
766 1019 1234
357 50 720
720 50 357
50 357 720
742 405 1062
405 742 1062
1062 405 742
822 645 884
884 645 822
645 822 884
1180 492 1397
492 1180 1397
1397 492 1180
857 337 1423
1423 337 857
337 857 1423
1288 451 574
574 451 1288
451 574 1288
1171 834 1018
834 1018 1171
1018 834 1171
148 120 231
120 148 231
231 120 148
438 24 998
998 24 438
24 438 998
942 419 835
419 835 942
835 419 942
1015 626 1473
1473 626 1015
626 1015 1473
717 762 1471
1471 717 762
762 717 1471
628 10 526
526 10 628
10 526 628
1468 117 953
117 953 1468
953 117 1468
547 695 861
695 547 861
861 547 695
1263 98 710
710 98 1263
98 710 1263
369 389 562
389 369 562
562 369 389
417 372 1258
372 417 1258
1258 372 417
167 895 1317
895 167 1317
1317 167 895
284 829 903
903 284 829
829 284 903
111 178 1435
178 111 1435
1435 111 178
1207 46 962
962 46 1207
46 962 1207
1476 136 894
894 136 1476
136 894 1476
1347 863 1322
1322 863 1347
863 1322 1347
612 481 572
481 572 612
572 481 612
221 661 1300
661 221 1300
1300 221 661
1212 768 1026
768 1026 1212
1026 768 1212
200 1136 1245
1245 200 1136
1136 200 1245
173 1106 1460
1106 173 1460
1460 173 1106
1439 316 1231
1231 316 1439
316 1231 1439
1204 149 1128
1128 149 1204
149 1128 1204
1154 63 1166
1166 63 1154
63 1154 1166
636 412 1172
1172 412 636
412 636 1172
803 124 362
124 362 803
362 124 803
749 913 1021
1021 749 913
913 749 1021
1431 893 1326
893 1326 1431
1326 893 1431
1229 255 585
585 255 1229
255 585 1229
1295 755 1134
755 1134 1295
1134 755 1295
839 396 1163
396 839 1163
1163 396 839
1152 620 888
620 888 1152
888 620 1152
1424 1030 1302
1030 1302 1424
1302 1030 1424
683 533 872
533 683 872
872 533 683
1201 770 1299
1299 770 1201
770 1201 1299
644 307 943
943 307 644
307 644 943
1200 587 877
877 587 1200
587 877 1200
333 503 891
891 333 503
503 333 891
648 729 933
933 648 729
729 648 933
1340 325 1358
325 1340 1358
1358 325 1340
970 363 1451
1451 363 970
363 970 1451
504 1039 1310
1310 504 1039
1039 504 1310
83 582 925
925 83 582
582 83 925
329 234 844
844 234 329
234 329 844
431 1002 1168
1002 431 1168
1168 431 1002
80 508 1262
1262 80 508
508 80 1262
1353 1233 1413
1233 1353 1413
1413 1233 1353
1271 554 1042
554 1042 1271
1042 554 1271
820 425 1387
425 820 1387
1387 425 820
568 30 238
30 238 568
238 30 568
202 267 1346
267 202 1346
1346 202 267
1130 54 1328
1328 54 1130
54 1130 1328
391 75 336
336 75 391
75 336 391
1087 79 676
79 676 1087
676 79 1087
1047 293 1188
293 1047 1188
1188 293 1047
986 211 1484
1484 211 986
211 986 1484
1145 840 1211
840 1145 1211
1211 840 1145
218 771 802
802 218 771
771 218 802
929 1012 1095
1095 929 1012
1012 929 1095
1247 219 1298
219 1247 1298
1298 219 1247
928 397 1179
397 928 1179
1179 397 928
1384 338 1343
1343 338 1384
338 1343 1384
195 659 915
659 195 915
915 195 659
428 649 688
649 428 688
688 428 649
1308 1053 1073
1053 1073 1308
1073 1053 1308
791 678 860
678 791 860
860 678 791
432 408 873
873 408 432
408 432 873
175 491 1232
1232 175 491
491 175 1232
1368 764 1374
764 1368 1374
1374 764 1368
437 469 954
954 437 469
469 437 954
2 378 1449
1449 2 378
378 2 1449
775 563 675
675 563 775
563 675 775
395 855 1170
855 395 1170
1170 395 855
736 353 1481
1481 353 736
353 736 1481
11 789 868
868 11 789
789 11 868
1187 743 1256
1256 743 1187
743 1187 1256
909 721 1499
1499 721 909
721 909 1499
914 601 846
846 601 914
601 846 914
377 455 687
455 377 687
687 377 455
1462 317 1133
1133 317 1462
317 1133 1462
540 483 1369
483 540 1369
1369 483 540
1464 1485 1491
1485 1464 1491
1491 1464 1485
413 1345 1426
1426 413 1345
1345 413 1426
1142 264 1415
1415 264 1142
264 1142 1415
691 590 1268
1268 590 691
590 691 1268
1025 882 1182
882 1025 1182
1182 882 1025
798 908 1157
908 798 1157
1157 798 908
8 510 1341
1341 8 510
510 8 1341
1385 759 1164
1164 759 1385
759 1164 1385
1113 4 1315
1315 4 1113
4 1113 1315
701 249 616
616 249 701
249 616 701
374 321 551
321 374 551
551 321 374
595 166 552
166 552 595
552 166 595
1297 258 994
258 994 1297
994 258 1297
1086 152 334
152 334 1086
334 152 1086
795 116 1189
1189 116 795
116 795 1189
1029 883 1236
1236 883 1029
883 1029 1236
1199 59 1160
59 1160 1199
1160 59 1199
266 647 713
713 266 647
647 266 713
951 602 906
602 906 951
906 602 951
95 206 816
816 95 206
206 95 816
14 92 328
328 14 92
92 14 328
1209 1239 1480
1239 1209 1480
1480 1209 1239
1316 127 1492
1492 127 1316
127 1316 1492
1267 904 1275
1275 904 1267
904 1267 1275
651 184 1227
1227 184 651
184 651 1227
1186 207 402
207 402 1186
402 207 1186
1011 275 295
275 295 1011
295 275 1011
541 869 941
869 541 941
941 541 869
344 516 1223
516 344 1223
1223 344 516
1463 593 679
593 679 1463
679 593 1463
589 7 887
7 589 887
887 7 589
1363 814 1173
814 1173 1363
1173 814 1363
1375 199 488
488 199 1375
199 488 1375
811 21 68
68 21 811
21 68 811
1055 724 737
724 737 1055
737 724 1055
1156 490 892
490 892 1156
892 490 1156
1305 23 1135
23 1135 1305
1135 23 1305
188 591 1261
1261 188 591
591 188 1261
78 777 997
997 78 777
777 78 997
1420 415 995
415 995 1420
995 415 1420
354 407 852
852 354 407
407 354 852
975 31 448
448 31 975
31 448 975
1005 347 692
692 347 1005
347 692 1005
776 924 1312
924 776 1312
1312 776 924
1061 52 1067
1067 52 1061
52 1061 1067
1359 493 1167
493 1167 1359
1167 493 1359
1389 143 1230
143 1230 1389
1230 143 1389
1033 960 1291
960 1033 1291
1291 960 1033
434 673 1325
673 434 1325
1325 434 673
1099 315 999
315 999 1099
999 315 1099
244 145 707
707 145 244
145 244 707
1296 12 1477
1477 12 1296
12 1296 1477
1075 801 1372
1372 801 1075
801 1075 1372
189 564 1320
1320 189 564
564 189 1320
1104 140 1452
140 1104 1452
1452 140 1104
881 203 1265
203 881 1265
1265 203 881
298 1117 1251
1251 298 1117
1117 298 1251
1475 654 874
874 654 1475
654 874 1475
735 289 945
289 735 945
945 289 735
376 1398 1410
1398 376 1410
1410 376 1398
162 898 1445
1445 162 898
898 162 1445
539 256 1140
256 539 1140
1140 256 539
443 592 972
972 443 592
592 443 972
1074 91 118
91 118 1074
118 91 1074
807 9 1411
1411 9 807
9 807 1411
560 663 1184
1184 560 663
663 560 1184
1399 686 800
686 800 1399
800 686 1399
1293 637 1395
637 1293 1395
1395 637 1293
1203 666 740
666 740 1203
740 666 1203
1202 463 1017
1017 463 1202
463 1017 1202
156 685 1190
1190 156 685
685 156 1190
32 788 826
826 32 788
788 32 826
103 422 890
890 103 422
422 103 890
1195 153 1214
1214 153 1195
153 1195 1214
627 179 1248
1248 179 627
179 627 1248
394 158 610
610 158 394
158 394 610
1238 352 1091
1091 352 1238
352 1091 1238
1311 186 990
186 990 1311
990 186 1311
1144 210 426
426 210 1144
210 426 1144
345 900 983
900 345 983
983 345 900
198 1244 1448
1244 198 1448
1448 198 1244
1241 40 332
332 40 1241
40 332 1241
546 642 1379
642 546 1379
1379 546 642
1138 824 1114
1114 824 1138
824 1114 1138
971 261 544
261 544 971
544 261 971
1487 1107 1220
1220 1107 1487
1107 1220 1487
931 786 849
849 786 931
786 849 931
730 1205 1390
1390 730 1205
1205 730 1390
781 543 603
543 603 781
603 543 781
598 87 984
87 598 984
984 87 598
1243 672 1125
1125 672 1243
672 1125 1243
911 937 957
957 911 937
937 911 957
494 465 1301
465 494 1301
1301 465 494
859 243 1177
1177 243 859
243 859 1177
436 858 1393
858 436 1393
1393 436 858
980 43 220
43 220 980
220 43 980
949 715 1132
715 949 1132
1132 715 949
1252 604 1472
604 1252 1472
1472 604 1252
632 386 1079
1079 386 632
386 632 1079
1221 1118 1376
1118 1221 1376
1376 1118 1221
741 652 1194
1194 652 741
652 741 1194
1094 360 732
732 360 1094
360 732 1094
1466 365 699
365 699 1466
699 365 1466
534 138 1336
1336 138 534
138 534 1336
757 445 607
607 445 757
445 607 757
514 172 821
172 514 821
821 172 514
215 709 1076
709 215 1076
1076 215 709
3 110 1192
1192 3 110
110 3 1192
5 921 1495
1495 5 921
921 5 1495
454 64 1454
1454 64 454
64 454 1454
416 597 854
597 416 854
854 416 597
467 1292 1483
1292 467 1483
1483 467 1292
799 379 711
379 711 799
711 379 799
86 977 1046
977 86 1046
1046 86 977
633 290 731
290 633 731
731 290 633
746 382 1446
382 746 1446
1446 382 746
1048 468 1147
1147 468 1048
468 1048 1147
1405 487 690
487 690 1405
690 487 1405
581 1022 1394
1022 581 1394
1394 581 1022
484 137 940
137 484 940
940 137 484
1500 550 682
550 682 1500
682 550 1500
1366 364 527
364 527 1366
527 364 1366
1218 270 1276
270 1218 1276
1276 270 1218
697 1225 1459
1459 697 1225
1225 697 1459
1474 1246 1339
1339 1246 1474
1246 1339 1474
104 322 880
880 104 322
322 104 880
177 197 1355
1355 177 197
197 177 1355
1461 1303 1403
1303 1403 1461
1403 1303 1461
830 1121 1498
1498 830 1121
1121 830 1498
703 653 660
660 653 703
653 660 703
934 247 326
326 247 934
247 326 934
952 299 1494
299 952 1494
1494 299 952
285 367 899
367 285 899
899 285 367
462 62 180
180 62 462
62 180 462
968 605 917
917 605 968
605 917 968
450 274 1442
1442 274 450
274 450 1442
549 226 718
226 549 718
718 226 549
477 183 622
622 183 477
183 477 622
1023 346 1213
1213 346 1023
346 1023 1213
341 304 912
304 341 912
912 304 341
351 1126 1158
1126 351 1158
1158 351 1126
1364 1122 1253
1253 1122 1364
1122 1253 1364
1318 423 897
423 897 1318
897 423 1318
392 89 787
89 392 787
787 89 392
519 150 655
655 150 519
150 519 655
638 349 719
719 349 638
349 638 719
1069 303 1137
1137 303 1069
303 1069 1137
498 1072 1382
1072 498 1382
1382 498 1072
381 335 1078
1078 335 381
335 381 1078
121 142 761
142 121 761
761 121 142
212 294 1254
1254 212 294
294 212 1254
123 435 1396
435 123 1396
1396 123 435
1370 187 1196
187 1196 1370
1196 187 1370
773 330 570
330 570 773
570 330 773
1084 738 1443
738 1084 1443
1443 738 1084
727 567 1259
1259 567 727
567 727 1259
472 624 1362
624 472 1362
1362 472 624
745 71 680
680 71 745
71 680 745
537 60 657
657 60 537
60 537 657
239 896 1354
896 239 1354
1354 239 896
1176 132 398
398 132 1176
132 398 1176
34 310 1338
310 34 1338
1338 34 310
222 939 1447
1447 222 939
939 222 1447
1016 403 1153
1153 403 1016
403 1016 1153
1161 623 758
758 623 1161
623 758 1161
1100 236 282
236 282 1100
282 236 1100
938 784 797
784 797 938
797 784 938
559 251 1289
251 559 1289
1289 251 559
521 81 1356
81 521 1356
1356 81 521
809 754 1101
754 809 1101
1101 754 809
634 565 1057
1057 565 634
565 634 1057
414 619 1430
619 414 1430
1430 414 619
147 580 1064
580 147 1064
1064 147 580
1105 84 614
84 614 1105
614 84 1105
1193 356 643
356 643 1193
643 356 1193
339 154 763
154 339 763
763 154 339
42 246 1001
1001 42 246
246 42 1001
1351 277 1327
277 1327 1351
1327 277 1351
1401 165 1432
165 1401 1432
1432 165 1401
1456 47 319
319 47 1456
47 319 1456
109 1071 1088
1071 109 1088
1088 109 1071
409 105 444
444 105 409
105 409 444
442 16 557
16 442 557
557 16 442
806 843 979
843 806 979
979 806 843
1108 370 482
370 482 1108
482 370 1108
871 38 383
38 383 871
383 38 871
1421 640 1441
1441 640 1421
640 1421 1441
1409 923 1279
923 1279 1409
1279 923 1409
278 155 1065
1065 155 278
155 278 1065
959 704 1235
1235 704 959
704 959 1235
1024 538 1058
1058 538 1024
538 1024 1058
1344 130 586
586 130 1344
130 586 1344
530 876 1175
876 530 1175
1175 530 876
36 621 1169
621 36 1169
1169 36 621
1349 214 964
964 214 1349
214 964 1349
1465 57 1383
57 1383 1465
1383 57 1465
1044 1007 1151
1007 1044 1151
1151 1007 1044
501 851 919
851 501 919
919 501 851
190 55 1319
1319 55 190
55 190 1319
126 693 1068
693 126 1068
1068 126 693
1009 558 1206
558 1009 1206
1206 558 1009
1428 1309 1333
1333 1309 1428
1309 1333 1428
233 287 1183
287 233 1183
1183 233 287
662 257 1123
257 662 1123
1123 257 662
805 229 1490
1490 229 805
229 805 1490
48 253 1109
1109 48 253
253 48 1109
1228 901 1282
1282 901 1228
901 1228 1282
532 18 1286
1286 18 532
18 532 1286
174 19 1467
1467 19 174
19 174 1467
400 1148 1444
1444 400 1148
1148 400 1444
823 495 646
495 646 823
646 495 823
847 196 910
910 196 847
196 847 910
1036 390 1198
1198 390 1036
390 1036 1198
296 656 1035
656 296 1035
1035 296 656
1043 288 1226
288 1043 1226
1226 288 1043
1283 93 97
93 97 1283
97 93 1283
460 956 1348
956 460 1348
1348 460 956
853 311 722
722 311 853
311 722 853
28 134 902
902 28 134
134 28 902
639 507 748
507 639 748
748 507 639
1060 77 385
385 77 1060
77 385 1060
486 361 825
361 486 825
825 361 486
1050 176 1360
1360 176 1050
176 1050 1360
204 1066 1407
1066 204 1407
1407 204 1066
841 566 1272
1272 566 841
566 841 1272
248 449 885
449 248 885
885 248 449
509 139 358
358 139 509
139 358 509
578 26 1418
26 578 1418
1418 26 578
44 418 576
418 44 576
576 44 418
1332 506 1493
506 1332 1493
1493 506 1332
832 100 366
366 100 832
100 366 832
1274 53 1224
1224 53 1274
53 1224 1274
209 141 716
141 209 716
716 141 209
1488 446 1103
1103 446 1488
446 1103 1488
1357 470 967
470 967 1357
967 470 1357
1111 641 1014
641 1014 1111
1014 641 1111
989 1093 1496
1093 989 1496
1496 989 1093
1131 51 368
368 51 1131
51 368 1131
1092 1330 1334
1334 1092 1330
1330 1092 1334
850 320 1425
1425 320 850
320 850 1425
1380 133 1433
133 1380 1433
1433 133 1380
611 780 1041
1041 611 780
780 611 1041
790 476 1273
476 790 1273
1273 476 790
935 250 705
250 705 935
705 250 935
926 1250 1391
1391 926 1250
1250 926 1391
406 401 767
767 401 406
401 406 767
33 1115 1146
1146 33 1115
1115 33 1146
1139 99 479
99 479 1139
479 99 1139
747 61 1450
61 747 1450
1450 61 747
523 125 1284
125 523 1284
1284 125 523
1264 168 375
168 375 1264
375 168 1264
227 733 1269
733 227 1269
1269 227 733
511 515 1285
1285 511 515
515 511 1285
1159 588 1321
1321 588 1159
588 1159 1321
475 635 1377
1377 475 635
635 475 1377
20 67 191
191 20 67
67 20 191
512 548 712
712 512 548
548 512 712
848 1110 1150
1150 848 1110
1110 848 1150
182 13 94
13 94 182
94 13 182
1453 193 1051
1051 193 1453
193 1051 1453
792 348 833
833 348 792
348 792 833
1270 905 1408
905 1270 1408
1408 905 1270
297 135 744
135 297 744
744 135 297
1280 421 577
421 577 1280
577 421 1280
1031 496 502
496 502 1031
502 496 1031
1371 485 1208
1208 485 1371
485 1208 1371
1222 163 689
689 163 1222
163 689 1222
609 157 456
456 157 609
157 456 609
930 518 1497
1497 518 930
518 930 1497
144 674 1119
674 144 1119
1119 144 674
1329 25 1008
1008 25 1329
25 1008 1329
982 305 1404
305 982 1404
1404 305 982
796 106 384
384 106 796
106 384 796
836 629 875
629 836 875
875 629 836
201 864 1032
864 201 1032
1032 201 864
760 1455 1486
1486 760 1455
1455 760 1486
373 556 1277
1277 373 556
556 373 1277
273 404 536
536 273 404
404 273 536
1437 252 1306
1306 252 1437
252 1306 1437
1082 856 981
981 856 1082
856 981 1082
90 171 706
706 90 171
171 90 706
108 870 1020
1020 108 870
870 108 1020
439 529 726
726 439 529
529 439 726
259 525 664
525 259 664
664 259 525
965 478 1034
1034 478 965
478 965 1034
1056 66 497
497 66 1056
66 497 1056
694 56 280
280 56 694
56 280 694
29 170 671
170 29 671
671 29 170
993 842 1337
1337 842 993
842 993 1337
324 499 837
837 324 499
499 324 837
1098 785 922
785 922 1098
922 785 1098
1096 535 793
793 535 1096
535 793 1096
1457 817 1010
817 1010 1457
1010 817 1457
271 625 1290
625 271 1290
1290 271 625
254 1120 1386
1386 254 1120
1120 254 1386
618 474 978
978 474 618
474 618 978
1217 615 1097
1097 615 1217
615 1097 1217
1266 27 1085
1085 27 1266
27 1085 1266
1215 571 575
571 575 1215
575 571 1215
1027 668 1242
668 1027 1242
1242 668 1027
1331 355 1436
1436 355 1331
355 1331 1436
569 946 1028
1028 569 946
946 569 1028
107 232 1482
232 107 1482
1482 107 232
393 208 283
283 208 393
208 283 393
1237 500 528
500 528 1237
528 500 1237
702 827 1427
827 702 1427
1427 702 827
88 936 1434
936 88 1434
1434 88 936
430 599 608
599 430 608
608 430 599
122 359 433
359 122 433
433 122 359
1102 216 327
216 327 1102
327 216 1102
700 58 129
58 129 700
129 58 700
15 573 751
751 15 573
573 15 751
531 101 1489
101 531 1489
1489 101 531
459 520 865
865 459 520
520 459 865
113 555 1070
555 113 1070
1070 113 555
1342 725 955
955 725 1342
725 955 1342
708 279 1219
1219 279 708
279 708 1219
1 263 387
387 1 263
263 1 387
1038 958 1438
1438 958 1038
958 1038 1438
886 131 473
131 473 886
473 131 886
927 309 630
630 309 927
309 630 927
464 411 631
411 464 631
631 411 464
45 262 944
262 45 944
944 45 262
1124 224 1324
224 1124 1324
1324 224 1124
1040 1162 1281
1281 1040 1162
1162 1040 1281
76 452 1080
452 76 1080
1080 76 452
1129 6 160
160 6 1129
6 160 1129
72 920 1294
1294 72 920
920 72 1294
966 237 879
879 237 966
237 879 966
427 192 380
192 380 427
380 192 427
862 194 1278
1278 194 862
194 862 1278
1314 804 808
808 804 1314
804 808 1314
1249 241 677
241 677 1249
677 241 1249
276 772 1155
772 276 1155
1155 276 772
1287 350 1313
1313 350 1287
350 1287 1313
308 85 96
85 96 308
96 85 308
22 522 828
522 22 828
828 22 522
1240 973 1378
973 1240 1378
1378 973 1240
1090 996 1402
996 1090 1402
1402 996 1090
291 37 1381
1381 37 291
37 291 1381
269 1052 1063
1063 269 1052
1052 269 1063
961 115 1077
1077 115 961
115 961 1077
613 151 1049
1049 151 613
151 613 1049
447 466 752
466 447 752
752 447 466
948 429 1350
1350 429 948
429 948 1350
