46407 5927 30254
5927 30254 46407
30254 5927 46407
19322 49784 149710
149710 19322 49784
49784 19322 149710
112969 125892 143780
125892 112969 143780
143780 112969 125892
28308 101668 117678
117678 28308 101668
101668 28308 117678
69846 113137 142594
113137 69846 142594
142594 69846 113137
22449 45050 49576
49576 22449 45050
45050 22449 49576
117531 24678 54342
24678 54342 117531
54342 24678 117531
338 22185 142884
142884 338 22185
22185 338 142884
129511 3401 131096
3401 129511 131096
131096 3401 129511
46236 81256 102072
81256 46236 102072
102072 46236 81256
67576 35592 73952
35592 67576 73952
73952 35592 67576
102209 132094 143538
143538 102209 132094
132094 102209 143538
108365 25743 132240
25743 108365 132240
132240 25743 108365
120172 1772 89910
89910 1772 120172
1772 89910 120172
58584 11178 40578
11178 40578 58584
40578 11178 58584
139131 28304 130186
28304 130186 139131
130186 28304 139131
116769 42389 97083
42389 97083 116769
97083 42389 116769
97871 14533 80068
14533 80068 97871
80068 14533 97871
125695 46246 76091
46246 76091 125695
76091 46246 125695
144538 117654 135033
135033 117654 144538
117654 135033 144538
13556 86894 87451
87451 13556 86894
86894 13556 87451
139309 77742 137292
137292 77742 139309
77742 137292 139309
95163 39613 71107
39613 71107 95163
71107 39613 95163
103564 6852 22070
22070 6852 103564
6852 22070 103564
62003 2203 36028
2203 36028 62003
36028 2203 62003
126045 742 54779
54779 742 126045
742 54779 126045
19274 91403 135900
135900 19274 91403
91403 19274 135900
40220 120063 128496
128496 40220 120063
120063 40220 128496
86631 29428 99830
99830 29428 86631
29428 86631 99830
42046 4797 76530
76530 4797 42046
4797 42046 76530
107938 3069 110883
3069 107938 110883
110883 3069 107938
115000 27911 63296
27911 63296 115000
63296 27911 115000
139540 20964 134121
20964 134121 139540
134121 20964 139540
94784 34871 75379
34871 75379 94784
75379 34871 94784
137436 137317 146857
137317 137436 146857
146857 137317 137436
35738 70752 70839
70752 35738 70839
70839 35738 70752
75915 64510 141027
141027 64510 75915
64510 75915 141027
50799 65933 127492
127492 50799 65933
65933 50799 127492
16249 15423 27543
15423 16249 27543
27543 15423 16249
100059 114254 130042
114254 100059 130042
130042 100059 114254
135177 56337 135726
135726 56337 135177
56337 135177 135726
10583 68822 133897
133897 10583 68822
68822 10583 133897
137187 73936 138511
73936 137187 138511
138511 73936 137187
100538 12454 51188
12454 51188 100538
51188 12454 100538
110325 31041 52844
31041 52844 110325
52844 31041 110325
136054 41755 145794
145794 41755 136054
41755 136054 145794
141897 63724 143619
63724 141897 143619
143619 63724 141897
132620 32216 96157
32216 96157 132620
96157 32216 132620
19389 47637 118276
47637 19389 118276
118276 19389 47637
140146 140160 144933
144933 140146 140160
140160 140146 144933
90761 68836 100904
68836 90761 100904
100904 68836 90761
47671 17900 141303
17900 47671 141303
141303 17900 47671
33819 83250 96810
83250 33819 96810
96810 33819 83250
944 3552 136887
136887 944 3552
3552 944 136887
142186 13035 107114
13035 107114 142186
107114 13035 142186
21560 29638 88106
29638 21560 88106
88106 21560 29638
103432 12123 41080
12123 41080 103432
41080 12123 103432
80333 35564 83563
83563 35564 80333
35564 80333 83563
70804 30230 128062
128062 30230 70804
30230 70804 128062
74314 29303 59216
59216 29303 74314
29303 59216 74314
52080 2648 4326
2648 4326 52080
4326 2648 52080
56303 17541 72892
17541 56303 72892
72892 17541 56303
33426 12942 40176
40176 12942 33426
12942 33426 40176
101295 78748 126985
126985 78748 101295
78748 101295 126985
72840 60564 61862
60564 61862 72840
61862 60564 72840
30942 7373 125212
7373 30942 125212
125212 7373 30942
2719 29903 57508
57508 2719 29903
29903 2719 57508
79919 108155 118857
108155 79919 118857
118857 79919 108155
43033 90101 106226
106226 43033 90101
90101 43033 106226
44768 7413 8215
7413 8215 44768
8215 7413 44768
134083 25170 77432
25170 77432 134083
77432 25170 134083
29214 28060 103853
28060 29214 103853
103853 28060 29214
58573 7893 55097
7893 55097 58573
55097 7893 58573
135799 82216 119058
82216 119058 135799
119058 82216 135799
17121 13309 48992
48992 13309 17121
13309 17121 48992
78598 96765 97795
97795 78598 96765
96765 78598 97795
100982 67983 149914
149914 67983 100982
67983 100982 149914
111226 41752 59881
59881 41752 111226
41752 59881 111226
16262 259 42100
42100 259 16262
259 16262 42100
57348 14486 66384
14486 57348 66384
66384 14486 57348
103846 30556 137561
30556 103846 137561
137561 30556 103846
20965 52099 75570
52099 20965 75570
75570 20965 52099
99695 99871 131862
99871 99695 131862
131862 99695 99871
120430 50943 84947
50943 84947 120430
84947 50943 120430
149285 18352 116569
116569 18352 149285
18352 116569 149285
19171 100659 107483
100659 19171 107483
107483 19171 100659
62603 41913 73444
73444 41913 62603
41913 62603 73444
123699 81902 117271
117271 81902 123699
81902 117271 123699
91452 129 69826
69826 129 91452
129 69826 91452
114841 26992 146829
146829 26992 114841
26992 114841 146829
104733 28132 96687
96687 28132 104733
28132 96687 104733
28123 103461 118990
118990 28123 103461
103461 28123 118990
41182 31550 110801
110801 31550 41182
31550 41182 110801
106418 56989 117973
117973 56989 106418
56989 106418 117973
116847 74951 118712
74951 116847 118712
118712 74951 116847
47338 8727 95156
95156 8727 47338
8727 47338 95156
74411 101031 114296
114296 74411 101031
101031 74411 114296
23049 67414 149530
149530 23049 67414
67414 23049 149530
31145 37600 140475
140475 31145 37600
37600 31145 140475
16191 14876 74756
74756 14876 16191
14876 16191 74756
139244 4603 37920
37920 4603 139244
4603 37920 139244
111572 44239 131076
44239 111572 131076
131076 44239 111572
8929 28766 36034
28766 8929 36034
36034 8929 28766
130638 12329 101574
101574 12329 130638
12329 101574 130638
58904 77140 144339
144339 58904 77140
77140 58904 144339
45952 38001 43745
38001 43745 45952
43745 38001 45952
140609 74785 117985
117985 74785 140609
74785 117985 140609
77336 22979 67873
67873 22979 77336
22979 67873 77336
90390 90345 145562
145562 90345 90390
90345 90390 145562
144625 37325 60774
60774 37325 144625
37325 60774 144625
13834 1053 49533
49533 1053 13834
1053 13834 49533
99529 102259 115758
102259 99529 115758
115758 99529 102259
49402 58957 136789
58957 49402 136789
136789 49402 58957
25439 31412 64148
31412 25439 64148
64148 25439 31412
17633 26140 90119
90119 17633 26140
26140 17633 90119
64224 37011 44750
44750 37011 64224
37011 44750 64224
122671 160 23699
23699 160 122671
160 23699 122671
139506 53545 97187
53545 97187 139506
97187 53545 139506
17162 110478 123436
110478 17162 123436
123436 17162 110478
127199 27211 84175
27211 84175 127199
84175 27211 127199
83476 31398 58694
31398 58694 83476
58694 31398 83476
135334 63817 126960
63817 126960 135334
126960 63817 135334
18673 3384 122581
122581 3384 18673
3384 18673 122581
56791 66189 96194
96194 56791 66189
66189 56791 96194
21637 26253 62664
62664 21637 26253
26253 21637 62664
15419 113656 134376
134376 15419 113656
113656 15419 134376
149719 29672 100416
29672 100416 149719
100416 29672 149719
136868 11603 24574
11603 24574 136868
24574 11603 136868
60042 60181 119393
60181 60042 119393
119393 60042 60181
72619 70687 133153
70687 72619 133153
133153 70687 72619
63198 7163 57579
7163 57579 63198
57579 7163 63198
134472 70007 100455
70007 100455 134472
100455 70007 134472
75050 90589 100352
90589 75050 100352
100352 75050 90589
48516 12912 101006
12912 48516 101006
101006 12912 48516
38466 59599 60422
60422 38466 59599
59599 38466 60422
105212 69398 88365
69398 88365 105212
88365 69398 105212
149658 5132 114603
114603 5132 149658
5132 114603 149658
149182 63337 115145
115145 63337 149182
63337 115145 149182
6275 29157 60738
60738 6275 29157
29157 6275 60738
72608 24057 69243
69243 24057 72608
24057 69243 72608
82646 11650 13958
11650 13958 82646
13958 11650 82646
141738 78605 133107
133107 78605 141738
78605 133107 141738
28651 8266 90483
90483 8266 28651
8266 28651 90483
30641 70539 93721
70539 30641 93721
93721 30641 70539
128370 76757 112902
112902 76757 128370
76757 112902 128370
122373 128212 144108
144108 122373 128212
128212 122373 144108
120089 46455 77947
46455 77947 120089
77947 46455 120089
116455 33846 56423
33846 56423 116455
56423 33846 116455
60329 51328 72706
51328 60329 72706
72706 51328 60329
94967 47680 97576
47680 94967 97576
97576 47680 94967
123801 18571 69460
18571 69460 123801
69460 18571 123801
143062 29384 42217
29384 42217 143062
42217 29384 143062
95360 31168 117237
117237 31168 95360
31168 95360 117237
41968 84241 115671
84241 41968 115671
115671 41968 84241
146982 10445 132935
10445 132935 146982
132935 10445 146982
30314 78831 110826
78831 30314 110826
110826 30314 78831
50492 56271 122419
122419 50492 56271
56271 50492 122419
62436 129282 136457
136457 62436 129282
129282 62436 136457
119574 93400 95343
93400 95343 119574
95343 93400 119574
29945 113879 118518
113879 29945 118518
118518 29945 113879
50116 1493 12299
12299 1493 50116
1493 12299 50116
34633 83360 94081
83360 34633 94081
94081 34633 83360
103763 24259 135493
135493 24259 103763
24259 103763 135493
18123 20254 95169
20254 18123 95169
95169 18123 20254
139639 54011 141890
54011 139639 141890
141890 54011 139639
79297 52378 83877
52378 79297 83877
83877 52378 79297
148944 3122 93621
93621 3122 148944
3122 93621 148944
114882 68270 145522
145522 68270 114882
68270 114882 145522
126458 71817 78369
71817 78369 126458
78369 71817 126458
11439 97687 115181
97687 11439 115181
115181 11439 97687
29542 28727 54493
28727 29542 54493
54493 28727 29542
144385 5064 7329
7329 5064 144385
5064 7329 144385
60201 31382 100089
100089 31382 60201
31382 60201 100089
66783 105230 119430
105230 66783 119430
119430 66783 105230
22775 27631 94498
94498 22775 27631
27631 22775 94498
61765 112873 124347
112873 61765 124347
124347 61765 112873
42437 129638 136087
129638 42437 136087
136087 42437 129638
122607 17810 87027
17810 87027 122607
87027 17810 122607
25204 17337 120371
17337 25204 120371
120371 17337 25204
93505 67090 120494
67090 93505 120494
120494 67090 93505
87041 4132 55640
4132 55640 87041
55640 4132 87041
59490 15623 71700
15623 59490 71700
71700 15623 59490
84838 57041 114672
57041 84838 114672
114672 57041 84838
146476 17881 97420
97420 17881 146476
17881 97420 146476
123301 75421 88518
88518 75421 123301
75421 88518 123301
138774 19989 124551
19989 124551 138774
124551 19989 138774
62532 23880 145829
23880 62532 145829
145829 23880 62532
145229 25412 114892
25412 114892 145229
114892 25412 145229
128343 12760 79711
79711 12760 128343
12760 79711 128343
9994 29724 48578
29724 9994 48578
48578 9994 29724
96397 61983 80003
61983 80003 96397
80003 61983 96397
89525 691 137840
691 89525 137840
137840 691 89525
23535 19794 83644
83644 19794 23535
19794 23535 83644
76263 61149 75809
61149 75809 76263
75809 61149 76263
69238 14106 82537
14106 69238 82537
82537 14106 69238
86483 42092 86492
42092 86483 86492
86492 42092 86483
92591 55702 94726
94726 55702 92591
55702 92591 94726
1825 63874 83059
83059 1825 63874
63874 1825 83059
108357 62211 64929
64929 62211 108357
62211 64929 108357
143910 1166 47856
47856 1166 143910
1166 47856 143910
16602 49499 67488
49499 16602 67488
67488 16602 49499
57123 98890 148987
98890 57123 148987
148987 57123 98890
130308 27750 34113
27750 34113 130308
34113 27750 130308
10386 69305 130651
69305 10386 130651
130651 10386 69305
93917 117993 149756
117993 93917 149756
149756 93917 117993
85474 11540 109386
109386 11540 85474
11540 85474 109386
32800 41455 93114
41455 32800 93114
93114 32800 41455
124077 75632 141153
75632 124077 141153
141153 75632 124077
12297 17572 136831
136831 12297 17572
17572 12297 136831
76897 32702 104503
104503 32702 76897
32702 76897 104503
131983 5168 118961
5168 118961 131983
118961 5168 131983
55610 53673 137287
137287 53673 55610
53673 55610 137287
76674 313 48879
313 48879 76674
48879 313 76674
55740 22677 37530
37530 22677 55740
22677 37530 55740
65963 104775 145533
145533 65963 104775
104775 65963 145533
58257 71645 139675
71645 58257 139675
139675 58257 71645
144171 94330 122352
94330 122352 144171
122352 94330 144171
4540 9547 67653
9547 4540 67653
67653 4540 9547
39603 54891 109460
109460 39603 54891
54891 39603 109460
126173 119084 143084
119084 126173 143084
143084 119084 126173
14035 46586 100983
100983 14035 46586
46586 14035 100983
124105 22780 23387
22780 23387 124105
23387 22780 124105
144503 9561 84145
9561 84145 144503
84145 9561 144503
23073 107186 144983
144983 23073 107186
107186 23073 144983
46156 47888 106255
106255 46156 47888
47888 46156 106255
15189 66750 91170
66750 15189 91170
91170 15189 66750
62478 138287 144610
144610 62478 138287
138287 62478 144610
78770 110954 129643
110954 78770 129643
129643 78770 110954
118399 14765 83404
83404 14765 118399
14765 83404 118399
7116 68994 79611
79611 7116 68994
68994 7116 79611
124221 19784 139342
19784 124221 139342
139342 19784 124221
102415 66984 76131
66984 76131 102415
76131 66984 102415
147591 9846 51379
9846 51379 147591
51379 9846 147591
45666 4664 47210
47210 4664 45666
4664 45666 47210
28595 45227 71541
71541 28595 45227
45227 28595 71541
117626 4803 24689
24689 4803 117626
4803 24689 117626
82610 37663 101082
37663 82610 101082
101082 37663 82610
73629 43227 69916
69916 43227 73629
43227 69916 73629
76254 90704 141124
141124 76254 90704
90704 76254 141124
76700 3807 26025
26025 3807 76700
3807 26025 76700
108652 22107 139562
22107 108652 139562
139562 22107 108652
19248 5159 87330
5159 19248 87330
87330 5159 19248
22138 132806 141792
141792 22138 132806
132806 22138 141792
85491 31183 106545
106545 31183 85491
31183 85491 106545
75178 46564 82128
82128 46564 75178
46564 75178 82128
12732 8200 104521
104521 8200 12732
8200 12732 104521
52449 7443 18455
18455 7443 52449
7443 18455 52449
107129 73883 124020
124020 73883 107129
73883 107129 124020
113668 98527 104811
98527 104811 113668
104811 98527 113668
21495 107281 137035
107281 21495 137035
137035 21495 107281
102536 79628 90184
90184 79628 102536
79628 90184 102536
59730 103005 130442
103005 59730 130442
130442 59730 103005
55050 26063 109201
26063 55050 109201
109201 26063 55050
52391 117015 128556
128556 52391 117015
117015 52391 128556
89475 29000 70588
70588 29000 89475
29000 70588 89475
46708 37024 70995
70995 37024 46708
37024 46708 70995
109749 11910 81450
11910 81450 109749
81450 11910 109749
42381 75512 130908
75512 42381 130908
130908 42381 75512
126475 29151 113165
113165 29151 126475
29151 113165 126475
147543 93158 109995
93158 109995 147543
109995 93158 147543
140036 45683 48393
45683 48393 140036
48393 45683 140036
127541 10338 123717
10338 123717 127541
123717 10338 127541
5408 83598 146291
146291 5408 83598
83598 5408 146291
60667 20261 50681
50681 20261 60667
20261 50681 60667
51252 44317 117228
44317 51252 117228
117228 44317 51252
134183 14304 148322
148322 14304 134183
14304 134183 148322
6278 80104 130274
80104 6278 130274
130274 6278 80104
142548 21374 27094
21374 27094 142548
27094 21374 142548
53873 74659 118858
118858 53873 74659
74659 53873 118858
127097 12304 37033
37033 12304 127097
12304 37033 127097
128022 11076 68415
11076 68415 128022
68415 11076 128022
81746 59344 135106
135106 59344 81746
59344 81746 135106
54159 70150 113537
70150 54159 113537
113537 54159 70150
71844 55206 68670
68670 55206 71844
55206 68670 71844
84778 38824 75080
75080 38824 84778
38824 75080 84778
3188 54294 83579
54294 3188 83579
83579 3188 54294
105715 47543 119520
47543 105715 119520
119520 47543 105715
85333 74639 90122
74639 85333 90122
90122 74639 85333
63293 111600 147593
147593 63293 111600
111600 63293 147593
18613 121031 146931
146931 18613 121031
121031 18613 146931
108746 92377 126760
92377 108746 126760
126760 92377 108746
13584 5751 89941
89941 5751 13584
5751 13584 89941
112670 101901 119388
119388 101901 112670
101901 112670 119388
91916 1761 62584
1761 62584 91916
62584 1761 91916
59690 7096 74642
74642 7096 59690
7096 59690 74642
140495 16071 148634
16071 140495 148634
148634 16071 140495
18157 78931 114371
114371 18157 78931
78931 18157 114371
41474 116153 146381
146381 41474 116153
116153 41474 146381
92599 7961 45765
7961 45765 92599
45765 7961 92599
126261 60746 135342
135342 60746 126261
60746 126261 135342
40654 77698 78173
77698 40654 78173
78173 40654 77698
5425 15384 99381
15384 5425 99381
99381 5425 15384
140473 5610 138566
138566 5610 140473
5610 138566 140473
32851 43653 105462
105462 32851 43653
43653 32851 105462
100019 20694 33676
33676 20694 100019
20694 33676 100019
44782 27930 56345
56345 27930 44782
27930 44782 56345
46286 74786 122526
74786 46286 122526
122526 46286 74786
83798 27830 31169
27830 31169 83798
31169 27830 83798
123852 97086 115740
115740 97086 123852
97086 115740 123852
131613 115728 147279
147279 115728 131613
115728 131613 147279
140579 15493 102463
102463 15493 140579
15493 102463 140579
84008 38656 147821
38656 84008 147821
147821 38656 84008
58002 52909 128118
52909 58002 128118
128118 52909 58002
52409 58327 131281
131281 52409 58327
58327 52409 131281
25080 56460 106615
56460 25080 106615
106615 25080 56460
101675 27286 127739
27286 101675 127739
127739 27286 101675
114887 35544 138042
35544 114887 138042
138042 35544 114887
33047 72082 91502
91502 33047 72082
72082 33047 91502
29650 43696 133544
133544 29650 43696
43696 29650 133544
31666 83607 94829
94829 31666 83607
83607 31666 94829
43848 25337 60708
60708 25337 43848
25337 43848 60708
86501 44147 70175
70175 44147 86501
44147 70175 86501
77695 84326 148502
148502 77695 84326
84326 77695 148502
88099 90365 133099
90365 88099 133099
133099 88099 90365
61581 128182 137903
137903 61581 128182
128182 61581 137903
136327 63524 127427
127427 63524 136327
63524 127427 136327
103063 11620 100490
100490 11620 103063
11620 100490 103063
37608 100135 102820
100135 37608 102820
102820 37608 100135
37830 109130 109250
109130 37830 109250
109250 37830 109130
104217 20588 83988
83988 20588 104217
20588 83988 104217
9656 22813 96819
22813 9656 96819
96819 9656 22813
47976 27757 43826
27757 43826 47976
43826 27757 47976
108195 59341 86759
59341 86759 108195
86759 59341 108195
69242 80183 116338
80183 69242 116338
116338 69242 80183
70681 64962 66520
64962 66520 70681
66520 64962 70681
121415 109392 118220
118220 109392 121415
109392 118220 121415
38263 64885 116714
116714 38263 64885
64885 38263 116714
3772 71100 110717
110717 3772 71100
71100 3772 110717
80695 77962 123977
77962 80695 123977
123977 77962 80695
6521 96392 111980
111980 6521 96392
96392 6521 111980
79385 39532 107587
107587 39532 79385
39532 79385 107587
147101 117399 146525
117399 146525 147101
146525 117399 147101
24641 55666 61836
55666 24641 61836
61836 24641 55666
86863 111917 118654
118654 86863 111917
111917 86863 118654
64128 70942 146207
146207 64128 70942
70942 64128 146207
2858 100028 139873
139873 2858 100028
100028 2858 139873
90276 100468 126888
100468 90276 126888
126888 90276 100468
127821 3630 62544
3630 62544 127821
62544 3630 127821
96903 24701 75340
75340 24701 96903
24701 75340 96903
139902 92110 127016
127016 92110 139902
92110 127016 139902
71434 49049 146106
49049 71434 146106
146106 49049 71434
9852 19780 98583
19780 9852 98583
98583 9852 19780
144772 47599 80724
80724 47599 144772
47599 80724 144772
131842 76240 146776
146776 76240 131842
76240 131842 146776
44789 14431 82371
82371 14431 44789
14431 44789 82371
84700 77955 82569
82569 77955 84700
77955 82569 84700
68061 49624 129543
49624 68061 129543
129543 49624 68061
2673 58256 77511
58256 2673 77511
77511 2673 58256
84720 37791 141403
37791 84720 141403
141403 37791 84720
92271 111209 134804
134804 92271 111209
111209 92271 134804
81592 126207 135016
126207 81592 135016
135016 81592 126207
148948 1930 126377
126377 1930 148948
1930 126377 148948
46898 89465 109977
109977 46898 89465
89465 46898 109977
21548 17857 86352
17857 21548 86352
86352 17857 21548
51903 29684 33178
33178 29684 51903
29684 33178 51903
18560 31019 95366
95366 18560 31019
31019 18560 95366
42857 13902 147342
147342 13902 42857
13902 42857 147342
147185 107167 120473
120473 107167 147185
107167 120473 147185
35319 11282 140047
140047 11282 35319
11282 35319 140047
42627 121810 125226
125226 42627 121810
121810 42627 125226
81612 17732 60489
60489 17732 81612
17732 60489 81612
63312 97004 110869
97004 63312 110869
110869 63312 97004
26620 46347 81040
81040 26620 46347
46347 26620 81040
129948 29243 137348
29243 129948 137348
137348 29243 129948
3255 30209 139251
30209 3255 139251
139251 3255 30209
25359 92187 139109
139109 25359 92187
92187 25359 139109
134848 23066 78848
78848 23066 134848
23066 78848 134848
92133 52804 142456
142456 52804 92133
52804 92133 142456
101657 54807 111785
111785 54807 101657
54807 101657 111785
106019 96644 134789
96644 106019 134789
134789 96644 106019
41443 111055 114380
114380 41443 111055
111055 41443 114380
20529 117707 128681
117707 20529 128681
128681 20529 117707
84417 469 120784
469 84417 120784
120784 469 84417
115654 110979 148199
110979 115654 148199
148199 110979 115654
45027 21767 29080
29080 21767 45027
21767 29080 45027
33887 62715 103027
62715 33887 103027
103027 33887 62715
96936 90900 116037
116037 90900 96936
90900 96936 116037
11783 771 59637
771 11783 59637
59637 771 11783
38559 94769 106865
94769 38559 106865
106865 38559 94769
62952 5964 38934
5964 38934 62952
38934 5964 62952
81620 50790 90324
90324 50790 81620
50790 81620 90324
119552 133831 149943
133831 119552 149943
149943 119552 133831
1204 79393 90949
79393 1204 90949
90949 1204 79393
75247 92548 123347
123347 75247 92548
92548 75247 123347
25972 56813 112739
56813 25972 112739
112739 25972 56813
67392 63764 101556
63764 67392 101556
101556 63764 67392
135734 10562 82260
82260 10562 135734
10562 82260 135734
67802 79042 112679
79042 67802 112679
112679 67802 79042
27798 9207 76224
76224 9207 27798
9207 27798 76224
30432 2264 135670
135670 2264 30432
2264 30432 135670
102569 56124 69284
56124 69284 102569
69284 56124 102569
70504 100685 129008
100685 70504 129008
129008 70504 100685
9747 38191 140118
38191 9747 140118
140118 9747 38191
111800 52561 117314
52561 111800 117314
117314 52561 111800
31175 89205 146816
146816 31175 89205
89205 31175 146816
20558 69928 143339
143339 20558 69928
69928 20558 143339
54664 101385 113994
101385 54664 113994
113994 54664 101385
45272 12466 35280
12466 35280 45272
35280 12466 45272
54867 52273 113327
52273 54867 113327
113327 52273 54867
65135 71638 122184
122184 65135 71638
71638 65135 122184
95663 1715 3939
3939 1715 95663
1715 3939 95663
97589 32790 142940
142940 32790 97589
32790 97589 142940
145271 44165 51371
51371 44165 145271
44165 51371 145271
120239 9470 66780
66780 9470 120239
9470 66780 120239
76500 119461 124635
119461 76500 124635
124635 76500 119461
128633 44030 100144
100144 44030 128633
44030 100144 128633
110298 33243 131247
131247 33243 110298
33243 110298 131247
119500 76121 96229
96229 76121 119500
76121 96229 119500
141711 10925 80554
10925 80554 141711
80554 10925 141711
6933 13172 124855
124855 6933 13172
13172 6933 124855
112835 5356 7132
7132 5356 112835
5356 7132 112835
65608 27191 93423
93423 27191 65608
27191 65608 93423
112778 27073 56206
56206 27073 112778
27073 56206 112778
109193 94220 96416
94220 96416 109193
96416 94220 109193
112712 116525 134056
134056 112712 116525
116525 112712 134056
79263 64998 114518
114518 64998 79263
64998 79263 114518
119314 63199 105167
63199 105167 119314
105167 63199 119314
82226 63278 91739
63278 82226 91739
91739 63278 82226
51325 47326 65411
65411 47326 51325
47326 51325 65411
96893 90886 95064
90886 95064 96893
95064 90886 96893
52920 10636 131580
131580 10636 52920
10636 52920 131580
18731 5120 16323
16323 5120 18731
5120 16323 18731
61998 2448 126283
126283 2448 61998
2448 61998 126283
104601 28243 32101
32101 28243 104601
28243 32101 104601
98323 13858 116155
116155 13858 98323
13858 98323 116155
61209 81870 120443
120443 61209 81870
81870 61209 120443
118306 47682 133181
133181 47682 118306
47682 118306 133181
37477 32939 104518
104518 32939 37477
32939 37477 104518
131089 31454 91984
31454 91984 131089
91984 31454 131089
1389 31104 109082
31104 1389 109082
109082 1389 31104
69986 84925 136199
84925 69986 136199
136199 69986 84925
52904 57382 116114
57382 52904 116114
116114 52904 57382
32547 34240 131817
34240 32547 131817
131817 32547 34240
16680 2165 119980
2165 16680 119980
119980 2165 16680
18164 99515 114903
114903 18164 99515
99515 18164 114903
88757 15673 46037
46037 15673 88757
15673 46037 88757
86465 28784 66302
28784 66302 86465
66302 28784 86465
61596 41948 118414
118414 41948 61596
41948 61596 118414
50190 1746 39538
1746 39538 50190
39538 1746 50190
65268 21449 146052
146052 21449 65268
21449 65268 146052
24640 66641 73034
73034 24640 66641
66641 24640 73034
128095 65896 136043
65896 128095 136043
136043 65896 128095
125832 78685 89736
89736 78685 125832
78685 89736 125832
78229 39180 92898
39180 78229 92898
92898 39180 78229
38330 33371 92881
33371 38330 92881
92881 33371 38330
92496 55722 96227
55722 92496 96227
96227 55722 92496
34759 32654 93996
32654 34759 93996
93996 32654 34759
133156 5571 9466
5571 9466 133156
9466 5571 133156
107923 22994 59955
22994 59955 107923
59955 22994 107923
7334 74275 83654
74275 7334 83654
83654 7334 74275
9126 61914 107408
61914 9126 107408
107408 9126 61914
53967 36688 120176
36688 53967 120176
120176 36688 53967
146628 60526 102976
102976 60526 146628
60526 102976 146628
48896 47916 62523
47916 48896 62523
62523 47916 48896
122657 82462 145945
82462 122657 145945
145945 82462 122657
86817 38901 43659
38901 43659 86817
43659 38901 86817
99433 10490 131938
10490 99433 131938
131938 10490 99433
108785 10495 84943
84943 10495 108785
10495 84943 108785
95194 10098 113118
10098 95194 113118
113118 10098 95194
141263 80337 138708
80337 138708 141263
138708 80337 141263
111299 86729 93298
86729 93298 111299
93298 86729 111299
120762 44279 146146
44279 120762 146146
146146 44279 120762
69698 14428 95553
14428 69698 95553
95553 14428 69698
52024 9004 39449
9004 39449 52024
39449 9004 52024
144485 62689 135119
62689 135119 144485
135119 62689 144485
65046 644 81535
644 65046 81535
81535 644 65046
78669 59163 120372
59163 78669 120372
120372 59163 78669
123473 16952 103091
103091 16952 123473
16952 103091 123473
57819 13596 69747
13596 57819 69747
69747 13596 57819
37205 32653 69829
32653 37205 69829
69829 32653 37205
33924 43847 77032
43847 33924 77032
77032 33924 43847
105381 810 65249
810 65249 105381
65249 810 105381
24593 49571 118037
118037 24593 49571
49571 24593 118037
115725 42279 43606
43606 42279 115725
42279 43606 115725
142338 24521 122235
24521 122235 142338
122235 24521 142338
91965 57301 111642
57301 91965 111642
111642 57301 91965
49469 22451 90845
22451 49469 90845
90845 22451 49469
103308 12986 20976
12986 20976 103308
20976 12986 103308
107120 31975 103138
31975 103138 107120
103138 31975 107120
50147 68630 86934
86934 50147 68630
68630 50147 86934
97623 54060 94347
54060 94347 97623
94347 54060 97623
125647 1367 24826
24826 1367 125647
1367 24826 125647
70479 37969 66775
37969 66775 70479
66775 37969 70479
134679 24903 27299
24903 27299 134679
27299 24903 134679
31430 89337 139603
89337 31430 139603
139603 31430 89337
112618 11778 87842
87842 11778 112618
11778 87842 112618
139926 35536 137590
35536 137590 139926
137590 35536 139926
92884 50418 135918
135918 50418 92884
50418 92884 135918
516 39980 63242
39980 516 63242
63242 516 39980
29946 20114 86109
86109 20114 29946
20114 29946 86109
6254 74674 130220
74674 6254 130220
130220 6254 74674
92439 19275 123655
123655 19275 92439
19275 92439 123655
141864 48792 115577
48792 115577 141864
115577 48792 141864
79468 12445 63961
12445 63961 79468
63961 12445 79468
54830 40699 92812
92812 40699 54830
40699 54830 92812
32615 51809 60594
60594 32615 51809
51809 32615 60594
49490 57931 81458
57931 49490 81458
81458 49490 57931
74739 114922 143162
143162 74739 114922
114922 74739 143162
59886 55545 86373
55545 59886 86373
86373 55545 59886
131371 43595 49922
43595 49922 131371
49922 43595 131371
33406 53181 147134
147134 33406 53181
53181 33406 147134
56893 7543 28890
7543 28890 56893
28890 7543 56893
140319 16512 18226
18226 16512 140319
16512 18226 140319
72698 8857 113675
113675 8857 72698
8857 72698 113675
137514 18078 18427
18427 18078 137514
18078 18427 137514
75392 1417 135492
1417 75392 135492
135492 1417 75392
140123 37423 109115
37423 109115 140123
109115 37423 140123
29545 20561 120565
120565 20561 29545
20561 29545 120565
84653 2280 76634
76634 2280 84653
2280 76634 84653
43772 84958 121366
121366 43772 84958
84958 43772 121366
137613 16025 141848
141848 16025 137613
16025 137613 141848
118350 35018 146024
146024 35018 118350
35018 118350 146024
16785 31000 51881
31000 16785 51881
51881 16785 31000
114486 122947 130706
130706 114486 122947
122947 114486 130706
82132 63039 79053
79053 63039 82132
63039 79053 82132
4300 6563 132940
6563 4300 132940
132940 4300 6563
58582 17031 144028
17031 58582 144028
144028 17031 58582
119948 40139 42040
42040 40139 119948
40139 42040 119948
88535 7712 133813
133813 7712 88535
7712 88535 133813
41761 48758 73364
73364 41761 48758
48758 41761 73364
95438 107612 136982
107612 95438 136982
136982 95438 107612
75742 98052 108186
108186 75742 98052
98052 75742 108186
10137 16534 106193
16534 10137 106193
106193 10137 16534
122524 123647 129750
129750 122524 123647
123647 122524 129750
104452 64217 124170
64217 104452 124170
124170 64217 104452
80321 47159 104263
47159 80321 104263
104263 47159 80321
13371 36940 119515
119515 13371 36940
36940 13371 119515
35002 17311 40927
40927 17311 35002
17311 35002 40927
57003 6373 53798
6373 53798 57003
53798 6373 57003
14371 17728 22820
22820 14371 17728
17728 14371 22820
2460 109829 142982
142982 2460 109829
109829 2460 142982
125008 40222 76763
76763 40222 125008
40222 76763 125008
145866 79483 107916
79483 107916 145866
107916 79483 145866
4025 96558 97529
97529 4025 96558
96558 4025 97529
65662 127812 136582
127812 65662 136582
136582 65662 127812
54058 79036 138056
138056 54058 79036
79036 54058 138056
146006 122341 143584
143584 122341 146006
122341 143584 146006
137628 45046 94041
94041 45046 137628
45046 94041 137628
64660 2862 126582
2862 64660 126582
126582 2862 64660
27469 54963 126548
126548 27469 54963
54963 27469 126548
31796 74913 147194
74913 31796 147194
147194 31796 74913
38667 5261 121243
121243 5261 38667
5261 38667 121243
127352 69728 79609
79609 69728 127352
69728 79609 127352
116122 80383 132890
132890 80383 116122
80383 116122 132890
138561 42891 116889
42891 116889 138561
116889 42891 138561
104715 23600 123627
23600 104715 123627
123627 23600 104715
108982 4621 111919
4621 108982 111919
111919 4621 108982
118103 10657 143015
143015 10657 118103
10657 118103 143015
92663 130927 141199
130927 92663 141199
141199 92663 130927
53336 63958 127987
127987 53336 63958
63958 53336 127987
79073 68922 106609
106609 68922 79073
68922 79073 106609
73908 101199 125961
101199 73908 125961
125961 73908 101199
29851 31244 42613
31244 29851 42613
42613 29851 31244
115491 68216 147420
68216 115491 147420
147420 68216 115491
43705 20748 73896
20748 43705 73896
73896 20748 43705
138124 40336 131306
40336 131306 138124
131306 40336 138124
122564 101824 121888
101824 121888 122564
121888 101824 122564
23871 52358 75558
75558 23871 52358
52358 23871 75558
148610 6613 23768
23768 6613 148610
6613 23768 148610
43264 60477 98562
98562 43264 60477
60477 43264 98562
27466 422 78444
422 27466 78444
78444 422 27466
58227 21161 36514
36514 21161 58227
21161 36514 58227
84694 114952 126102
126102 84694 114952
114952 84694 126102
98781 74376 108108
74376 98781 108108
108108 74376 98781
103314 36152 110681
110681 36152 103314
36152 103314 110681
140628 51312 52293
52293 51312 140628
51312 52293 140628
141990 116234 121759
121759 116234 141990
116234 121759 141990
39992 38230 80761
80761 38230 39992
38230 39992 80761
73252 113946 142596
113946 73252 142596
142596 73252 113946
117572 60993 71226
60993 71226 117572
71226 60993 117572
12702 123670 148794
148794 12702 123670
123670 12702 148794
72360 48925 82968
48925 72360 82968
82968 48925 72360
59910 54072 110344
110344 54072 59910
54072 59910 110344
26621 55375 132102
132102 26621 55375
55375 26621 132102
94103 141054 145369
145369 94103 141054
141054 94103 145369
12539 126135 130260
126135 12539 130260
130260 12539 126135
148242 13127 100709
100709 13127 148242
13127 100709 148242
84243 6457 105140
6457 84243 105140
105140 6457 84243
90897 67341 106413
67341 90897 106413
106413 67341 90897
29877 76299 108710
76299 29877 108710
108710 29877 76299
129073 30423 57493
30423 57493 129073
57493 30423 129073
55913 1332 110265
1332 55913 110265
110265 1332 55913
102027 11915 44128
11915 44128 102027
44128 11915 102027
110502 8048 109325
109325 8048 110502
8048 109325 110502
12453 93733 115223
115223 12453 93733
93733 12453 115223
43167 90725 131979
90725 43167 131979
131979 43167 90725
145876 18993 39053
18993 39053 145876
39053 18993 145876
104416 123182 135077
135077 104416 123182
123182 104416 135077
2523 53861 68099
53861 2523 68099
68099 2523 53861
141860 19037 80357
19037 80357 141860
80357 19037 141860
83094 85687 86171
85687 83094 86171
86171 83094 85687
19433 90979 127083
127083 19433 90979
90979 19433 127083
40847 9763 146252
146252 9763 40847
9763 40847 146252
113155 114491 132472
114491 113155 132472
132472 113155 114491
52999 71354 136105
136105 52999 71354
71354 52999 136105
2694 47577 53483
53483 2694 47577
47577 2694 53483
100209 36759 131863
131863 36759 100209
36759 100209 131863
66376 20005 90824
90824 20005 66376
20005 66376 90824
2505 2173 86805
86805 2173 2505
2173 2505 86805
50184 100004 121723
100004 50184 121723
121723 50184 100004
85566 50997 139229
139229 50997 85566
50997 85566 139229
568 58776 105121
105121 568 58776
58776 568 105121
22649 60832 80857
60832 22649 80857
80857 22649 60832
135819 4992 16337
16337 4992 135819
4992 16337 135819
64474 48736 112501
48736 64474 112501
112501 48736 64474
143481 25524 135831
135831 25524 143481
25524 135831 143481
106937 75066 114379
114379 75066 106937
75066 106937 114379
56656 3101 84897
3101 56656 84897
84897 3101 56656
31511 9093 142578
142578 9093 31511
9093 31511 142578
85704 30772 101039
30772 85704 101039
101039 30772 85704
809 10595 62173
10595 809 62173
62173 809 10595
1137 3652 15870
15870 1137 3652
3652 1137 15870
108705 136085 148149
148149 108705 136085
136085 108705 148149
41078 59633 85235
59633 41078 85235
85235 41078 59633
121080 85772 145313
85772 121080 145313
145313 85772 121080
136620 26310 32660
32660 26310 136620
26310 32660 136620
57451 11552 16731
11552 16731 57451
16731 11552 57451
58148 97951 111971
97951 58148 111971
111971 58148 97951
57925 7604 64723
7604 57925 64723
64723 7604 57925
8107 42153 97298
97298 8107 42153
42153 8107 97298
46420 9806 16167
9806 16167 46420
16167 9806 46420
123788 137237 139876
137237 123788 139876
139876 123788 137237
38428 3635 127077
3635 38428 127077
127077 3635 38428
106186 58989 82146
58989 82146 106186
82146 58989 106186
41453 83038 136200
136200 41453 83038
83038 41453 136200
137974 36157 41398
41398 36157 137974
36157 41398 137974
114034 38192 47173
47173 38192 114034
38192 47173 114034
7914 38179 53763
38179 7914 53763
53763 7914 38179
119721 4941 35666
4941 35666 119721
35666 4941 119721
121200 32320 47529
32320 47529 121200
47529 32320 121200
119851 121382 137938
121382 119851 137938
137938 119851 121382
132353 42780 80660
80660 42780 132353
42780 80660 132353
78209 9393 12048
9393 12048 78209
12048 9393 78209
42867 41595 45180
45180 41595 42867
41595 42867 45180
41999 29261 57083
29261 41999 57083
57083 29261 41999
93 29024 48444
29024 93 48444
48444 93 29024
54906 65991 120265
65991 54906 120265
120265 54906 65991
81475 89725 105556
89725 81475 105556
105556 81475 89725
137343 63049 133851
133851 63049 137343
63049 133851 137343
3696 85906 91371
91371 3696 85906
85906 3696 91371
89885 75722 143313
143313 75722 89885
75722 89885 143313
6741 48215 139811
48215 6741 139811
139811 6741 48215
36846 94549 124808
124808 36846 94549
94549 36846 124808
7986 50113 141397
50113 7986 141397
141397 7986 50113
21663 15638 127649
15638 21663 127649
127649 15638 21663
75705 66514 99485
99485 66514 75705
66514 75705 99485
36471 56917 131733
131733 36471 56917
56917 36471 131733
17274 12380 90664
90664 12380 17274
12380 17274 90664
62993 27909 90724
90724 27909 62993
27909 62993 90724
10846 92646 138906
92646 10846 138906
138906 10846 92646
68388 41899 142063
41899 68388 142063
142063 41899 68388
47288 93681 139332
139332 47288 93681
93681 47288 139332
7454 24267 98314
98314 7454 24267
24267 7454 98314
123678 9263 89018
9263 89018 123678
89018 9263 123678
21606 3918 44236
44236 3918 21606
3918 21606 44236
129552 45618 146124
45618 129552 146124
146124 45618 129552
103276 47950 54902
47950 54902 103276
54902 47950 103276
6366 64095 127941
64095 6366 127941
127941 6366 64095
24832 88491 143696
143696 24832 88491
88491 24832 143696
82827 5819 19841
5819 19841 82827
19841 5819 82827
99838 113016 123316
113016 99838 123316
123316 99838 113016
45550 66206 130375
130375 45550 66206
66206 45550 130375
68870 21513 110645
21513 68870 110645
110645 21513 68870
146307 50449 77993
50449 77993 146307
77993 50449 146307
32752 43072 56103
56103 32752 43072
43072 32752 56103
58115 59937 122701
59937 58115 122701
122701 58115 59937
114876 102515 143744
102515 114876 143744
143744 102515 114876
14212 45501 110317
45501 14212 110317
110317 14212 45501
58216 71481 112200
112200 58216 71481
71481 58216 112200
10444 124605 126024
124605 10444 126024
126024 10444 124605
12323 60460 128914
60460 12323 128914
128914 12323 60460
11801 49843 149729
49843 11801 149729
149729 11801 49843
90641 55594 101180
55594 90641 101180
101180 55594 90641
36531 28151 102128
102128 28151 36531
28151 36531 102128
52050 6575 14097
14097 6575 52050
6575 14097 52050
51585 29463 111890
111890 29463 51585
29463 51585 111890
149601 64563 116181
64563 116181 149601
116181 64563 149601
99084 39770 111208
111208 39770 99084
39770 99084 111208
110594 49000 122505
122505 49000 110594
49000 110594 122505
55981 106556 139596
139596 55981 106556
106556 55981 139596
137390 23104 117312
117312 23104 137390
23104 117312 137390
8584 66270 90638
66270 8584 90638
90638 8584 66270
38445 2494 73528
2494 38445 73528
73528 2494 38445
133338 24637 89803
89803 24637 133338
24637 89803 133338
37919 24383 85169
24383 37919 85169
85169 24383 37919
102860 82023 110245
82023 102860 110245
110245 82023 102860
33303 107495 136889
136889 33303 107495
107495 33303 136889
76720 106366 116921
106366 76720 116921
116921 76720 106366
85623 110253 133928
110253 85623 133928
133928 85623 110253
72261 1392 64289
1392 64289 72261
64289 1392 72261
23928 27976 121331
27976 23928 121331
121331 23928 27976
128089 6437 47460
47460 6437 128089
6437 47460 128089
2032 33578 85627
33578 2032 85627
85627 2032 33578
99711 100445 124716
100445 99711 124716
124716 99711 100445
20091 49603 112566
49603 20091 112566
112566 20091 49603
49606 32996 60877
60877 32996 49606
32996 49606 60877
87298 39059 39301
39059 39301 87298
39301 39059 87298
71818 73553 76572
76572 71818 73553
73553 71818 76572
43632 112308 118269
118269 43632 112308
112308 43632 118269
103657 30492 70431
70431 30492 103657
30492 70431 103657
118710 9027 111182
9027 111182 118710
111182 9027 118710
91878 40910 142452
40910 91878 142452
142452 40910 91878
97074 62892 87264
87264 62892 97074
62892 87264 97074
57341 73242 109190
73242 57341 109190
109190 57341 73242
69840 65632 84224
65632 69840 84224
84224 65632 69840
61762 44460 57186
44460 57186 61762
57186 44460 61762
137290 11475 68440
11475 68440 137290
68440 11475 137290
37187 33204 89138
89138 33204 37187
33204 37187 89138
38855 68781 71182
71182 38855 68781
68781 38855 71182
24476 22260 27166
22260 24476 27166
27166 22260 24476
52069 69439 87180
