6874 1264 9642
1264 6874 9642
9642 1264 6874
6607 2460 9807
2460 6607 9807
9807 2460 6607
6112 7110 11686
7110 6112 11686
11686 6112 7110
10726 7602 13780
7602 10726 13780
13780 7602 10726
5695 2927 8934
8934 2927 5695
2927 5695 8934
11472 257 10600
10600 257 11472
257 10600 11472
7396 5682 11107
11107 5682 7396
5682 7396 11107
11108 757 3711
3711 757 11108
757 3711 11108
11182 13734 13939
13939 11182 13734
13734 11182 13939
13444 8790 11873
11873 8790 13444
8790 11873 13444
11081 3040 13705
13705 3040 11081
3040 11081 13705
8172 2832 12468
2832 8172 12468
12468 2832 8172
11037 1301 10445
1301 10445 11037
10445 1301 11037
1591 10974 11656
10974 1591 11656
11656 1591 10974
11331 8211 10769
8211 10769 11331
10769 8211 11331
4188 5401 14727
14727 4188 5401
5401 4188 14727
1001 731 13304
731 1001 13304
13304 731 1001
13096 11136 12953
11136 12953 13096
12953 11136 13096
9260 690 3247
690 3247 9260
3247 690 9260
8063 912 3308
3308 912 8063
912 3308 8063
6620 6544 10010
6544 6620 10010
10010 6544 6620
10296 2575 13361
2575 10296 13361
13361 2575 10296
3507 2130 9275
2130 3507 9275
9275 2130 3507
12793 5438 12652
5438 12652 12793
12652 5438 12793
14806 4537 14764
4537 14764 14806
14764 4537 14806
14198 1364 1939
1939 1364 14198
1364 1939 14198
11319 763 14644
14644 763 11319
763 11319 14644
11876 6356 12842
12842 6356 11876
6356 11876 12842
12164 4421 6637
4421 6637 12164
6637 4421 12164
11274 6550 12507
12507 6550 11274
6550 11274 12507
1299 8997 12575
12575 1299 8997
8997 1299 12575
3605 709 12409
709 3605 12409
12409 709 3605
7515 2586 3606
3606 2586 7515
2586 3606 7515
5028 7266 7304
7304 5028 7266
7266 5028 7304
1654 3233 4506
3233 1654 4506
4506 1654 3233
10131 9543 12918
9543 10131 12918
12918 9543 10131
7253 6449 9984
6449 7253 9984
9984 6449 7253
13177 11533 11789
11789 11533 13177
11533 11789 13177
7475 8802 8996
8802 7475 8996
8996 7475 8802
727 1431 8866
8866 727 1431
1431 727 8866
5704 1161 13615
13615 1161 5704
1161 5704 13615
976 3858 8403
8403 976 3858
3858 976 8403
3610 7942 14209
7942 3610 14209
14209 3610 7942
1580 6255 10100
10100 1580 6255
6255 1580 10100
14969 5132 5169
5169 5132 14969
5132 5169 14969
14325 342 6957
6957 342 14325
342 6957 14325
8807 681 4033
681 4033 8807
4033 681 8807
9934 5799 11900
11900 5799 9934
5799 9934 11900
1470 9540 12644
9540 1470 12644
12644 1470 9540
11623 7237 10024
10024 7237 11623
7237 10024 11623
8302 3267 3894
3894 3267 8302
3267 3894 8302
4889 561 11036
561 4889 11036
11036 561 4889
4658 1197 5144
1197 4658 5144
5144 1197 4658
5071 348 10258
10258 348 5071
348 5071 10258
11620 5212 6534
6534 5212 11620
5212 6534 11620
6556 4321 8838
4321 6556 8838
8838 4321 6556
6412 3053 13749
3053 6412 13749
13749 3053 6412
14628 3125 5918
3125 5918 14628
5918 3125 14628
376 4512 8789
8789 376 4512
4512 376 8789
7261 537 9662
537 7261 9662
9662 537 7261
2107 4335 8874
8874 2107 4335
4335 2107 8874
11778 1888 5263
5263 1888 11778
1888 5263 11778
9382 895 8287
895 8287 9382
8287 895 9382
3904 7878 13276
13276 3904 7878
7878 3904 13276
820 1703 4265
4265 820 1703
1703 820 4265
7258 68 10725
68 7258 10725
10725 68 7258
2849 1857 10364
1857 2849 10364
10364 1857 2849
10586 4263 11334
11334 4263 10586
4263 10586 11334
8311 4890 12487
4890 8311 12487
12487 4890 8311
14998 330 14260
14260 330 14998
330 14260 14998
6866 2196 9514
2196 6866 9514
9514 2196 6866
13605 3411 7202
3411 7202 13605
7202 3411 13605
11351 1277 4731
1277 4731 11351
4731 1277 11351
14795 13490 13665
13490 13665 14795
13665 13490 14795
1204 3275 9650
3275 1204 9650
9650 1204 3275
5270 1055 13549
1055 5270 13549
13549 1055 5270
10899 5554 6633
6633 5554 10899
5554 6633 10899
227 4400 9946
4400 227 9946
9946 227 4400
4860 9595 11528
11528 4860 9595
9595 4860 11528
14099 5414 8414
5414 8414 14099
8414 5414 14099
2137 5891 14648
5891 2137 14648
14648 2137 5891
3969 1527 12781
12781 1527 3969
1527 3969 12781
1745 2841 14965
14965 1745 2841
2841 1745 14965
14762 5699 8307
8307 5699 14762
5699 8307 14762
7590 513 10621
10621 513 7590
513 7590 10621
5127 2050 5657
5657 2050 5127
2050 5127 5657
11794 2465 13529
2465 11794 13529
13529 2465 11794
10266 16 5815
16 5815 10266
5815 16 10266
11906 11073 11315
11315 11073 11906
11073 11315 11906
5284 4180 13521
13521 4180 5284
4180 5284 13521
10034 2685 14896
14896 2685 10034
2685 10034 14896
2596 10358 12478
10358 2596 12478
12478 2596 10358
12130 3294 3356
3356 3294 12130
3294 3356 12130
9466 2912 9502
9502 2912 9466
2912 9466 9502
8271 8375 10402
10402 8271 8375
8375 8271 10402
8810 1734 14847
1734 8810 14847
14847 1734 8810
10228 6854 11158
11158 6854 10228
6854 10228 11158
6403 1125 1547
1125 1547 6403
1547 1125 6403
10646 4573 8298
4573 8298 10646
8298 4573 10646
3251 8882 9326
8882 3251 9326
9326 3251 8882
12275 9288 10927
9288 10927 12275
10927 9288 12275
10528 11124 14029
11124 10528 14029
14029 10528 11124
2516 13034 14395
14395 2516 13034
13034 2516 14395
5826 3410 9749
9749 3410 5826
3410 5826 9749
8712 1902 13647
13647 1902 8712
1902 8712 13647
1935 1347 3865
1347 1935 3865
3865 1347 1935
1439 4545 12730
12730 1439 4545
4545 1439 12730
6188 4264 11842
11842 4264 6188
4264 6188 11842
1489 11461 13232
11461 1489 13232
13232 1489 11461
7533 7230 8033
7230 7533 8033
8033 7230 7533
463 2078 12859
2078 463 12859
12859 463 2078
7307 3905 14950
14950 3905 7307
3905 7307 14950
1997 1815 7707
7707 1815 1997
1815 1997 7707
8508 5038 11377
11377 5038 8508
5038 8508 11377
13221 145 12537
12537 145 13221
145 12537 13221
12747 7063 8340
7063 8340 12747
8340 7063 12747
5009 8184 12621
12621 5009 8184
8184 5009 12621
13347 3489 7290
3489 7290 13347
7290 3489 13347
4513 2256 8583
2256 4513 8583
8583 2256 4513
14769 92 10541
10541 92 14769
92 10541 14769
13100 4818 7219
4818 7219 13100
7219 4818 13100
12319 7613 10712
7613 10712 12319
10712 7613 12319
1084 762 11212
762 1084 11212
11212 762 1084
12097 208 8911
208 8911 12097
8911 208 12097
13378 1244 3185
1244 3185 13378
3185 1244 13378
11432 262 5100
5100 262 11432
262 5100 11432
2797 5512 11257
5512 2797 11257
11257 2797 5512
10031 6096 8201
6096 8201 10031
8201 6096 10031
10047 1610 6786
1610 6786 10047
6786 1610 10047
6217 5547 6985
5547 6217 6985
6985 5547 6217
5556 2150 12222
12222 2150 5556
2150 5556 12222
4692 1152 2972
2972 1152 4692
1152 2972 4692
936 2154 6265
2154 936 6265
6265 936 2154
3870 8226 8514
8226 3870 8514
8514 3870 8226
5323 4603 6645
6645 4603 5323
4603 5323 6645
14079 8743 9256
8743 9256 14079
9256 8743 14079
5876 4140 9144
4140 5876 9144
9144 4140 5876
8174 12712 14158
12712 8174 14158
14158 8174 12712
9450 7209 8921
8921 7209 9450
7209 8921 9450
13327 9942 12703
9942 12703 13327
12703 9942 13327
634 4979 11819
11819 634 4979
4979 634 11819
11256 8723 14386
14386 8723 11256
8723 11256 14386
14872 5869 6687
5869 6687 14872
6687 5869 14872
7916 4 1987
4 1987 7916
1987 4 7916
1694 7795 10202
7795 1694 10202
10202 1694 7795
5629 10499 14860
10499 5629 14860
14860 5629 10499
5693 4909 6318
6318 4909 5693
4909 5693 6318
13636 10249 10488
10249 10488 13636
10488 10249 13636
10815 65 3105
65 3105 10815
3105 65 10815
3206 10059 10949
10059 3206 10949
10949 3206 10059
1294 546 8763
546 1294 8763
8763 546 1294
10671 76 3589
76 3589 10671
3589 76 10671
7783 7597 9849
7597 7783 9849
9849 7597 7783
9334 9859 14963
9859 9334 14963
14963 9334 9859
12327 5548 7333
7333 5548 12327
5548 7333 12327
11464 3033 6791
3033 6791 11464
6791 3033 11464
7375 4120 7587
7587 4120 7375
4120 7375 7587
9597 109 12225
109 9597 12225
12225 109 9597
1707 4724 13866
4724 1707 13866
13866 1707 4724
13290 7937 9918
9918 7937 13290
7937 9918 13290
6467 5474 6721
6721 5474 6467
5474 6467 6721
14848 3064 14677
14677 3064 14848
3064 14677 14848
6654 7444 14313
14313 6654 7444
7444 6654 14313
12035 10292 11104
10292 11104 12035
11104 10292 12035
4829 1328 1604
1604 1328 4829
1328 1604 4829
543 352 2329
352 543 2329
2329 352 543
13617 4159 11564
11564 4159 13617
4159 11564 13617
3819 8801 10438
10438 3819 8801
8801 3819 10438
10950 11004 14664
11004 10950 14664
14664 10950 11004
7458 2988 6175
2988 6175 7458
6175 2988 7458
1208 2203 12000
2203 1208 12000
12000 1208 2203
2144 7946 11529
7946 2144 11529
11529 2144 7946
6173 9003 14858
14858 6173 9003
9003 6173 14858
14431 34 8578
8578 34 14431
34 8578 14431
1225 4579 6080
4579 1225 6080
6080 1225 4579
14975 1414 6371
1414 6371 14975
6371 1414 14975
8953 4412 13298
4412 8953 13298
13298 4412 8953
3706 2599 14967
14967 2599 3706
2599 3706 14967
6386 13420 13998
13998 6386 13420
13420 6386 13998
9283 11268 11446
11268 9283 11446
11446 9283 11268
3703 4418 12430
4418 3703 12430
12430 3703 4418
2796 2886 3210
2886 2796 3210
3210 2796 2886
14990 6100 10504
10504 6100 14990
6100 10504 14990
9257 5115 13415
13415 5115 9257
5115 9257 13415
4134 2355 8749
2355 4134 8749
8749 2355 4134
2236 5740 11048
11048 2236 5740
5740 2236 11048
10811 1109 14379
14379 1109 10811
1109 10811 14379
7794 101 2858
101 2858 7794
2858 101 7794
8659 354 5005
354 5005 8659
5005 354 8659
3335 2935 7639
7639 2935 3335
2935 3335 7639
8139 11279 14543
11279 8139 14543
14543 8139 11279
9277 9339 12162
9339 9277 12162
12162 9277 9339
13810 2561 12441
2561 12441 13810
12441 2561 13810
9980 4103 8692
8692 4103 9980
4103 8692 9980
284 11325 13107
13107 284 11325
11325 284 13107
6058 361 8525
361 6058 8525
8525 361 6058
8940 1546 11699
11699 1546 8940
1546 8940 11699
2508 188 12733
12733 188 2508
188 2508 12733
8438 2920 12167
12167 2920 8438
2920 8438 12167
2983 3758 6606
6606 2983 3758
3758 2983 6606
5072 8284 13958
8284 5072 13958
13958 5072 8284
13316 6461 11405
11405 6461 13316
6461 11405 13316
4928 4377 5697
5697 4377 4928
4377 4928 5697
7948 9856 10723
9856 7948 10723
10723 7948 9856
6491 3264 6964
6964 3264 6491
3264 6491 6964
10658 1545 6406
6406 1545 10658
1545 6406 10658
3459 5790 8927
8927 3459 5790
5790 3459 8927
8275 1728 1795
1728 1795 8275
1795 1728 8275
2979 8085 10487
8085 2979 10487
10487 2979 8085
11549 11372 12915
12915 11372 11549
11372 11549 12915
11095 9145 9370
9370 9145 11095
9145 9370 11095
2033 9093 12569
9093 2033 12569
12569 2033 9093
9203 5286 12045
5286 9203 12045
12045 5286 9203
8193 298 10641
298 8193 10641
10641 298 8193
5079 10216 11477
10216 5079 11477
11477 5079 10216
5960 2757 2848
2757 2848 5960
2848 2757 5960
11006 4943 12868
12868 4943 11006
4943 11006 12868
2523 2455 12346
12346 2455 2523
2455 2523 12346
1891 11310 11871
11871 1891 11310
11310 1891 11871
12692 3499 4610
4610 3499 12692
3499 4610 12692
10477 3387 8293
3387 8293 10477
8293 3387 10477
6581 7099 7224
7099 6581 7224
7224 6581 7099
10413 4195 11924
11924 4195 10413
4195 10413 11924
143 11571 12585
11571 143 12585
12585 143 11571
7640 5187 9909
9909 5187 7640
5187 7640 9909
10539 12246 13406
13406 10539 12246
12246 10539 13406
12995 3449 13492
13492 3449 12995
3449 12995 13492
2381 1058 4532
4532 1058 2381
1058 2381 4532
11056 2112 14036
2112 11056 14036
14036 2112 11056
8661 8803 9912
9912 8661 8803
8803 8661 9912
5733 7784 12469
7784 5733 12469
12469 5733 7784
10057 4224 6683
6683 4224 10057
4224 6683 10057
6299 4695 14157
14157 4695 6299
4695 6299 14157
11243 1082 14285
1082 11243 14285
14285 1082 11243
1309 13927 14411
14411 1309 13927
13927 1309 14411
3882 2844 4778
2844 3882 4778
4778 2844 3882
13224 2301 3237
2301 3237 13224
3237 2301 13224
7192 3869 14971
14971 3869 7192
3869 7192 14971
11290 2431 14182
2431 11290 14182
14182 2431 11290
695 315 12010
12010 315 695
315 695 12010
5988 7059 7113
7059 5988 7113
7113 5988 7059
8029 5696 8264
5696 8029 8264
8264 5696 8029
5558 3756 6772
6772 3756 5558
3756 5558 6772
12087 10820 11521
11521 10820 12087
10820 11521 12087
14540 661 10088
10088 661 14540
661 10088 14540
11868 6132 8483
6132 8483 11868
8483 6132 11868
13075 504 8635
504 8635 13075
8635 504 13075
2461 1531 11844
1531 2461 11844
11844 1531 2461
14254 5298 6286
5298 6286 14254
6286 5298 14254
10041 5708 7926
7926 5708 10041
5708 7926 10041
4916 851 1878
851 1878 4916
1878 851 4916
10872 2815 11070
11070 2815 10872
2815 10872 11070
6081 7954 11365
7954 6081 11365
11365 6081 7954
14032 8304 9670
8304 9670 14032
9670 8304 14032
4389 10299 12290
12290 4389 10299
10299 4389 12290
3689 7234 8457
8457 3689 7234
7234 3689 8457
5050 10868 12101
10868 5050 12101
12101 5050 10868
4401 2375 6863
6863 2375 4401
2375 4401 6863
335 1925 10620
10620 335 1925
1925 335 10620
2702 5446 14566
5446 2702 14566
14566 2702 5446
13720 4260 5015
4260 5015 13720
5015 4260 13720
4548 20 3205
20 3205 4548
3205 20 4548
11025 5375 14991
5375 11025 14991
14991 5375 11025
11084 726 3094
726 3094 11084
3094 726 11084
9973 271 2132
271 2132 9973
2132 271 9973
3503 11032 12810
12810 3503 11032
11032 3503 12810
11654 6167 13439
13439 6167 11654
6167 11654 13439
14867 10937 11691
10937 11691 14867
11691 10937 14867
8223 1502 11930
1502 8223 11930
11930 1502 8223
7796 12140 12239
12140 7796 12239
12239 7796 12140
14274 3840 10267
10267 3840 14274
3840 10267 14274
11781 9230 9606
9606 9230 11781
9230 9606 11781
616 4415 6254
6254 616 4415
4415 616 6254
8947 3935 5411
3935 5411 8947
5411 3935 8947
6455 9139 10345
10345 6455 9139
9139 6455 10345
14413 2049 9784
9784 2049 14413
2049 9784 14413
9739 5441 13310
5441 9739 13310
13310 5441 9739
6185 4278 9865
4278 6185 9865
9865 4278 6185
6585 347 5771
5771 347 6585
347 5771 6585
654 6230 14674
14674 654 6230
6230 654 14674
11565 1692 14459
14459 1692 11565
1692 11565 14459
9211 2013 14185
2013 9211 14185
14185 2013 9211
12457 8348 13611
8348 12457 13611
13611 8348 12457
9103 7775 10104
10104 7775 9103
7775 9103 10104
1023 7553 13933
7553 1023 13933
13933 1023 7553
8711 78 4774
4774 78 8711
78 4774 8711
13660 1543 4078
4078 1543 13660
1543 4078 13660
1252 2718 7144
2718 1252 7144
7144 1252 2718
13971 4854 5034
5034 4854 13971
4854 5034 13971
5748 1383 11219
1383 5748 11219
11219 1383 5748
9709 10786 13022
13022 9709 10786
10786 9709 13022
609 4271 14835
14835 609 4271
4271 609 14835
13562 4707 8532
8532 4707 13562
4707 8532 13562
5575 4008 11574
11574 4008 5575
4008 5575 11574
7289 5833 8901
8901 5833 7289
5833 7289 8901
13986 10295 13789
13789 10295 13986
10295 13789 13986
7145 846 8305
846 7145 8305
8305 846 7145
3806 13443 13807
13443 3806 13807
13807 3806 13443
8142 7014 14978
14978 7014 8142
7014 8142 14978
12528 6788 10904
10904 6788 12528
6788 10904 12528
12669 207 6141
6141 207 12669
207 6141 12669
3022 658 10524
10524 658 3022
658 3022 10524
13522 8363 10361
10361 8363 13522
8363 10361 13522
7987 1335 6146
6146 1335 7987
1335 6146 7987
3596 1869 3716
3716 1869 3596
1869 3596 3716
6325 6111 9299
6111 6325 9299
9299 6111 6325
5962 10772 13858
10772 5962 13858
13858 5962 10772
12735 3017 4702
3017 4702 12735
4702 3017 12735
602 3726 7299
3726 602 7299
7299 602 3726
11474 6965 8434
6965 8434 11474
8434 6965 11474
1027 2032 4474
4474 1027 2032
2032 1027 4474
5392 2836 4225
4225 2836 5392
2836 4225 5392
5068 12051 14612
14612 5068 12051
12051 5068 14612
5304 4107 5767
5767 4107 5304
4107 5304 5767
2255 1836 9491
1836 2255 9491
9491 1836 2255
3217 3376 4522
3376 3217 4522
4522 3217 3376
10146 4031 10960
4031 10146 10960
10960 4031 10146
6660 7574 12789
12789 6660 7574
7574 6660 12789
2870 7726 14972
7726 2870 14972
14972 2870 7726
14871 1066 2321
1066 2321 14871
2321 1066 14871
4485 9168 11135
11135 4485 9168
9168 4485 11135
14613 3903 5209
5209 3903 14613
3903 5209 14613
11595 3845 11788
3845 11595 11788
11788 3845 11595
13693 11343 12005
12005 11343 13693
11343 12005 13693
13941 5872 8056
5872 8056 13941
8056 5872 13941
7151 1140 11304
11304 1140 7151
1140 7151 11304
4993 610 6830
610 4993 6830
6830 610 4993
9224 8612 13829
8612 9224 13829
13829 8612 9224
13472 7456 8121
7456 8121 13472
8121 7456 13472
10849 9966 14245
14245 9966 10849
9966 10849 14245
3475 8543 13870
8543 3475 13870
13870 3475 8543
3166 12347 14452
12347 3166 14452
14452 3166 12347
3058 4277 10284
4277 3058 10284
10284 3058 4277
5143 1440 3535
1440 3535 5143
3535 1440 5143
13843 179 11811
179 11811 13843
11811 179 13843
13689 2031 10842
2031 10842 13689
10842 2031 13689
2911 10281 10763
10281 2911 10763
10763 2911 10281
3561 7623 13275
7623 3561 13275
13275 3561 7623
14689 12287 13246
12287 13246 14689
13246 12287 14689
12991 6411 13191
6411 12991 13191
13191 6411 12991
13283 5874 7131
7131 5874 13283
5874 7131 13283
12878 5965 6259
6259 5965 12878
5965 6259 12878
5398 8093 10444
8093 5398 10444
10444 5398 8093
13085 6332 12214
12214 6332 13085
6332 12214 13085
5253 5814 12683
5814 5253 12683
12683 5253 5814
9534 11040 11127
11127 9534 11040
11040 9534 11127
8065 7927 10020
10020 7927 8065
7927 8065 10020
14785 1561 3704
1561 3704 14785
3704 1561 14785
1392 8720 11349
11349 1392 8720
8720 1392 11349
8781 7035 9936
7035 8781 9936
9936 7035 8781
926 6621 11714
6621 926 11714
11714 926 6621
6465 971 1283
971 1283 6465
1283 971 6465
11338 5661 10233
5661 10233 11338
10233 5661 11338
4076 461 12830
12830 461 4076
461 4076 12830
8747 6213 9422
9422 6213 8747
6213 8747 9422
520 6039 7161
6039 520 7161
7161 520 6039
1482 3553 3747
3553 1482 3747
3747 1482 3553
8798 3871 9182
9182 3871 8798
3871 8798 9182
5669 8034 14466
8034 5669 14466
14466 5669 8034
4608 2096 10929
2096 4608 10929
10929 2096 4608
5656 12764 13322
12764 5656 13322
13322 5656 12764
8014 47 2620
2620 47 8014
47 2620 8014
11350 5511 13201
13201 5511 11350
5511 11350 13201
6609 5450 10976
5450 6609 10976
10976 5450 6609
7329 1396 1936
1396 1936 7329
1936 1396 7329
6561 1827 12278
12278 1827 6561
1827 6561 12278
10859 5984 6220
6220 5984 10859
5984 6220 10859
9821 863 8062
863 8062 9821
8062 863 9821
919 8834 14397
8834 919 14397
14397 919 8834
9840 2576 13700
2576 9840 13700
13700 2576 9840
8024 1892 3852
3852 1892 8024
1892 3852 8024
11487 4994 13511
4994 11487 13511
13511 4994 11487
673 7262 7596
7262 673 7596
7596 673 7262
14841 333 2515
2515 333 14841
333 2515 14841
5349 3651 12129
12129 3651 5349
3651 5349 12129
7322 141 3055
141 3055 7322
3055 141 7322
3615 8036 14589
14589 3615 8036
8036 3615 14589
9864 4730 10576
4730 9864 10576
10576 4730 9864
13680 3242 10279
10279 3242 13680
3242 10279 13680
791 3579 4732
4732 791 3579
3579 791 4732
7188 1738 6547
6547 1738 7188
1738 6547 7188
13940 737 12374
737 12374 13940
12374 737 13940
13575 3864 6046
3864 6046 13575
6046 3864 13575
9263 7994 13668
13668 7994 9263
7994 9263 13668
8493 3114 4510
3114 4510 8493
4510 3114 8493
7364 12252 13656
13656 7364 12252
12252 7364 13656
8632 595 7291
7291 595 8632
595 7291 8632
408 2053 5501
5501 408 2053
2053 408 5501
6573 5222 9509
9509 5222 6573
5222 6573 9509
7448 10134 14267
14267 7448 10134
10134 7448 14267
6078 6377 7270
7270 6078 6377
6377 6078 7270
6475 13696 13892
13696 6475 13892
13892 6475 13696
13797 98 111
98 111 13797
111 98 13797
749 2330 8420
8420 749 2330
2330 749 8420
8908 5789 10739
10739 5789 8908
5789 8908 10739
14304 10876 12230
10876 12230 14304
12230 10876 14304
1492 6457 8053
8053 1492 6457
6457 1492 8053
3982 2433 9392
2433 3982 9392
9392 2433 3982
4783 11890 12681
11890 4783 12681
12681 4783 11890
11034 646 10064
10064 646 11034
646 10064 11034
11071 7126 8864
8864 7126 11071
7126 8864 11071
4734 3801 6884
3801 4734 6884
6884 3801 4734
14943 7746 14910
14910 7746 14943
7746 14910 14943
14752 510 5700
5700 510 14752
510 5700 14752
12454 7430 13556
13556 7430 12454
7430 12454 13556
14342 439 9780
9780 439 14342
439 9780 14342
9896 3062 11102
3062 9896 11102
11102 3062 9896
14779 12050 13015
12050 13015 14779
13015 12050 14779
8443 1810 8698
1810 8443 8698
8698 1810 8443
12442 713 5703
713 5703 12442
5703 713 12442
13642 5497 12553
5497 12553 13642
12553 5497 13642
611 930 14696
14696 611 930
930 611 14696
11033 2146 11294
2146 11033 11294
11294 2146 11033
8961 7910 10473
7910 8961 10473
10473 7910 8961
358 8618 10192
8618 358 10192
10192 358 8618
4708 6054 12198
12198 4708 6054
6054 4708 12198
14497 4788 12555
12555 4788 14497
4788 12555 14497
4669 2346 7077
2346 4669 7077
7077 2346 4669
13208 5394 11306
11306 5394 13208
5394 11306 13208
14742 8891 9406
8891 9406 14742
9406 8891 14742
8208 7488 14491
14491 7488 8208
7488 8208 14491
156 3498 8682
8682 156 3498
3498 156 8682
11903 6896 10585
6896 10585 11903
10585 6896 11903
5200 12646 13441
12646 5200 13441
13441 5200 12646
8990 2896 7706
7706 2896 8990
2896 7706 8990
1285 9329 9614
9614 1285 9329
9329 1285 9614
4079 7523 8920
8920 4079 7523
7523 4079 8920
3375 3192 6799
3192 3375 6799
6799 3192 3375
1793 10002 14874
14874 1793 10002
10002 1793 14874
3666 5361 13745
13745 3666 5361
5361 3666 13745
10906 7422 7935
7422 7935 10906
7935 7422 10906
5783 996 7204
996 5783 7204
7204 996 5783
177 13965 14259
13965 177 14259
14259 177 13965
14138 6975 13418
13418 6975 14138
6975 13418 14138
1915 4472 8387
8387 1915 4472
4472 1915 8387
2709 4557 9843
4557 2709 9843
9843 2709 4557
14292 228 10823
228 10823 14292
10823 228 14292
2446 4422 13935
4422 2446 13935
13935 2446 4422
6526 10936 13662
13662 6526 10936
10936 6526 13662
4505 10415 11324
11324 4505 10415
10415 4505 11324
3933 3163 11910
11910 3163 3933
3163 3933 11910
4293 5705 5788
5705 4293 5788
5788 4293 5705
5296 1469 3834
3834 1469 5296
1469 3834 5296
11250 4872 8752
8752 4872 11250
4872 8752 11250
8447 6870 7508
6870 7508 8447
7508 6870 8447
3823 1678 11137
11137 1678 3823
1678 3823 11137
9208 4922 12921
12921 4922 9208
4922 9208 12921
127 11059 14197
11059 127 14197
14197 127 11059
10317 4990 9876
9876 4990 10317
4990 9876 10317
14054 847 11502
847 11502 14054
11502 847 14054
12283 1290 8707
1290 8707 12283
8707 1290 12283
6503 5775 6052
6052 5775 6503
5775 6052 6503
2735 4294 10556
10556 2735 4294
4294 2735 10556
8676 9314 12833
12833 8676 9314
9314 8676 12833
5816 1424 6444
6444 1424 5816
1424 5816 6444
8762 1879 10745
1879 8762 10745
10745 1879 8762
6847 9761 9994
9994 6847 9761
9761 6847 9994
10805 3963 10165
3963 10165 10805
10165 3963 10805
7837 6803 7717
7717 6803 7837
6803 7717 7837
12174 5309 5432
5309 5432 12174
5432 5309 12174
6488 250 9018
250 6488 9018
9018 250 6488
9346 4577 11368
4577 9346 11368
11368 4577 9346
6868 7146 12223
12223 6868 7146
7146 6868 12223
14845 6713 13012
6713 13012 14845
13012 6713 14845
12308 10341 12299
12299 10341 12308
10341 12299 12308
14179 4447 8018
4447 8018 14179
8018 4447 14179
5746 2615 13073
13073 2615 5746
2615 5746 13073
14389 6336 10574
6336 10574 14389
10574 6336 14389
12397 680 1975
1975 680 12397
680 1975 12397
3157 324 8429
8429 324 3157
324 3157 8429
6686 3525 6134
6134 3525 6686
3525 6134 6686
13145 7 9986
7 9986 13145
9986 7 13145
4307 6789 9969
9969 4307 6789
6789 4307 9969
3556 5088 13452
5088 3556 13452
13452 3556 5088
6232 6176 10536
10536 6176 6232
6176 6232 10536
14472 9452 11466
9452 11466 14472
11466 9452 14472
10837 5835 11908
11908 5835 10837
5835 10837 11908
11494 6672 6967
6967 6672 11494
6672 6967 11494
8207 10376 14293
10376 8207 14293
14293 8207 10376
93 2258 11579
11579 93 2258
2258 93 11579
10460 3182 12784
12784 3182 10460
3182 10460 12784
11508 10529 13008
10529 11508 13008
13008 10529 11508
10102 4649 9080
4649 9080 10102
9080 4649 10102
2445 1570 11440
11440 1570 2445
1570 2445 11440
129 5608 12998
5608 129 12998
12998 129 5608
6223 1644 8823
1644 6223 8823
8823 1644 6223
13382 4062 9155
9155 4062 13382
4062 9155 13382
9351 6278 13516
13516 6278 9351
6278 9351 13516
3007 1183 2019
2019 1183 3007
1183 2019 3007
13140 7732 11281
11281 7732 13140
7732 11281 13140
11558 2958 10670
2958 10670 11558
10670 2958 11558
10087 11253 14306
11253 10087 14306
14306 10087 11253
8080 5690 14420
14420 5690 8080
5690 8080 14420
7542 498 14399
14399 498 7542
498 7542 14399
5343 11816 13386
13386 5343 11816
11816 5343 13386
12003 615 11539
615 11539 12003
11539 615 12003
692 2662 14788
14788 692 2662
2662 692 14788
14120 4289 5234
5234 4289 14120
4289 5234 14120
2377 12125 13802
12125 2377 13802
13802 2377 12125
4311 197 12092
12092 197 4311
197 4311 12092
986 5365 6307
6307 986 5365
5365 986 6307
10956 7799 11307
11307 7799 10956
7799 10956 11307
11822 6602 14442
6602 11822 14442
14442 6602 11822
9281 4712 9236
4712 9236 9281
9236 4712 9281
7928 94 5276
5276 94 7928
94 5276 7928
14375 6913 14479
14479 6913 14375
6913 14375 14479
14671 11364 13978
11364 13978 14671
13978 11364 14671
11374 11154 12243
11154 11374 12243
12243 11154 11374
1706 3598 8670
8670 1706 3598
3598 1706 8670
4129 5223 10727
5223 4129 10727
10727 4129 5223
9068 3542 12780
12780 3542 9068
3542 9068 12780
5332 14555 14899
14555 5332 14899
14899 5332 14555
9836 9348 14131
9348 9836 14131
14131 9348 9836
2234 961 12967
12967 961 2234
961 2234 12967
7048 5080 14989
5080 7048 14989
14989 5080 7048
8011 1028 5496
1028 5496 8011
5496 1028 8011
4640 7648 13173
13173 4640 7648
7648 4640 13173
14295 371 6880
371 6880 14295
6880 371 14295
1181 2123 10329
10329 1181 2123
2123 1181 10329
14003 251 14936
251 14003 14936
14936 251 14003
173 2636 5913
2636 173 5913
5913 173 2636
8814 4869 11053
11053 4869 8814
4869 8814 11053
10186 7062 8582
7062 8582 10186
8582 7062 10186
12318 329 7727
7727 329 12318
329 7727 12318
5596 927 11192
927 5596 11192
11192 927 5596
6958 110 2800
2800 110 6958
110 2800 6958
14786 12564 12894
12564 12894 14786
12894 12564 14786
9059 7025 7293
7025 7293 9059
7293 7025 9059
7206 4599 6998
6998 4599 7206
4599 6998 7206
8236 1050 14186
14186 1050 8236
1050 8236 14186
4473 469 12796
469 4473 12796
12796 469 4473
8111 9861 11042
11042 8111 9861
9861 8111 11042
5024 9095 11167
9095 5024 11167
11167 5024 9095
14156 599 5844
5844 599 14156
599 5844 14156
4972 9590 13376
13376 4972 9590
9590 4972 13376
2613 2103 6916
6916 2103 2613
2103 2613 6916
388 11383 14558
14558 388 11383
11383 388 14558
11209 2124 12804
12804 2124 11209
2124 11209 12804
6850 840 11712
840 6850 11712
11712 840 6850
3949 5634 12776
12776 3949 5634
5634 3949 12776
5621 2337 3674
3674 2337 5621
2337 3674 5621
7252 7565 12947
7565 7252 12947
12947 7252 7565
2974 1752 14071
14071 1752 2974
1752 2974 14071
8030 1175 5641
5641 1175 8030
1175 5641 8030
1441 3763 8177
3763 1441 8177
8177 1441 3763
1086 8092 10871
10871 1086 8092
8092 1086 10871
6522 7931 8505
8505 6522 7931
7931 6522 8505
10373 10741 11214
11214 10373 10741
10741 10373 11214
12480 4319 12913
4319 12480 12913
12913 4319 12480
2538 3568 14570
14570 2538 3568
3568 2538 14570
9338 411 4789
4789 411 9338
411 4789 9338
844 499 10754
10754 499 844
499 844 10754
1774 5795 10164
10164 1774 5795
5795 1774 10164
7577 8004 13828
13828 7577 8004
8004 7577 13828
11373 1954 8976
1954 8976 11373
8976 1954 11373
10932 3326 9279
3326 9279 10932
9279 3326 10932
1782 6401 7809
6401 1782 7809
7809 1782 6401
13181 73 5525
5525 73 13181
73 5525 13181
1320 476 4917
476 1320 4917
4917 476 1320
12131 1054 4292
1054 4292 12131
4292 1054 12131
5355 1548 11240
1548 5355 11240
11240 1548 5355
9219 5638 7585
5638 7585 9219
7585 5638 9219
5318 5387 13724
5387 5318 13724
13724 5318 5387
2687 340 4309
340 2687 4309
4309 340 2687
12425 2305 5992
2305 5992 12425
5992 2305 12425
11295 2882 4676
4676 2882 11295
2882 4676 11295
13930 6806 9153
6806 9153 13930
9153 6806 13930
14000 3873 11462
3873 11462 14000
11462 3873 14000
12742 3587 10481
3587 10481 12742
10481 3587 12742
3124 4919 11157
11157 3124 4919
4919 3124 11157
9302 5128 11163
11163 5128 9302
5128 9302 11163
2322 7505 9098
9098 2322 7505
7505 2322 9098
2980 8431 13707
8431 2980 13707
13707 2980 8431
11469 6360 10594
10594 6360 11469
6360 10594 11469
2804 4819 13675
13675 2804 4819
4819 2804 13675
13391 2542 14298
2542 13391 14298
14298 2542 13391
2161 1780 6098
6098 1780 2161
1780 2161 6098
7970 6341 11646
6341 7970 11646
11646 6341 7970
6677 3147 14433
3147 6677 14433
14433 3147 6677
7683 5267 6742
5267 6742 7683
6742 5267 7683
3739 11503 12841
12841 3739 11503
11503 3739 12841
10943 1129 11506
11506 1129 10943
1129 10943 11506
7560 270 2356
2356 270 7560
270 2356 7560
6059 1170 12189
12189 1170 6059
1170 6059 12189
6605 8744 9838
9838 6605 8744
8744 6605 9838
13395 3566 6140
6140 3566 13395
3566 6140 13395
8038 7902 13060
7902 8038 13060
13060 7902 8038
14738 10225 14590
14590 10225 14738
10225 14590 14738
7321 11226 13151
11226 7321 13151
13151 7321 11226
13079 9270 13461
9270 13079 13461
13461 9270 13079
6562 8681 9952
8681 6562 9952
9952 6562 8681
11353 6812 14421
6812 11353 14421
14421 6812 11353
4746 4051 9121
4051 4746 9121
9121 4051 4746
2176 9052 14082
9052 2176 14082
14082 2176 9052
4070 2332 9756
2332 4070 9756
9756 2332 4070
5623 1767 11277
11277 1767 5623
1767 5623 11277
9519 202 12424
202 9519 12424
12424 202 9519
11299 1633 12340
12340 1633 11299
1633 11299 12340
9666 7074 7892
7892 7074 9666
7074 7892 9666
14651 3953 11887
11887 3953 14651
3953 11887 14651
1763 7642 9084
9084 1763 7642
7642 1763 9084
14528 793 9846
9846 793 14528
793 9846 14528
487 8401 9657
8401 487 9657
9657 487 8401
9759 10998 13227
10998 9759 13227
13227 9759 10998
1426 11630 12300
12300 1426 11630
11630 1426 12300
7079 5878 8450
8450 5878 7079
5878 7079 8450
3928 256 2210
2210 256 3928
256 2210 3928
587 4366 5182
5182 587 4366
4366 587 5182
2340 2996 13019
2996 2340 13019
13019 2340 2996
5247 7849 9628
9628 5247 7849
7849 5247 9628
14814 4064 13320
13320 4064 14814
4064 13320 14814
13563 10580 14152
14152 10580 13563
10580 13563 14152
8607 9812 14856
9812 8607 14856
14856 8607 9812
850 4592 12429
4592 850 12429
12429 850 4592
3340 3732 11685
11685 3340 3732
3732 3340 11685
13739 9398 9626
9626 9398 13739
9398 9626 13739
8668 5668 6905
6905 5668 8668
5668 6905 8668
11740 2652 14744
14744 2652 11740
2652 11740 14744
13168 3727 5111
5111 3727 13168
3727 5111 13168
14850 3923 7342
3923 7342 14850
7342 3923 14850
2070 4165 12567
12567 2070 4165
4165 2070 12567
1085 1189 6595
6595 1085 1189
1189 1085 6595
5281 6102 9566
6102 5281 9566
9566 5281 6102
7120 7173 11481
7173 7120 11481
11481 7120 7173
12181 3581 11551
3581 11551 12181
11551 3581 12181
13466 7705 10618
10618 7705 13466
7705 10618 13466
1476 13896 14439
14439 1476 13896
13896 1476 14439
10451 10818 12204
10818 10451 12204
12204 10451 10818
6914 2612 5749
5749 2612 6914
2612 5749 6914
11193 4433 4989
4433 4989 11193
4989 4433 11193
8308 8107 11022
11022 8107 8308
8107 8308 11022
6451 1390 10797
10797 1390 6451
1390 6451 10797
10616 5205 8384
8384 5205 10616
5205 8384 10616
12944 3547 4168
4168 3547 12944
3547 4168 12944
6222 8806 13608
13608 6222 8806
8806 6222 13608
8288 9553 9578
9578 8288 9553
9553 8288 9578
10254 5550 14827
5550 10254 14827
14827 5550 10254
3086 451 10753
10753 451 3086
451 3086 10753
5413 4333 7957
7957 4333 5413
4333 5413 7957
2695 2677 12936
12936 2677 2695
2677 2695 12936
10335 4988 12932
12932 4988 10335
4988 10335 12932
7828 3807 8008
8008 3807 7828
3807 7828 8008
3401 4753 5945
5945 3401 4753
4753 3401 5945
6478 71 14514
71 6478 14514
14514 71 6478
8147 5391 12917
5391 8147 12917
12917 5391 8147
11513 6875 13192
6875 11513 13192
13192 6875 11513
1457 103 7818
7818 103 1457
103 1457 7818
11099 3672 12104
12104 3672 11099
3672 11099 12104
13883 1688 7879
7879 1688 13883
1688 7879 13883
14135 4182 12195
12195 4182 14135
4182 12195 14135
9900 1989 12679
12679 1989 9900
1989 9900 12679
8465 1797 7643
1797 7643 8465
7643 1797 8465
6375 4493 7999
4493 6375 7999
7999 4493 6375
7384 2297 7003
7003 2297 7384
2297 7003 7384
13880 9527 14380
9527 13880 14380
14380 9527 13880
4559 3146 10360
3146 4559 10360
10360 3146 4559
10252 10432 11954
11954 10252 10432
10432 10252 11954
7259 9373 13895
9373 7259 13895
13895 7259 9373
1963 5552 7471
5552 1963 7471
7471 1963 5552
9580 5152 6171
5152 6171 9580
6171 5152 9580
8969 6822 8714
6822 8714 8969
8714 6822 8969
14481 8605 9215
8605 9215 14481
9215 8605 14481
8776 3877 4863
3877 4863 8776
4863 3877 8776
49 2837 13587
13587 49 2837
2837 49 13587
14594 8980 9550
9550 8980 14594
8980 9550 14594
12907 11187 14021
14021 11187 12907
11187 12907 14021
7094 6766 8244
6766 7094 8244
8244 6766 7094
11959 8701 8893
8701 8893 11959
8893 8701 11959
12314 2457 13184
2457 12314 13184
13184 2457 12314
9917 2973 3246
3246 2973 9917
2973 3246 9917
1619 394 14327
14327 394 1619
394 1619 14327
4564 601 10644
601 4564 10644
10644 601 4564
6021 383 14582
14582 383 6021
383 6021 14582
140 1122 14749
14749 140 1122
1122 140 14749
788 13417 14840
13417 788 14840
14840 788 13417
8788 1638 6844
6844 1638 8788
1638 6844 8788
12012 8774 12592
12592 8774 12012
8774 12012 12592
2024 712 8398
712 2024 8398
8398 712 2024
2399 1423 9371
9371 1423 2399
1423 2399 9371
10425 8832 10457
8832 10425 10457
10457 8832 10425
2182 1070 4492
1070 2182 4492
4492 1070 2182
6944 6093 7989
6093 6944 7989
7989 6093 6944
13182 7997 10546
10546 7997 13182
7997 10546 13182
12165 13084 13148
13148 12165 13084
13084 12165 13148
1677 11200 14253
11200 1677 14253
14253 1677 11200
5652 2227 4300
4300 2227 5652
2227 4300 5652
6486 6489 14722
6489 6486 14722
14722 6486 6489
10926 322 8411
322 8411 10926
8411 322 10926
3177 7704 11421
11421 3177 7704
7704 3177 11421
13471 1102 3081
1102 3081 13471
3081 1102 13471
10566 4862 9325
9325 4862 10566
4862 9325 10566
14429 2036 14516
14516 2036 14429
2036 14429 14516
13553 1801 4926
4926 1801 13553
1801 4926 13553
1916 1220 9501
9501 1220 1916
1220 1916 9501
9199 1660 4084
1660 4084 9199
4084 1660 9199
10911 1884 5706
1884 5706 10911
5706 1884 10911
7895 4843 13396
4843 7895 13396
13396 4843 7895
10801 6920 12521
6920 10801 12521
12521 6920 10801
8258 5877 11138
11138 5877 8258
5877 8258 11138
10476 13175 13663
13175 10476 13663
13663 10476 13175
1832 8299 10992
10992 1832 8299
8299 1832 10992
7076 7558 10771
10771 7076 7558
7558 7076 10771
13723 1351 5726
1351 5726 13723
5726 1351 13723
10639 3899 6368
6368 3899 10639
3899 6368 10639
6523 4376 5183
4376 5183 6523
5183 4376 6523
5900 323 5428
5428 323 5900
323 5428 5900
3256 576 9340
9340 576 3256
576 3256 9340
14639 716 9460
9460 716 14639
716 9460 14639
6694 4680 8176
8176 4680 6694
4680 6694 8176
11223 4822 5712
5712 4822 11223
4822 5712 11223
5588 272 1487
272 1487 5588
1487 272 5588
3248 5348 7555
7555 3248 5348
5348 3248 7555
4560 6661 7793
6661 4560 7793
7793 4560 6661
4028 3629 14627
3629 4028 14627
14627 3629 4028
1384 6408 10661
6408 1384 10661
10661 1384 6408
10704 3650 6161
6161 3650 10704
3650 6161 10704
1972 4561 11105
4561 1972 11105
11105 1972 4561
9223 1566 14378
1566 9223 14378
14378 1566 9223
6977 6388 11062
6388 6977 11062
11062 6388 6977
6513 5627 11884
11884 5627 6513
5627 6513 11884
11044 5569 5861
5861 5569 11044
5569 5861 11044
5577 3417 4054
4054 3417 5577
3417 4054 5577
12920 313 7658
313 7658 12920
7658 313 12920
5440 427 1462
1462 427 5440
427 1462 5440
4345 10721 10990
10990 4345 10721
10721 4345 10990
14444 12535 12594
12594 12535 14444
12535 12594 14444
2587 6369 8756
8756 2587 6369
6369 2587 8756
2451 4636 8102
4636 2451 8102
8102 2451 4636
6079 4554 12078
4554 6079 12078
12078 4554 6079
10523 2950 11054
2950 10523 11054
11054 2950 10523
12701 2657 7344
2657 7344 12701
7344 2657 12701
11013 2088 3524
2088 3524 11013
3524 2088 11013
10916 9677 13163
13163 9677 10916
9677 10916 13163
2876 1955 14288
1955 2876 14288
14288 1955 2876
2448 2388 5090
2388 2448 5090
5090 2388 2448
6069 8402 8964
8964 6069 8402
8402 6069 8964
9022 10260 14474
10260 9022 14474
14474 9022 10260
10283 8407 9397
8407 9397 10283
9397 8407 10283
1505 5206 7201
7201 1505 5206
5206 1505 7201
758 1253 13531
13531 758 1253
1253 758 13531
3012 7295 7491
7295 3012 7491
7491 3012 7295
14898 12028 13334
13334 12028 14898
12028 13334 14898
13257 2099 4100
4100 2099 13257
2099 4100 13257
3074 391 8716
391 3074 8716
8716 391 3074
167 2259 10256
2259 167 10256
10256 167 2259
8658 934 7053
7053 934 8658
934 7053 8658
1359 3924 10354
3924 1359 10354
10354 1359 3924
685 1194 12951
1194 685 12951
12951 685 1194
6552 4202 13240
13240 4202 6552
4202 6552 13240
10934 527 10569
527 10569 10934
10569 527 10934
2371 6543 6986
6543 2371 6986
6986 2371 6543
2807 10496 10669
10669 2807 10496
10496 2807 10669
1019 7823 10278
10278 1019 7823
7823 1019 10278
14392 13258 14383
14383 13258 14392
13258 14383 14392
10441 5403 11795
11795 5403 10441
5403 10441 11795
1550 4207 6949
6949 1550 4207
4207 1550 6949
14230 1837 14372
14372 1837 14230
1837 14230 14372
7559 6119 7502
7502 6119 7559
6119 7502 7559
6380 5808 11771
11771 5808 6380
5808 6380 11771
10475 1062 11561
11561 1062 10475
1062 10475 11561
14023 6269 7441
6269 7441 14023
7441 6269 14023
12566 5312 8130
5312 8130 12566
8130 5312 12566
199 3261 13255
3261 199 13255
13255 199 3261
14060 10568 12019
10568 12019 14060
12019 10568 14060
14839 4131 5280
4131 5280 14839
5280 4131 14839
2771 7107 8758
7107 2771 8758
8758 2771 7107
1227 5035 6643
5035 1227 6643
6643 1227 5035
14740 3349 9108
9108 3349 14740
3349 9108 14740
9202 4665 4745
4665 4745 9202
4745 4665 9202
4496 240 4901
240 4496 4901
4901 240 4496
5377 2379 8012
8012 2379 5377
2379 5377 8012
10713 4971 11945
11945 4971 10713
4971 10713 11945
7791 11555 11927
11927 7791 11555
11555 7791 11927
14128 3482 4206
4206 3482 14128
3482 4206 14128
11997 3691 13690
3691 11997 13690
13690 3691 11997
3513 2469 14007
14007 2469 3513
2469 3513 14007
13942 5684 7348
7348 5684 13942
5684 7348 13942
12505 1163 13859
1163 12505 13859
13859 1163 12505
13794 4718 14804
4718 13794 14804
14804 4718 13794
1307 4456 12618
12618 1307 4456
4456 1307 12618
12066 6717 7227
7227 6717 12066
6717 7227 12066
8325 882 9806
9806 882 8325
882 8325 9806
7993 4968 6346
6346 4968 7993
4968 6346 7993
8282 2045 13926
13926 2045 8282
2045 8282 13926
1648 8538 14719
8538 1648 14719
14719 1648 8538
3749 3311 7900
7900 3311 3749
3311 3749 7900
2541 2348 6815
6815 2348 2541
2348 2541 6815
11986 107 2552
107 2552 11986
2552 107 11986
7154 12955 14724
12955 7154 14724
14724 7154 12955
1370 8724 10798
8724 1370 10798
10798 1370 8724
10829 7240 10439
10439 7240 10829
7240 10439 10829
11147 4657 12436
12436 4657 11147
4657 11147 12436
8349 4944 9711
9711 4944 8349
4944 8349 9711
5781 6025 12822
12822 5781 6025
6025 5781 12822
3656 4343 6910
6910 3656 4343
4343 3656 6910
2335 9274 10095
9274 2335 10095
10095 2335 9274
14705 2352 4691
4691 2352 14705
2352 4691 14705
7674 6399 7847
6399 7674 7847
7847 6399 7674
8412 5798 8544
5798 8412 8544
8544 5798 8412
9600 1504 2138
2138 1504 9600
1504 2138 9600
2486 6568 12862
6568 2486 12862
12862 2486 6568
7218 12560 13384
13384 7218 12560
12560 7218 13384
12976 8564 12080
8564 12080 12976
12080 8564 12976
13628 3131 3488
3131 3488 13628
3488 3131 13628
7083 8510 8937
8937 7083 8510
8510 7083 8937
2466 465 11573
465 2466 11573
11573 465 2466
8755 5011 6580
5011 6580 8755
6580 5011 8755
12006 390 1754
1754 390 12006
390 1754 12006
3766 4117 12155
4117 3766 12155
12155 3766 4117
9943 2347 6624
2347 6624 9943
6624 2347 9943
12364 8859 11447
8859 11447 12364
11447 8859 12364
8593 3005 5590
3005 5590 8593
5590 3005 8593
11708 4024 14903
14903 4024 11708
4024 11708 14903
5029 1626 3383
1626 3383 5029
3383 1626 5029
4363 12811 13845
12811 4363 13845
13845 4363 12811
4222 852 7318
7318 852 4222
852 4222 7318
2022 1112 3221
3221 1112 2022
1112 2022 3221
7842 5987 13250
5987 7842 13250
13250 5987 7842
3238 3006 4270
3006 3238 4270
4270 3006 3238
4001 2405 9702
2405 4001 9702
9702 2405 4001
10515 6068 14365
6068 10515 14365
14365 6068 10515
8611 5108 5597
5597 5108 8611
5108 5597 8611
11744 4463 10417
10417 4463 11744
4463 10417 11744
8983 638 7466
7466 638 8983
638 7466 8983
11818 320 10773
320 10773 11818
10773 320 11818
9490 3278 11671
3278 9490 11671
11671 3278 9490
11993 6154 6818
6818 6154 11993
6154 6818 11993
2785 10377 12650
10377 2785 12650
12650 2785 10377
13241 1889 1890
1890 1889 13241
1889 1890 13241
1686 5139 11339
5139 1686 11339
11339 1686 5139
11341 10086 10765
10765 10086 11341
10086 10765 11341
7547 4369 5759
4369 5759 7547
5759 4369 7547
4590 729 6172
729 4590 6172
6172 729 4590
2868 6196 14486
6196 2868 14486
14486 2868 6196
3572 1217 9074
1217 3572 9074
9074 1217 3572
6869 1278 9740
1278 6869 9740
9740 1278 6869
8898 1142 3511
3511 1142 8898
1142 3511 8898
10467 8729 13027
8729 10467 13027
13027 8729 10467
3287 4906 8163
8163 3287 4906
4906 3287 8163
6600 519 4543
4543 519 6600
519 4543 6600
5583 6351 12716
12716 5583 6351
6351 5583 12716
239 9007 9469
9469 239 9007
9007 239 9469
512 9269 10945
9269 512 10945
10945 512 9269
5341 415 12966
12966 415 5341
415 5341 12966
14422 1192 6988
1192 6988 14422
