193 144 235
144 193 235
235 144 193
105 55 82
55 82 105
82 55 105
271 66 176
176 66 271
66 176 271
45 39 158
158 39 45
39 45 158
263 80 136
136 80 263
80 136 263
205 159 165
159 165 205
165 159 205
137 72 213
72 137 213
213 72 137
162 44 257
257 44 162
44 162 257
98 38 183
183 38 98
38 98 183
256 227 231
231 227 256
227 231 256
14 58 139
139 14 58
58 14 139
74 69 253
69 74 253
253 69 74
47 126 295
295 47 126
126 47 295
273 11 212
212 11 273
11 212 273
220 13 100
13 100 220
100 13 220
59 109 188
109 59 188
188 59 109
7 266 297
297 7 266
266 7 297
191 134 299
299 134 191
134 191 299
132 155 202
202 132 155
155 132 202
154 255 267
267 154 255
255 154 267
114 22 123
123 22 114
22 114 123
19 127 278
127 19 278
278 19 127
180 215 258
215 180 258
258 180 215
265 41 179
179 41 265
41 179 265
81 119 157
157 81 119
119 81 157
149 148 275
148 149 275
275 148 149
292 77 99
99 77 292
77 99 292
247 135 194
194 135 247
135 194 247
96 233 281
233 96 281
281 96 233
254 65 203
65 203 254
203 65 254
88 73 110
110 73 88
73 88 110
57 31 46
31 46 57
46 31 57
243 50 251
50 243 251
251 50 243
274 117 289
289 117 274
117 274 289
71 34 172
172 34 71
34 71 172
244 32 90
32 90 244
90 32 244
140 128 252
128 140 252
252 128 140
268 68 250
68 250 268
250 68 268
293 42 262
42 262 293
262 42 293
35 91 178
91 35 178
178 35 91
3 76 86
76 3 86
86 3 76
241 142 291
142 241 291
291 142 241
52 214 259
259 52 214
214 52 259
27 237 269
237 27 269
269 27 237
277 64 152
64 152 277
152 64 277
84 146 249
146 84 249
249 84 146
216 166 236
236 166 216
166 216 236
145 37 63
63 37 145
37 63 145
141 190 221
221 141 190
190 141 221
23 4 219
4 23 219
219 4 23
36 75 196
75 36 196
196 36 75
28 174 248
248 28 174
174 28 248
169 118 296
296 118 169
118 169 296
8 2 300
300 2 8
2 8 300
113 5 217
5 113 217
217 5 113
83 102 239
239 83 102
102 83 239
56 30 130
130 30 56
30 56 130
168 67 133
133 67 168
67 133 168
16 138 151
138 16 151
151 16 138
61 20 94
94 20 61
20 61 94
112 78 106
78 106 112
106 78 112
189 208 287
287 189 208
208 189 287
173 49 187
49 173 187
187 49 173
290 120 245
120 245 290
245 120 290
240 43 147
147 43 240
43 147 240
223 89 115
115 89 223
89 115 223
51 24 129
24 51 129
129 24 51
232 10 12
12 10 232
10 12 232
40 21 121
21 40 121
121 21 40
206 186 218
218 186 206
186 206 218
195 107 200
107 195 200
200 107 195
95 87 246
246 87 95
87 95 246
185 97 201
201 97 185
97 185 201
25 181 270
181 25 270
270 25 181
175 170 276
276 170 175
170 175 276
279 6 15
6 15 279
15 6 279
224 124 234
124 224 234
234 124 224
9 79 284
284 9 79
79 9 284
156 171 288
288 156 171
171 156 288
298 264 280
264 280 298
280 264 298
116 209 286
209 116 286
286 116 209
197 131 210
210 131 197
131 197 210
211 184 199
199 184 211
184 199 211
229 48 122
122 48 229
48 122 229
161 92 272
272 92 161
92 161 272
238 53 283
53 238 283
283 53 238
1 101 192
101 1 192
192 1 101
108 29 226
29 108 226
226 29 108
18 33 230
33 18 230
230 18 33
143 150 160
150 143 160
160 143 150
261 125 294
125 261 294
294 125 261
85 26 177
177 26 85
26 85 177
225 70 164
70 164 225
164 70 225
282 54 204
54 204 282
204 54 282
260 60 167
60 167 260
167 60 260
285 17 103
103 17 285
17 103 285
198 153 182
153 182 198
182 153 198
111 104 207
104 111 207
207 104 111
242 163 228
163 228 242
228 163 242
93 62 222
222 62 93
62 93 222
